17 0.8570143884892086 0.14942528735632185 0.048561151079136694 0.020114942528735632
17 0.16276978417266186 0.1882183908045977 0.048561151079136694 0.020114942528735632
19 0.09892086330935251 0.19540229885057472 0.050359712230215826 0.017241379310344827
17 0.8588129496402878 0.17672413793103448 0.044964028776978415 0.020114942528735632
12 0.23741007194244604 0.20833333333333334 0.07194244604316546 0.028735632183908046
1 0.10341726618705036 0.21767241379310345 0.044964028776978415 0.021551724137931036
4 0.9298561151079137 0.1853448275862069 0.0683453237410072 0.14655172413793102
9 0.7329136690647482 0.20761494252873564 0.13129496402877697 0.125
3 0.39298561151079137 0.23994252873563218 0.09172661870503597 0.0603448275862069
1 0.32643884892086333 0.2435344827586207 0.02697841726618705 0.035919540229885055
17 0.533273381294964 0.2442528735632184 0.044964028776978415 0.020114942528735632
17 0.46402877697841727 0.25 0.025179856115107913 0.03735632183908046
1 0.039568345323741004 0.27801724137931033 0.07913669064748201 0.10775862068965517
12 0.8678057553956835 0.2478448275862069 0.030575539568345324 0.05316091954022988
12 0.6160071942446043 0.2593390804597701 0.07014388489208633 0.027298850574712645
9 0.14838129496402877 0.2974137931034483 0.13129496402877697 0.13793103448275862
17 0.5404676258992805 0.2916666666666667 0.044964028776978415 0.020114942528735632
17 0.697841726618705 0.29022988505747127 0.046762589928057555 0.020114942528735632
1 0.4154676258992806 0.30962643678160917 0.12949640287769784 0.06465517241379311
9 0.6169064748201439 0.30028735632183906 0.09352517985611511 0.05172413793103448
1 0.25539568345323743 0.3168103448275862 0.07913669064748201 0.10201149425287356
18 0.8902877697841727 0.35201149425287354 0.11151079136690648 0.14942528735632185
13 0.7553956834532374 0.38362068965517243 0.1618705035971223 0.13218390804597702
6 0.17625899280575538 0.4109195402298851 0.050359712230215826 0.06321839080459771
1 0.02068345323741007 0.4396551724137931 0.02697841726618705 0.034482758620689655
9 0.07553956834532374 0.444683908045977 0.07553956834532374 0.08189655172413793
1 0.2652877697841727 0.4389367816091954 0.08453237410071943 0.10201149425287356
16 0.8264388489208633 0.47772988505747127 0.06294964028776978 0.041666666666666664
9 0.4973021582733813 0.4964080459770115 0.368705035971223 0.2974137931034483
6 0.19514388489208634 0.5186781609195402 0.08093525179856115 0.04597701149425287
1 0.08633093525179857 0.5244252873563219 0.12949640287769784 0.06609195402298851
19 0.02697841726618705 0.0668103448275862 0.0539568345323741 0.07902298850574713
1 0.7329136690647482 0.5222701149425287 0.09532374100719425 0.11063218390804598
1 0.2805755395683453 0.5452586206896551 0.025179856115107913 0.03879310344827586
1 0.1447841726618705 0.06609195402298851 0.12410071942446044 0.06321839080459771
1 0.3102517985611511 0.5632183908045977 0.019784172661870502 0.03735632183908046
9 0.9307553956834532 0.5438218390804598 0.06294964028776978 0.08189655172413793
9 0.8327338129496403 0.5495689655172413 0.06474820143884892 0.07902298850574713
9 0.24640287769784172 0.5941091954022989 0.0539568345323741 0.04454022988505747
17 0.8030575539568345 0.6192528735632183 0.044964028776978415 0.020114942528735632
9 0.07553956834532374 0.6681034482758621 0.09352517985611511 0.08620689655172414
1 0.4370503597122302 0.6551724137931034 0.04316546762589928 0.020114942528735632
17 0.8048561151079137 0.6429597701149425 0.048561151079136694 0.01867816091954023
1 0.47931654676258995 0.6709770114942529 0.023381294964028777 0.03735632183908046
17 0.6726618705035972 0.6645114942528736 0.03237410071942446 0.035919540229885055
17 0.8057553956834532 0.6673850574712644 0.046762589928057555 0.01867816091954023
1 0.3066546762589928 0.694683908045977 0.12410071942446044 0.06752873563218391
17 0.5566546762589928 0.6853448275862069 0.023381294964028777 0.03735632183908046
17 0.6160071942446043 0.6853448275862069 0.02697841726618705 0.03735632183908046
17 0.585431654676259 0.6860632183908046 0.02697841726618705 0.035919540229885055
6 0.43884892086330934 0.7047413793103449 0.050359712230215826 0.06465517241379311
17 0.8075539568345323 0.6910919540229885 0.046762589928057555 0.020114942528735632
13 0.15197841726618705 0.7399425287356322 0.044964028776978415 0.022988505747126436
17 0.8093525179856115 0.7133620689655172 0.046762589928057555 0.01867816091954023
13 0.7616906474820144 0.7349137931034483 0.048561151079136694 0.021551724137931036
9 0.6393884892086331 0.742816091954023 0.07733812949640288 0.06609195402298851
4 0.06025179856115108 0.7693965517241379 0.06294964028776978 0.09626436781609195
17 0.1528776978417266 0.7658045977011494 0.046762589928057555 0.020114942528735632
4 0.9280575539568345 0.7377873563218391 0.14388489208633093 0.257183908045977
13 0.15827338129496402 0.7887931034482759 0.0539568345323741 0.022988505747126436
1 0.64568345323741 0.7923850574712644 0.050359712230215826 0.027298850574712645
13 0.7913669064748201 0.8103448275862069 0.16546762589928057 0.13218390804597702
1 0.20233812949640287 0.8721264367816092 0.13129496402877697 0.06896551724137931
13 0.7616906474820144 0.8943965517241379 0.030575539568345324 0.041666666666666664
13 0.8615107913669064 0.8987068965517241 0.03237410071942446 0.041666666666666664
17 0.7634892086330936 0.1278735632183908 0.023381294964028777 0.040229885057471264