1 0.5816753926701571 0.49101796407185627 0.013612565445026177 0.017964071856287425
21 0.25026178010471206 0.4316367265469062 0.010471204188481676 0.03093812375249501
17 0.4612565445026178 0.4785429141716567 0.012565445026178011 0.014970059880239521
21 0.22303664921465968 0.4311377245508982 0.01780104712041885 0.021956087824351298
17 0.10052356020942409 0.4086826347305389 0.01780104712041885 0.020958083832335328
19 0.26099476439790575 0.4411177644710579 0.015183246073298429 0.029940119760479042
19 0.8096858638743456 0.5528942115768463 0.015183246073298429 0.029940119760479042
1 0.47041884816753926 0.4875249500998004 0.008900523560209424 0.03093812375249501
1 0.4492146596858639 0.48253493013972054 0.008376963350785341 0.03093812375249501
21 0.18403141361256545 0.4356287425149701 0.017277486910994764 0.020958083832335328
19 0.312303664921466 0.4630738522954092 0.01099476439790576 0.021956087824351298
17 0.45968586387434557 0.49201596806387227 0.013612565445026177 0.015968063872255488
21 0.20785340314136125 0.4431137724550898 0.016753926701570682 0.01996007984031936
21 0.23664921465968586 0.4481037924151697 0.015706806282722512 0.017964071856287425
1 0.4513089005235602 0.5034930139720559 0.014659685863874346 0.014970059880239521
12 0.0725130890052356 0.4281437125748503 0.041361256544502616 0.06786427145708583
1 0.37408376963350787 0.49001996007984033 0.016230366492146597 0.017964071856287425
9 0.693979057591623 0.5573852295409182 0.23926701570680628 0.45808383233532934
9 0.19633507853403143 0.4595808383233533 0.013612565445026177 0.0249500998003992
9 0.24712041884816754 0.47055888223552894 0.013612565445026177 0.0249500998003992
19 0.2955497382198953 0.48403193612774453 0.015183246073298429 0.029940119760479042
1 0.45654450261780105 0.5174650698602794 0.015706806282722512 0.016966067864271458
1 0.3738219895287958 0.5054890219560878 0.015706806282722512 0.016966067864271458
19 0.16832460732984295 0.46457085828343314 0.014136125654450262 0.02694610778443114
1 0.2696335078534031 0.48952095808383234 0.015706806282722512 0.016966067864271458
9 0.4117801047120419 0.5224550898203593 0.051832460732984295 0.10079840319361277
1 0.45 0.530439121756487 0.017277486910994764 0.016966067864271458
1 0.23455497382198953 0.48852295409181634 0.016753926701570682 0.018962075848303395
1 0.20654450261780105 0.48403193612774453 0.014136125654450262 0.017964071856287425
1 0.18298429319371728 0.4845309381237525 0.009947643979057591 0.03093812375249501
19 0.2787958115183246 0.5044910179640718 0.012041884816753926 0.022954091816367265
17 0.0968586387434555 0.469061876247505 0.016753926701570682 0.01996007984031936
21 0.16020942408376965 0.48502994011976047 0.014659685863874346 0.015968063872255488
19 0.312303664921466 0.5169660678642715 0.015183246073298429 0.029940119760479042
21 0.19293193717277488 0.49800399201596807 0.009947643979057591 0.031936127744510975
21 0.24554973821989529 0.5089820359281437 0.009424083769633508 0.031936127744510975
21 0.268848167539267 0.5149700598802395 0.015183246073298429 0.01996007984031936
21 0.3007853403141361 0.5214570858283433 0.01099476439790576 0.03293413173652695
21 0.3730366492146597 0.5374251497005988 0.017277486910994764 0.018962075848303395
19 0.4544502617801047 0.5538922155688623 0.013612565445026177 0.02594810379241517
4 0.8573298429319371 0.6357285429141717 0.08010471204188482 0.40718562874251496
19 0.48769633507853405 0.5643712574850299 0.013089005235602094 0.02694610778443114
4 0.512041884816754 0.5688622754491018 0.05863874345549738 0.3992015968063872
21 0.15916230366492146 0.5034930139720559 0.016753926701570682 0.016966067864271458
19 0.18141361256544503 0.5094810379241517 0.012041884816753926 0.022954091816367265
12 0.06858638743455497 0.4880239520958084 0.040837696335078534 0.06387225548902195
19 0.25418848167539265 0.5299401197604791 0.015183246073298429 0.031936127744510975
9 0.28089005235602094 0.5369261477045908 0.014136125654450262 0.02594810379241517
1 0.7942408376963351 0.6417165668662674 0.015706806282722512 0.033932135728542916
21 0.4442408376963351 0.5723552894211577 0.009947643979057591 0.03293413173652695
4 0.9387434554973823 0.6741516966067864 0.11413612565445026 0.15868263473053892
21 0.15523560209424084 0.5184630738522954 0.017277486910994764 0.018962075848303395
19 0.3725130890052356 0.5643712574850299 0.013089005235602094 0.02694610778443114
19 0.8696335078534031 0.08932135728542914 0.024083769633507852 0.038922155688622756
1 0.5861256544502618 0.6077844311377245 0.014136125654450262 0.027944111776447105
19 0.1693717277486911 0.532435129740519 0.013089005235602094 0.0249500998003992
9 0.19607329842931936 0.5394211576846307 0.020418848167539267 0.03093812375249501
1 0.7824607329842932 0.659181636726547 0.01832460732984293 0.03493013972055888
19 0.13664921465968585 0.529441117764471 0.013612565445026177 0.02694610778443114
19 0.1544502617801047 0.5364271457085829 0.013612565445026177 0.02694610778443114
21 0.4214659685863874 0.590818363273453 0.014659685863874346 0.015968063872255488
19 0.3798429319371728 0.5823353293413174 0.014136125654450262 0.03093812375249501
21 0.40078534031413615 0.5878243512974052 0.014136125654450262 0.017964071856287425
17 0.09345549738219895 0.530439121756487 0.016230366492146597 0.018962075848303395
21 0.41047120418848165 0.595309381237525 0.007329842931937173 0.028942115768463075
21 0.21858638743455497 0.5568862275449101 0.009947643979057591 0.029940119760479042
21 0.38952879581151834 0.5923153692614771 0.008376963350785341 0.03293413173652695
19 0.34397905759162306 0.5858283433133733 0.011518324607329843 0.021956087824351298
19 0.20732984293193718 0.5593812375249501 0.011518324607329843 0.020958083832335328
17 0.1667539267015707 0.5563872255489022 0.016230366492146597 0.018962075848303395
21 0.14528795811518325 0.5528942115768463 0.016230366492146597 0.015968063872255488
19 0.3091623036649215 0.5873253493013972 0.015183246073298429 0.028942115768463075
19 0.32801047120418847 0.5913173652694611 0.014136125654450262 0.02694610778443114
1 0.4243455497382199 0.6117764471057884 0.006806282722513089 0.023952095808383235
21 0.3960732984293194 0.6057884231536926 0.007853403141361256 0.027944111776447105
21 0.40235602094240835 0.6077844311377245 0.007853403141361256 0.027944111776447105
1 0.4175392670157068 0.6112774451097804 0.006806282722513089 0.0249500998003992
1 0.7667539267015707 0.6831337325349301 0.01832460732984293 0.03493013972055888
12 0.06649214659685863 0.5464071856287425 0.039790575916230364 0.06686626746506986
1 0.24659685863874345 0.5863273453093812 0.010471204188481676 0.03293413173652695
19 0.218848167539267 0.5838323353293413 0.016753926701570682 0.029940119760479042
21 0.18638743455497384 0.5793413173652695 0.010471204188481676 0.03293413173652695
1 0.20680628272251309 0.5828343313373253 0.008376963350785341 0.029940119760479042
17 0.27591623036649215 0.5988023952095808 0.015706806282722512 0.017964071856287425
21 0.30392670157068064 0.6062874251497006 0.017277486910994764 0.020958083832335328
13 0.3994764397905759 0.627744510978044 0.015706806282722512 0.015968063872255488
13 0.4193717277486911 0.6317365269461078 0.014659685863874346 0.015968063872255488
1 0.756282722513089 0.6996007984031936 0.016230366492146597 0.031936127744510975
19 0.1955497382198953 0.5883233532934131 0.013089005235602094 0.0249500998003992
19 0.5795811518324607 0.6666666666666666 0.014659685863874346 0.027944111776447105
17 0.7963350785340314 0.7110778443113772 0.01780104712041885 0.020958083832335328
20 0.1531413612565445 0.5863273453093812 0.026701570680628273 0.046906187624750496
21 0.31884816753926704 0.6207584830339321 0.009424083769633508 0.031936127744510975
13 0.5586387434554974 0.6716566866267465 0.016753926701570682 0.021956087824351298
21 0.28272251308900526 0.6157684630738522 0.014659685863874346 0.015968063872255488
21 0.26675392670157066 0.6142714570858283 0.016230366492146597 0.016966067864271458
19 0.343717277486911 0.6302395209580839 0.014136125654450262 0.02694610778443114
21 0.3264397905759162 0.6282435129740519 0.008900523560209424 0.03093812375249501
1 0.3544502617801047 0.6337325349301397 0.009424083769633508 0.029940119760479042
19 0.20052356020942408 0.6067864271457086 0.012565445026178011 0.021956087824351298
19 0.437434554973822 0.6551896207584831 0.015183246073298429 0.028942115768463075
1 0.6230366492146597 0.6921157684630739 0.015706806282722512 0.028942115768463075
21 0.17225130890052356 0.6032934131736527 0.015706806282722512 0.018962075848303395
21 0.3973821989528796 0.6487025948103793 0.011518324607329843 0.027944111776447105
21 0.41832460732984295 0.6521956087824351 0.012565445026178011 0.028942115768463075
19 0.23481675392670157 0.6167664670658682 0.013089005235602094 0.02594810379241517
19 0.7452879581151832 0.7200598802395209 0.015183246073298429 0.028942115768463075
19 0.21963350785340313 0.6157684630738522 0.015183246073298429 0.031936127744510975
21 0.1405759162303665 0.6022954091816367 0.015183246073298429 0.016966067864271458
1 0.7719895287958115 0.7280439121756487 0.014136125654450262 0.016966067864271458
21 0.3335078534031414 0.6407185628742516 0.009424083769633508 0.031936127744510975
21 0.2926701570680628 0.6367265469061876 0.007329842931937173 0.02594810379241517
17 0.30732984293193716 0.6387225548902196 0.009424083769633508 0.031936127744510975
1 0.2994764397905759 0.6377245508982036 0.008376963350785341 0.031936127744510975
19 0.5403141361256545 0.688622754491018 0.014659685863874346 0.027944111776447105
19 0.3806282722513089 0.658183632734531 0.013612565445026177 0.02694610778443114
17 0.2693717277486911 0.6372255489021956 0.008900523560209424 0.02694610778443114
17 0.2856020942408377 0.6407185628742516 0.008900523560209424 0.031936127744510975
21 0.2774869109947644 0.6397205588822356 0.008376963350785341 0.029940119760479042
1 0.17539267015706805 0.6227544910179641 0.014659685863874346 0.015968063872255488
21 0.15759162303664923 0.6207584830339321 0.02198952879581152 0.023952095808383235
21 0.1405759162303665 0.6177644710578842 0.016230366492146597 0.017964071856287425
19 0.3426701570680628 0.6626746506986028 0.015183246073298429 0.029940119760479042
19 0.31963350785340316 0.6576846307385229 0.014136125654450262 0.02594810379241517
21 0.2081151832460733 0.6352295409181636 0.017277486910994764 0.020958083832335328
19 0.43115183246073296 0.6816367265469062 0.012041884816753926 0.01996007984031936
21 0.7887434554973822 0.7544910179640718 0.05602094240837696 0.03992015968063872
21 0.4039267015706806 0.6811377245508982 0.009947643979057591 0.03293413173652695
21 0.2591623036649215 0.6511976047904192 0.009424083769633508 0.03093812375249501
9 0.19005235602094242 0.6402195608782435 0.014659685863874346 0.036926147704590816
13 0.5429319371727749 0.7115768463073853 0.015706806282722512 0.017964071856287425
19 0.36544502617801045 0.6771457085828343 0.011518324607329843 0.0249500998003992
19 0.6455497382198953 0.7345309381237525 0.014659685863874346 0.027944111776447105
21 0.32931937172774867 0.6771457085828343 0.015706806282722512 0.016966067864271458
21 0.393717277486911 0.6901197604790419 0.010471204188481676 0.03293413173652695
19 0.21910994764397906 0.658183632734531 0.016230366492146597 0.03093812375249501
17 0.624607329842932 0.7415169660678643 0.014659685863874346 0.01996007984031936
1 0.7615183246073298 0.7694610778443114 0.016230366492146597 0.017964071856287425
9 0.15471204188481674 0.6477045908183633 0.022513089005235604 0.03592814371257485
21 0.43795811518324607 0.7070858283433133 0.01099476439790576 0.03293413173652695
21 0.3599476439790576 0.6931137724550899 0.017277486910994764 0.018962075848303395
13 0.5301047120418848 0.7280439121756487 0.009947643979057591 0.028942115768463075
19 0.5732984293193717 0.7380239520958084 0.014659685863874346 0.028942115768463075
1 0.712303664921466 0.7654690618762475 0.01832460732984293 0.03592814371257485
19 0.25418848167539265 0.6751497005988024 0.014136125654450262 0.022954091816367265
1 0.2018324607329843 0.6661676646706587 0.017277486910994764 0.018962075848303395
1 0.6513089005235602 0.7579840319361277 0.012565445026178011 0.02694610778443114
21 0.1319371727748691 0.654690618762475 0.015706806282722512 0.017964071856287425
9 0.40890052356020945 0.7110778443113772 0.014659685863874346 0.02694610778443114
1 0.34790575916230365 0.6991017964071856 0.008900523560209424 0.028942115768463075
17 0.5387434554973822 0.7385229540918163 0.009424083769633508 0.027944111776447105
1 0.17827225130890054 0.6686626746506986 0.009947643979057591 0.031936127744510975
21 0.4256544502617801 0.718562874251497 0.010471204188481676 0.033932135728542916
17 0.6235602094240837 0.7574850299401198 0.015706806282722512 0.017964071856287425
21 0.3324607329842932 0.7035928143712575 0.011518324607329843 0.03992015968063872
19 0.5575916230366492 0.749001996007984 0.014659685863874346 0.028942115768463075
1 0.36282722513089005 0.7095808383233533 0.014659685863874346 0.017964071856287425
1 0.14424083769633508 0.6736526946107785 0.008900523560209424 0.027944111776447105
19 0.2531413612565445 0.6976047904191617 0.015183246073298429 0.027944111776447105
9 0.2905759162303665 0.7090818363273453 0.05130890052356021 0.10079840319361277
17 0.5290575916230367 0.7569860279441117 0.009947643979057591 0.03293413173652695
19 0.16910994764397905 0.6866267465069861 0.011518324607329843 0.021956087824351298
9 0.20052356020942408 0.6951097804391217 0.025130890052356022 0.038922155688622756
19 0.8023560209424084 0.8153692614770459 0.015183246073298429 0.027944111776447105
9 0.37460732984293194 0.7300399201596807 0.013089005235602094 0.02694610778443114
17 0.5698952879581152 0.7699600798403193 0.016230366492146597 0.020958083832335328
21 0.13115183246073298 0.6826347305389222 0.016230366492146597 0.01996007984031936
21 0.3227748691099476 0.7215568862275449 0.007853403141361256 0.023952095808383235
19 0.7136125654450262 0.8008982035928144 0.015706806282722512 0.028942115768463075
1 0.5413612565445026 0.7659680638722555 0.009424083769633508 0.028942115768463075
21 0.34528795811518326 0.7290419161676647 0.0193717277486911 0.022954091816367265
4 0.6413612565445026 0.7894211576846307 0.1099476439790576 0.059880239520958084
9 0.7596858638743456 0.8188622754491018 0.07225130890052356 0.09281437125748503
17 0.4963350785340314 0.7669660678642715 0.01780104712041885 0.014970059880239521
19 0.2547120418848168 0.7215568862275449 0.016230366492146597 0.027944111776447105
9 0.15287958115183245 0.7010978043912176 0.014659685863874346 0.038922155688622756
21 0.3869109947643979 0.7495009980039921 0.016753926701570682 0.01996007984031936
19 0.4049738219895288 0.7529940119760479 0.012041884816753926 0.022954091816367265
19 0.42198952879581153 0.7594810379241517 0.014659685863874346 0.027944111776447105
21 0.3607329842931937 0.7475049900199601 0.016753926701570682 0.017964071856287425
21 0.3308900523560209 0.7430139720558883 0.011518324607329843 0.038922155688622756
19 0.31884816753926704 0.7450099800399201 0.013612565445026177 0.0249500998003992
17 0.5028795811518325 0.781437125748503 0.016230366492146597 0.017964071856287425
1 0.16910994764397905 0.7180638722554891 0.013612565445026177 0.016966067864271458
21 0.48219895287958114 0.7829341317365269 0.014659685863874346 0.016966067864271458
1 0.555759162303665 0.7984031936127745 0.009947643979057591 0.031936127744510975
1 0.7075916230366492 0.8298403193612774 0.017277486910994764 0.020958083832335328
21 0.181151832460733 0.7310379241516967 0.012565445026178011 0.04091816367265469
19 0.2599476439790576 0.7485029940119761 0.014136125654450262 0.02594810379241517
1 0.1382198952879581 0.7235528942115769 0.015706806282722512 0.017964071856287425
4 0.050523560209424084 0.7055888223552894 0.10104712041884817 0.1497005988023952
17 0.5727748691099477 0.812375249500998 0.016753926701570682 0.01996007984031936
21 0.4945026178010471 0.7989021956087824 0.016230366492146597 0.016966067864271458
19 0.2369109947643979 0.748003992015968 0.012041884816753926 0.020958083832335328
19 0.3738219895287958 0.7749500998003992 0.014659685863874346 0.028942115768463075
19 0.4329842931937173 0.7889221556886228 0.012565445026178011 0.022954091816367265
19 0.3149214659685864 0.7649700598802395 0.013089005235602094 0.02694610778443114
21 0.10287958115183246 0.7235528942115769 0.01099476439790576 0.033932135728542916
21 0.3335078534031414 0.7719560878243513 0.015706806282722512 0.020958083832335328
21 0.16780104712041885 0.7400199600798403 0.015183246073298429 0.018962075848303395
19 0.3581151832460733 0.7774451097804391 0.014659685863874346 0.027944111776447105
21 0.12460732984293194 0.7325349301397206 0.012565445026178011 0.043912175648702596
19 0.2481675392670157 0.7589820359281437 0.013612565445026177 0.02694610778443114
21 0.30340314136125657 0.7724550898203593 0.015183246073298429 0.017964071856287425
17 0.5591623036649215 0.8238522954091816 0.016753926701570682 0.022954091816367265
21 0.14973821989528796 0.7420159680638723 0.009424083769633508 0.03093812375249501
1 0.4887434554973822 0.813872255489022 0.014136125654450262 0.016966067864271458
9 0.5264397905759163 0.8248502994011976 0.042408376963350786 0.07884231536926148
21 0.2900523560209424 0.779441117764471 0.008376963350785341 0.029940119760479042
21 0.27486910994764396 0.7764471057884231 0.008376963350785341 0.029940119760479042
1 0.2675392670157068 0.7754491017964071 0.008376963350785341 0.029940119760479042
1 0.28219895287958113 0.7789421157684631 0.008376963350785341 0.03093812375249501
19 0.4039267015706806 0.8048902195608783 0.015183246073298429 0.03093812375249501
1 0.17460732984293192 0.7589820359281437 0.015183246073298429 0.018962075848303395
4 0.9157068062827225 0.9111776447105788 0.13403141361256546 0.15568862275449102
1 0.31780104712041884 0.7934131736526946 0.013612565445026177 0.015968063872255488
21 0.481413612565445 0.8313373253493014 0.008900523560209424 0.027944111776447105
21 0.38089005235602097 0.81187624750499 0.009947643979057591 0.03493013972055888
21 0.33717277486910996 0.8038922155688623 0.010471204188481676 0.03293413173652695
21 0.3023560209424084 0.7974051896207585 0.016230366492146597 0.033932135728542916
20 0.13272251308900523 0.7664670658682635 0.02356020942408377 0.04790419161676647
19 0.15759162303664923 0.7724550898203593 0.014659685863874346 0.027944111776447105
1 0.3162303664921466 0.8108782435129741 0.013612565445026177 0.014970059880239521
19 0.5649214659685864 0.8602794411177644 0.014659685863874346 0.027944111776447105
17 0.5539267015706806 0.8587824351297405 0.010471204188481676 0.03293413173652695
17 0.5759162303664922 0.8642714570858283 0.009424083769633508 0.027944111776447105
19 0.3649214659685864 0.8233532934131736 0.011518324607329843 0.01996007984031936
21 0.35157068062827224 0.8223552894211577 0.015183246073298429 0.017964071856287425
1 0.4945026178010471 0.8522954091816367 0.009947643979057591 0.031936127744510975
20 0.17617801047120418 0.7899201596806387 0.02356020942408377 0.04291417165668663
4 0.7104712041884816 0.8997005988023952 0.2607329842931937 0.14870259481037923
1 0.4701570680628272 0.8542914171656687 0.010471204188481676 0.031936127744510975
19 0.34109947643979055 0.8313373253493014 0.01099476439790576 0.021956087824351298
21 0.47958115183246075 0.8602794411177644 0.009424083769633508 0.027944111776447105
9 0.3274869109947644 0.8308383233532934 0.014136125654450262 0.022954091816367265
21 0.306282722513089 0.8268463073852296 0.016753926701570682 0.018962075848303395
19 0.15837696335078533 0.7999001996007984 0.015183246073298429 0.028942115768463075
13 0.5727748691099477 0.8862275449101796 0.016753926701570682 0.01996007984031936
17 0.13167539267015707 0.7979041916167665 0.017277486910994764 0.020958083832335328
1 0.14424083769633508 0.8018962075848304 0.009947643979057591 0.03093812375249501
19 0.3531413612565445 0.844311377245509 0.015183246073298429 0.027944111776447105
9 0.37198952879581154 0.8478043912175649 0.014136125654450262 0.0249500998003992
17 0.5267015706806283 0.8917165668662674 0.016753926701570682 0.020958083832335328
13 0.48795811518324606 0.8857285429141717 0.009424083769633508 0.03093812375249501
1 0.18089005235602093 0.8283433133732535 0.008900523560209424 0.031936127744510975
21 0.38141361256544504 0.8712574850299402 0.015183246073298429 0.017964071856287425
9 0.5031413612565445 0.8977045908183633 0.020942408376963352 0.05289421157684631
21 0.34895287958115184 0.8687624750499002 0.016230366492146597 0.020958083832335328
19 0.36151832460732986 0.8717564870259481 0.009947643979057591 0.020958083832335328
17 0.16335078534031414 0.8338323353293413 0.015706806282722512 0.018962075848303395
19 0.5397905759162304 0.9111776447105788 0.013612565445026177 0.027944111776447105
17 0.55 0.9136726546906188 0.009947643979057591 0.03293413173652695
13 0.5201570680628272 0.9161676646706587 0.016230366492146597 0.01996007984031936
19 0.40549738219895287 0.035429141716566866 0.014136125654450262 0.02694610778443114
1 0.5895287958115183 0.07934131736526946 0.010471204188481676 0.03293413173652695
19 0.36596858638743457 0.041916167664670656 0.016753926701570682 0.029940119760479042
1 0.3892670157068063 0.046906187624750496 0.007853403141361256 0.031936127744510975
4 0.30261780104712044 0.03592814371257485 0.05968586387434555 0.0718562874251497
1 0.8573298429319371 0.14221556886227546 0.026701570680628273 0.03093812375249501
4 0.7133507853403142 0.11327345309381237 0.18167539267015706 0.10678642714570859
1 0.381151832460733 0.04790419161676647 0.008376963350785341 0.029940119760479042
19 0.5102094240837697 0.08832335329341318 0.013089005235602094 0.0249500998003992
21 0.8277486910994765 0.156187624750499 0.03769633507853403 0.0688622754491018
17 0.8827225130890053 0.17165668662674652 0.015706806282722512 0.017964071856287425
1 0.49345549738219896 0.0968063872255489 0.008900523560209424 0.029940119760479042
1 0.856544502617801 0.17265469061876249 0.025130890052356022 0.031936127744510975
1 0.3575916230366492 0.0718562874251497 0.009424083769633508 0.027944111776447105
17 0.9073298429319372 0.18363273453093812 0.010471204188481676 0.033932135728542916
19 0.34554973821989526 0.0718562874251497 0.014659685863874346 0.027944111776447105
17 0.881413612565445 0.18712574850299402 0.016230366492146597 0.018962075848303395
19 0.468848167539267 0.10578842315369262 0.015183246073298429 0.031936127744510975
1 0.35287958115183243 0.0968063872255489 0.015706806282722512 0.017964071856287425
0 0.09162303664921466 0.053393213572854294 0.07643979057591622 0.10678642714570859
17 0.1518324607329843 0.0593812375249501 0.010471204188481676 0.03293413173652695
19 0.46910994764397906 0.13273453093812376 0.013612565445026177 0.02594810379241517
1 0.6384816753926702 0.16966067864271456 0.017277486910994764 0.01996007984031936
17 0.8099476439790576 0.20508982035928144 0.016753926701570682 0.018962075848303395
9 0.8526178010471204 0.21407185628742514 0.029842931937172777 0.054890219560878244
1 0.875392670157068 0.21906187624750498 0.010471204188481676 0.03293413173652695
17 0.1581151832460733 0.07584830339321358 0.009424083769633508 0.031936127744510975
1 0.43586387434554974 0.1317365269461078 0.015183246073298429 0.017964071856287425
1 0.8876963350785341 0.22405189620758484 0.017277486910994764 0.05289421157684631
1 0.34659685863874345 0.11626746506986028 0.015706806282722512 0.016966067864271458
9 0.3950261780104712 0.1277445109780439 0.0612565445026178 0.1157684630738523
4 0.7801047120418848 0.21057884231536927 0.039790575916230364 0.04790419161676647
4 0.6910994764397905 0.19311377245508982 0.039790575916230364 0.046906187624750496
1 0.43481675392670155 0.1467065868263473 0.016230366492146597 0.017964071856287425
1 0.3460732984293194 0.13073852295409183 0.01780104712041885 0.017964071856287425
19 0.4513089005235602 0.16766467065868262 0.015706806282722512 0.029940119760479042
19 0.6615183246073298 0.2125748502994012 0.014136125654450262 0.02594810379241517
17 0.6486910994764398 0.21057884231536927 0.013612565445026177 0.017964071856287425
1 0.8513089005235602 0.25898203592814373 0.025130890052356022 0.03293413173652695
1 0.3463350785340314 0.15868263473053892 0.017277486910994764 0.021956087824351298
19 0.6950261780104712 0.22954091816367264 0.014136125654450262 0.02594810379241517
13 0.9034031413612565 0.2714570858283433 0.028795811518324606 0.031936127744510975
21 0.8219895287958116 0.2564870259481038 0.03769633507853403 0.0658682634730539
17 0.8769633507853403 0.2684630738522954 0.014659685863874346 0.015968063872255488
17 0.6476439790575916 0.2245508982035928 0.014659685863874346 0.013972055888223553
17 0.11465968586387434 0.12924151696606787 0.015706806282722512 0.016966067864271458
17 0.8764397905759163 0.282435129740519 0.014659685863874346 0.015968063872255488
17 0.6465968586387435 0.2375249500998004 0.015706806282722512 0.015968063872255488
17 0.7604712041884817 0.26047904191616766 0.017277486910994764 0.01996007984031936
9 0.5534031413612566 0.22055888223552894 0.12356020942408377 0.23552894211576847
4 0.7287958115183246 0.25748502994011974 0.030366492146596858 0.09580838323353294
1 0.4701570680628272 0.20658682634730538 0.016753926701570682 0.01996007984031936
1 0.8484293193717277 0.2874251497005988 0.026701570680628273 0.029940119760479042
21 0.875392670157068 0.2954091816367265 0.01780104712041885 0.01996007984031936
12 0.08795811518324607 0.1372255489021956 0.03769633507853403 0.07085828343313373
17 0.6460732984293194 0.25199600798403193 0.015706806282722512 0.014970059880239521
13 0.9007853403141362 0.30389221556886226 0.028795811518324606 0.03293413173652695
1 0.6277486910994764 0.25149700598802394 0.010471204188481676 0.033932135728542916
1 0.3657068062827225 0.20459081836327345 0.007853403141361256 0.027944111776447105
21 0.34450261780104713 0.2000998003992016 0.008376963350785341 0.028942115768463075
21 0.3589005235602094 0.2025948103792415 0.008900523560209424 0.031936127744510975
21 0.35235602094240837 0.2025948103792415 0.008376963350785341 0.031936127744510975
1 0.37356020942408374 0.20708582834331338 0.007853403141361256 0.03093812375249501
1 0.41413612565445024 0.2150698602794411 0.009424083769633508 0.03293413173652695
1 0.3934554973821989 0.21107784431137724 0.008900523560209424 0.03093812375249501
1 0.38534031413612563 0.21007984031936128 0.008376963350785341 0.03093812375249501
1 0.40654450261780106 0.21457085828343314 0.009947643979057591 0.031936127744510975
17 0.6452879581151832 0.26447105788423153 0.016230366492146597 0.015968063872255488
4 0.6774869109947644 0.27345309381237526 0.024083769633507852 0.07584830339321358
17 0.7808900523560209 0.2999001996007984 0.016230366492146597 0.018962075848303395
20 0.26570680628272253 0.1996007984031936 0.02356020942408377 0.04590818363273453
19 0.450261780104712 0.23652694610778444 0.015706806282722512 0.031936127744510975
17 0.6447643979057591 0.27694610778443113 0.016230366492146597 0.014970059880239521
17 0.7541884816753927 0.3023952095808383 0.009947643979057591 0.031936127744510975
1 0.2424083769633508 0.1996007984031936 0.010471204188481676 0.031936127744510975
19 0.768848167539267 0.3093812375249501 0.015183246073298429 0.029940119760479042
19 0.6581151832460733 0.2944111776447106 0.014659685863874346 0.027944111776447105
17 0.643717277486911 0.29141716566866266 0.016230366492146597 0.015968063872255488
17 0.7452879581151832 0.3153692614770459 0.008900523560209424 0.029940119760479042
20 0.824607329842932 0.33582834331337325 0.023036649214659685 0.04491017964071856
17 0.7795811518324607 0.32884231536926145 0.016753926701570682 0.018962075848303395
17 0.3112565445026178 0.2375249500998004 0.008900523560209424 0.027944111776447105
17 0.34109947643979055 0.24500998003992017 0.009947643979057591 0.03093812375249501
17 0.31989528795811517 0.24001996007984033 0.009424083769633508 0.03093812375249501
1 0.8554973821989529 0.3473053892215569 0.028272251308900525 0.033932135728542916
17 0.33141361256544505 0.2435129740518962 0.010471204188481676 0.031936127744510975
13 0.36727748691099477 0.25149700598802394 0.009947643979057591 0.031936127744510975
13 0.37670157068062826 0.25349301397205587 0.008900523560209424 0.027944111776447105
13 0.39790575916230364 0.25798403193612773 0.009424083769633508 0.03093812375249501
13 0.38848167539267014 0.25848303393213573 0.009424083769633508 0.031936127744510975
19 0.6387434554973822 0.3083832335329341 0.014659685863874346 0.027944111776447105
21 0.2554973821989529 0.2345309381237525 0.02931937172774869 0.033932135728542916
17 0.7782722513089005 0.34530938123752497 0.016230366492146597 0.017964071856287425
19 0.6541884816753927 0.32285429141716565 0.014136125654450262 0.02694610778443114
1 0.7143979057591623 0.33682634730538924 0.015183246073298429 0.028942115768463075
19 0.7484293193717277 0.344311377245509 0.014136125654450262 0.02594810379241517
17 0.680890052356021 0.3318363273453094 0.016230366492146597 0.018962075848303395
13 0.3138743455497382 0.25948103792415167 0.017277486910994764 0.017964071856287425
13 0.3356020942408377 0.26397205588822353 0.016753926701570682 0.014970059880239521
19 0.44345549738219897 0.28592814371257486 0.013612565445026177 0.02694610778443114
17 0.6376963350785341 0.3273453093812375 0.015706806282722512 0.017964071856287425
13 0.3704188481675393 0.2744510978043912 0.016230366492146597 0.015968063872255488
13 0.3918848167539267 0.27844311377245506 0.017277486910994764 0.015968063872255488
4 0.9086387434554973 0.3847305389221557 0.060209424083769635 0.12075848303393213
17 0.1424083769633508 0.23053892215568864 0.010471204188481676 0.031936127744510975
0 0.08167539267015707 0.22105788423153694 0.0743455497382199 0.11477045908183632
17 0.8170157068062828 0.3712574850299401 0.014136125654450262 0.015968063872255488
1 0.2769633507853403 0.26397205588822353 0.016753926701570682 0.05289421157684631
9 0.8471204188481676 0.3837325349301397 0.023036649214659685 0.03293413173652695
17 0.7819371727748691 0.3722554890219561 0.01832460732984293 0.021956087824351298
17 0.6369109947643979 0.343812375249501 0.016230366492146597 0.018962075848303395
17 0.3298429319371728 0.2839321357285429 0.009424083769633508 0.03093812375249501
17 0.14973821989528796 0.2470059880239521 0.009424083769633508 0.03293413173652695
17 0.3078534031413613 0.27944111776447106 0.010471204188481676 0.029940119760479042
17 0.3387434554973822 0.28493013972055886 0.009424083769633508 0.03293413173652695
17 0.3172774869109948 0.2834331337325349 0.009424083769633508 0.029940119760479042
19 0.7465968586387435 0.36976047904191617 0.014659685863874346 0.02694610778443114
17 0.3643979057591623 0.2934131736526946 0.009424083769633508 0.027944111776447105
17 0.3955497382198953 0.2999001996007984 0.009947643979057591 0.028942115768463075
1 0.6651832460732985 0.3537924151696607 0.017277486910994764 0.03293413173652695
17 0.3743455497382199 0.2959081836327345 0.009424083769633508 0.028942115768463075
17 0.8162303664921466 0.3852295409181637 0.013612565445026177 0.015968063872255488
17 0.3863874345549738 0.29890219560878245 0.009424083769633508 0.03093812375249501
17 0.6358638743455497 0.36077844311377244 0.016230366492146597 0.016966067864271458
19 0.5945026178010471 0.35528942115768464 0.013089005235602094 0.023952095808383235
1 0.4895287958115183 0.3378243512974052 0.01780104712041885 0.020958083832335328
4 0.25418848167539265 0.29141716566866266 0.022513089005235604 0.07584830339321358
17 0.6348167539267016 0.37674650698602796 0.016230366492146597 0.018962075848303395
1 0.756544502617801 0.40169660678642716 0.014659685863874346 0.02694610778443114
1 0.8507853403141361 0.4226546906187625 0.027225130890052355 0.028942115768463075
1 0.5290575916230367 0.36377245508982037 0.015183246073298429 0.018962075848303395
19 0.6112565445026178 0.38223552894211577 0.014136125654450262 0.027944111776447105
17 0.5973821989528796 0.38173652694610777 0.011518324607329843 0.03493013972055888
17 0.5801047120418849 0.37924151696606784 0.007329842931937173 0.029940119760479042
17 0.5657068062827225 0.37574850299401197 0.008900523560209424 0.03293413173652695
17 0.7615183246073298 0.4151696606786427 0.012041884816753926 0.01996007984031936
19 0.6463350785340314 0.3932135728542914 0.015183246073298429 0.029940119760479042
17 0.5445026178010471 0.3727544910179641 0.008376963350785341 0.03093812375249501
17 0.5589005235602095 0.37574850299401197 0.007853403141361256 0.02694610778443114
17 0.5871727748691099 0.38073852295409183 0.008900523560209424 0.03093812375249501
17 0.5523560209424084 0.37375249500998003 0.008376963350785341 0.03093812375249501
17 0.5732984293193717 0.37924151696606784 0.008376963350785341 0.029940119760479042
19 0.8240837696335078 0.4341317365269461 0.014659685863874346 0.027944111776447105
19 0.3869109947643979 0.34930139720558884 0.22722513089005236 0.4311377245508982
4 0.34293193717277487 0.34181636726546905 0.16230366492146597 0.10678642714570859
19 0.7916230366492146 0.43313373253493015 0.014659685863874346 0.027944111776447105
17 0.10575916230366492 0.2969061876247505 0.016753926701570682 0.020958083832335328
19 0.4573298429319372 0.36826347305389223 0.022513089005235604 0.06387225548902195
19 0.1319371727748691 0.3068862275449102 0.014659685863874346 0.03093812375249501
17 0.6293193717277487 0.41317365269461076 0.011518324607329843 0.021956087824351298
1 0.7740837696335079 0.4441117764471058 0.014136125654450262 0.023952095808383235
12 0.07827225130890052 0.30489021956087825 0.042408376963350786 0.06686626746506986
17 0.6238219895287959 0.42065868263473055 0.01099476439790576 0.022954091816367265
17 0.8227748691099477 0.46107784431137727 0.009947643979057591 0.027944111776447105
1 0.6170157068062827 0.4291417165668663 0.013089005235602094 0.02594810379241517
4 0.9015706806282723 0.4870259481037924 0.018848167539267015 0.07784431137724551
9 0.7955497382198953 0.47305389221556887 0.028795811518324606 0.05389221556886228
4 0.5719895287958116 0.437624750499002 0.04031413612565445 0.046906187624750496
17 0.10340314136125654 0.34830339321357284 0.016230366492146597 0.01996007984031936
19 0.5986910994764398 0.4481037924151697 0.015183246073298429 0.027944111776447105
12 0.07643979057591622 0.36676646706586824 0.040837696335078534 0.06686626746506986
19 0.5759162303664922 0.47105788423153694 0.014659685863874346 0.027944111776447105
21 0.4243455497382199 0.45109780439121755 0.009947643979057591 0.031936127744510975
1 0.43219895287958116 0.45259481037924154 0.007853403141361256 0.03093812375249501
1 0.43926701570680626 0.4540918163672655 0.008376963350785341 0.031936127744510975
1 0.8028795811518324 0.5299401197604791 0.015183246073298429 0.029940119760479042