2 0.5809732234809475 0.49069539666993145 0.012615859938208032 0.014691478942213516
21 0.2700823892893924 0.4970617042115573 0.008753861997940269 0.02742409402546523
16 0.4687178166838311 0.5012242899118511 0.011585993820803296 0.012242899118511263
21 0.2449794026776519 0.5012242899118511 0.015705458290422244 0.01811949069539667
16 0.1300205973223481 0.5039177277179236 0.01596292481977343 0.01762977473065622
19 0.2807672502574665 0.5041625857002938 0.013130792996910402 0.02595494613124388
19 0.7957003089598352 0.5058765915768854 0.013130792996910402 0.025465230166503428
2 0.47747167868177137 0.5073457394711067 0.006951596292481977 0.02840352595494613
2 0.4575180226570546 0.507590597453477 0.006694129763130793 0.02791380999020568
21 0.20944902162718845 0.5127326150832517 0.015190525231719876 0.01762977473065622
19 0.3294284243048404 0.5144466209598433 0.00952626158599382 0.01909892262487757
16 0.46768795056642637 0.5144466209598433 0.012615859938208032 0.012242899118511263
21 0.2318486096807415 0.5149363369245837 0.014675592173017508 0.016160626836434867
21 0.25862512873326465 0.515181194906954 0.01416065911431514 0.014691478942213516
2 0.46086508753862 0.5261998041136141 0.013388259526261586 0.011263467189030362
12 0.10517507723995881 0.5266895200783546 0.035787847579814624 0.05729676787463271
2 0.38864572605561276 0.5284035259549461 0.014675592173017508 0.014691478942213516
9 0.688465499485067 0.5310969637610186 0.20339855818743563 0.3883447600391773
9 0.2220648815653965 0.5330558276199804 0.012100926879505664 0.022037218413320275
9 0.26918125643666324 0.5335455435847208 0.012100926879505664 0.022037218413320275
19 0.315010298661174 0.5377081292850147 0.013130792996910402 0.025465230166503428
2 0.4658856848609681 0.5384427032321254 0.01416065911431514 0.013222331047992164
2 0.38877445932028837 0.5418707149853085 0.014418125643666324 0.013222331047992164
19 0.19606076210092688 0.5428501469147894 0.012615859938208032 0.023996082272282077
2 0.2910659114315139 0.5465230166503428 0.01416065911431514 0.013712047012732615
9 0.42507723995880536 0.551175318315377 0.044284243048403706 0.08570029382957885
2 0.4604788877445932 0.5514201762977473 0.015705458290422244 0.013712047012732615
2 0.2584963954685891 0.5523996082272282 0.014933058702368692 0.015670910871694418
2 0.23262100926879506 0.5528893241919687 0.013130792996910402 0.014691478942213516
2 0.2104788877445932 0.5582761998041136 0.007981462409886715 0.02742409402546523
19 0.30072090628218334 0.558765915768854 0.010298661174047374 0.019588638589618023
16 0.13027806385169927 0.5599902056807052 0.014933058702368692 0.016160626836434867
21 0.18962409886714726 0.5636630754162586 0.01364572605561277 0.012732615083251714
19 0.3322605561277034 0.5643976493633692 0.013130792996910402 0.02595494613124388
21 0.2203913491246138 0.5690499510284035 0.008238928939237899 0.02840352595494613
21 0.26956745623069 0.5700293829578844 0.007723995880535531 0.029382957884427033
21 0.29170957775489187 0.5702742409402547 0.013388259526261586 0.016160626836434867
21 0.321961894953656 0.5710088148873653 0.009011328527291453 0.029382957884427033
21 0.38916065911431513 0.5714985308521058 0.015190525231719876 0.015670910871694418
19 0.46601441812564365 0.5729676787463271 0.01184346035015448 0.022526934378060724
4 0.8438465499485067 0.5737022526934378 0.054840370751802266 0.3697355533790402
19 0.49742533470648814 0.5751714005876591 0.01132852729145211 0.023996082272282077
4 0.5203398558187435 0.5756611165523996 0.035015447991761074 0.36777668952007836
21 0.18988156539649845 0.5798237022526934 0.015190525231719876 0.013712047012732615
19 0.2106076210092688 0.5820274240940254 0.010298661174047374 0.020078354554358472
12 0.10491761071060762 0.5830068560235063 0.03527291452111225 0.05337904015670911
19 0.27896498455200824 0.5876591576885406 0.013130792996910402 0.02742409402546523
9 0.3041967044284243 0.5879040156709109 0.012615859938208032 0.023016650342801176
2 0.7854016477857878 0.5903525954946132 0.01364572605561277 0.02889324191968658
21 0.4572605561277034 0.5915768854064642 0.008238928939237899 0.029382957884427033
4 0.9324150360453141 0.5940254652301665 0.12229660144181256 0.12732615083251714
21 0.18666323377960864 0.5950048971596474 0.015447991761071062 0.015670910871694418
19 0.3901905252317199 0.5964740450538688 0.011585993820803296 0.023506366307541625
19 0.8269824922760041 0.05999020568070519 0.02059732234809475 0.0416258570029383
2 0.5910144181256437 0.5976983349657199 0.012100926879505664 0.02497551420176298
19 0.20030895983522143 0.6052889324191969 0.01132852729145211 0.021547502448579822
9 0.22579814624098868 0.6070029382957884 0.018022657054582905 0.02595494613124388
2 0.7756179196704428 0.60871694417238 0.015705458290422244 0.030362389813907934
19 0.17018537590113286 0.6089618021547503 0.01184346035015448 0.023996082272282077
19 0.18692070030895983 0.6111655239960823 0.01184346035015448 0.023506366307541625
21 0.4374356333676622 0.6126346718903036 0.013388259526261586 0.012732615083251714
19 0.3981719876416066 0.6128795298726738 0.012100926879505664 0.02693437806072478
21 0.417610710607621 0.6133692458374143 0.012873326467559218 0.014201762977473066
16 0.1300205973223481 0.6167972575905974 0.014418125643666324 0.015181194906953967
21 0.4276519052523172 0.6190009794319294 0.005664263645726055 0.02644466209598433
21 0.24755406797116375 0.6190009794319294 0.007981462409886715 0.02644466209598433
21 0.407826982492276 0.6197355533790402 0.006694129763130793 0.029872673849167482
19 0.3649588053553038 0.6219392752203722 0.01004119464469619 0.01860920666013712
19 0.2371266735324408 0.6231635651322233 0.009783728115345005 0.01811949069539667
16 0.19940782698249226 0.6270812928501469 0.01416065911431514 0.015181194906953967
21 0.1791967044284243 0.6280607247796278 0.014933058702368692 0.012242899118511263
19 0.33264675592173015 0.6300195886385896 0.012873326467559218 0.02497551420176298
19 0.35079814624098865 0.6305093046033301 0.012615859938208032 0.023996082272282077
2 0.44129763130793 0.6312438785504407 0.005664263645726055 0.021547502448579822
21 0.4143923789907312 0.631488736532811 0.00592173017507724 0.02595494613124388
21 0.42082904222451084 0.6322233104799216 0.00592173017507724 0.025465230166503428
2 0.43460350154479915 0.6324681684622919 0.005664263645726055 0.023016650342801176
2 0.7623583934088568 0.633692458374143 0.01596292481977343 0.030362389813907934
12 0.10581874356333677 0.6378550440744368 0.0345005149330587 0.056317335945151814
2 0.2747167868177137 0.6405484818805093 0.008753861997940269 0.029382957884427033
19 0.2485839340885685 0.6432419196865817 0.01416065911431514 0.02595494613124388
21 0.2187178166838311 0.6447110675808031 0.008496395468589083 0.02889324191968658
2 0.23738414006179195 0.6452007835455436 0.006694129763130793 0.02693437806072478
16 0.3026519052523172 0.6464250734573947 0.01416065911431514 0.014691478942213516
21 0.32865602471678684 0.6491185112634672 0.015190525231719876 0.017140058765915768
13 0.41851184346035014 0.6508325171400587 0.01416065911431514 0.012732615083251714
13 0.4374356333676622 0.6508325171400587 0.013388259526261586 0.012732615083251714
2 0.7533470648815654 0.6518119490695397 0.013903192584963954 0.02742409402546523
19 0.22760041194644695 0.6523016650342801 0.01132852729145211 0.021547502448579822
19 0.5876673532440783 0.6535259549461312 0.013130792996910402 0.023996082272282077
16 0.791065911431514 0.6542605288932419 0.015705458290422244 0.01762977473065622
20 0.18846549948506694 0.6576885406464251 0.023171987641606592 0.039177277179236046
21 0.3434603501544799 0.6594025465230167 0.007723995880535531 0.02889324191968658
13 0.5686148300720907 0.6613614103819785 0.014675592173017508 0.01811949069539667
21 0.30986096807415037 0.6618511263467189 0.01364572605561277 0.012242899118511263
21 0.29505664263645726 0.6625857002938296 0.014933058702368692 0.013712047012732615
19 0.36740473738414003 0.6638099902056807 0.012358393408856848 0.023996082272282077
21 0.35105561277033986 0.6642997061704211 0.006951596292481977 0.02791380999020568
2 0.37731719876416064 0.6645445641527914 0.007466529351184346 0.02742409402546523
19 0.23300720906282182 0.6682174338883448 0.010813594232749742 0.01909892262487757
19 0.4552008238928939 0.6687071498530852 0.012873326467559218 0.02497551420176298
2 0.6295056642636457 0.6689520078354554 0.013388259526261586 0.024485798237022526
21 0.20674562306900102 0.6696865817825661 0.013903192584963954 0.015181194906953967
21 0.4174819773429454 0.6701762977473066 0.00952626158599382 0.02497551420176298
21 0.4375643666323378 0.6704211557296768 0.010556127703398558 0.025465230166503428
19 0.26557672502574664 0.6711557296767875 0.011585993820803296 0.023016650342801176
19 0.7442070030895983 0.6721351616062684 0.013130792996910402 0.02497551420176298
19 0.2514160659114315 0.6731145935357493 0.013130792996910402 0.02693437806072478
21 0.1776519052523172 0.6743388834476004 0.013903192584963954 0.013712047012732615
2 0.7694387229660145 0.6745837414299706 0.013130792996910402 0.013222331047992164
21 0.3583934088568486 0.675073457394711 0.007723995880535531 0.02889324191968658
21 0.31990216271884653 0.6780117531831538 0.005406797116374871 0.023996082272282077
16 0.3336766220391349 0.6785014691478942 0.007723995880535531 0.02889324191968658
2 0.3262100926879506 0.6787463271302644 0.006694129763130793 0.029382957884427033
19 0.552394438722966 0.681439764936337 0.012615859938208032 0.02497551420176298
19 0.4030638516992791 0.6819294809010774 0.012100926879505664 0.023996082272282077
16 0.2987899073120494 0.683643486777669 0.006951596292481977 0.024485798237022526
16 0.3137229660144181 0.683643486777669 0.006951596292481977 0.029382957884427033
21 0.30625643666323377 0.6838883447600391 0.006436663233779609 0.02693437806072478
2 0.21086508753862 0.688050930460333 0.013388259526261586 0.012732615083251714
21 0.194129763130793 0.6885406464250735 0.01956745623069001 0.01860920666013712
21 0.1777806385169928 0.6892752203721841 0.014675592173017508 0.014201762977473066
19 0.36779093717816685 0.6931929480901078 0.013130792996910402 0.02595494613124388
19 0.3464212152420185 0.6936826640548482 0.012615859938208032 0.023016650342801176
21 0.24150360453141093 0.6936826640548482 0.015447991761071062 0.017140058765915768
19 0.4509526261585994 0.6949069539666993 0.010556127703398558 0.01762977473065622
21 0.7861740473738414 0.69564152791381 0.05175077239958805 0.02693437806072478
21 0.42559217301750774 0.6985798237022527 0.008238928939237899 0.029872673849167482
21 0.2899073120494336 0.6990695396669931 0.007723995880535531 0.02791380999020568
9 0.22541194644696189 0.7002938295788442 0.012100926879505664 0.03330068560235064
13 0.5561277033985582 0.7017629774730656 0.014418125643666324 0.014691478942213516
19 0.3896755921730175 0.702252693437806 0.01004119464469619 0.021547502448579822
19 0.6524201853759012 0.7034769833496572 0.012873326467559218 0.023996082272282077
21 0.35633367662203913 0.7088638589618022 0.014418125643666324 0.013222331047992164
21 0.4168383110195675 0.7091087169441724 0.008753861997940269 0.029382957884427033
19 0.25308959835221423 0.7115572967678746 0.013903192584963954 0.02644466209598433
16 0.6337538619979403 0.7142507345739472 0.013130792996910402 0.016160626836434867
2 0.7618434603501545 0.7142507345739472 0.014933058702368692 0.014201762977473066
9 0.19258496395468588 0.7142507345739472 0.01956745623069001 0.029872673849167482
21 0.4586766220391349 0.7164544564152792 0.009011328527291453 0.029382957884427033
21 0.38555612770339853 0.7186581782566112 0.015190525231719876 0.015181194906953967
13 0.5450566426364573 0.7191478942213516 0.008238928939237899 0.02595494613124388
19 0.5856076210092688 0.7198824681684622 0.012615859938208032 0.025465230166503428
2 0.7161431513903193 0.7203721841332027 0.015705458290422244 0.031341821743388835
19 0.28656024716786815 0.7211067580803134 0.012358393408856848 0.020078354554358472
2 0.23751287332646756 0.7225759059745348 0.015705458290422244 0.015181194906953967
2 0.6589855818743563 0.7245347698334965 0.011071060762100926 0.023996082272282077
21 0.17224510813594232 0.7247796278158668 0.014418125643666324 0.014691478942213516
9 0.43202883625128735 0.7260039177277179 0.012873326467559218 0.023016650342801176
2 0.37461380020597324 0.7267384916748286 0.007209062821833162 0.02644466209598433
16 0.553681771369722 0.7274730656219393 0.007466529351184346 0.02595494613124388
2 0.2154994850669413 0.7291870714985309 0.008238928939237899 0.02840352595494613
21 0.4474768280123584 0.7296767874632712 0.008753861997940269 0.030362389813907934
16 0.6332389289392379 0.7296767874632712 0.01416065911431514 0.014691478942213516
21 0.36083934088568487 0.7328599412340843 0.009011328527291453 0.03574926542605289
19 0.5717044284243048 0.7328599412340843 0.012615859938208032 0.02595494613124388
2 0.3890319258496395 0.7335945151811949 0.013388259526261586 0.014691478942213516
2 0.184346035015448 0.7406953966699314 0.007209062821833162 0.02595494613124388
19 0.28668898043254376 0.7421645445641528 0.01364572605561277 0.023996082272282077
9 0.3220906282183316 0.7460822722820764 0.04376930998970134 0.08570029382957885
16 0.5455715756951597 0.7465719882468168 0.008238928939237899 0.02889324191968658
19 0.20803295571575695 0.7485308521057786 0.009783728115345005 0.01909892262487757
9 0.23777033985581875 0.7497551420176298 0.02239958805355304 0.03232125367286973
19 0.8021369721936148 0.75 0.01364572605561277 0.023996082272282077
9 0.4012615859938208 0.7502448579823702 0.011585993820803296 0.023506366307541625
16 0.5844490216271885 0.7504897159647405 0.014418125643666324 0.017140058765915768
21 0.1725025746652935 0.7509794319294809 0.014418125643666324 0.016160626836434867
21 0.35234294541709577 0.7514691478942214 0.006436663233779609 0.022037218413320275
19 0.7192327497425335 0.7529382957884427 0.01364572605561277 0.02497551420176298
2 0.557157569515963 0.7531831537708129 0.007723995880535531 0.02644466209598433
21 0.3735839340885685 0.7544074436826641 0.017507723995880537 0.01811949069539667
4 0.6513903192584964 0.7553868756121449 0.10144181256436663 0.03672869735553379
9 0.7624871266735325 0.7607737512242899 0.06359423274974253 0.07492654260528893
16 0.5157054582904222 0.7624877571008815 0.016477857878475798 0.011753183153770812
19 0.2893923789907312 0.7646914789422136 0.014418125643666324 0.023996082272282077
9 0.19361483007209063 0.7649363369245837 0.01184346035015448 0.03525954946131244
21 0.4132337796086509 0.7659157688540646 0.014933058702368692 0.01665034280117532
19 0.430226570545829 0.7659157688540646 0.010298661174047374 0.019588638589618023
19 0.44644696189495364 0.7681194906953966 0.012873326467559218 0.023996082272282077
21 0.38877445932028837 0.7688540646425074 0.015447991761071062 0.014691478942213516
21 0.3609680741503605 0.7705680705190989 0.009268795056642637 0.034769833496571985
19 0.3497682801235839 0.7739960822722821 0.012100926879505664 0.022037218413320275
16 0.5227857878475798 0.7742409402546523 0.014675592173017508 0.014691478942213516
2 0.20970648815653964 0.7764446620959843 0.012615859938208032 0.013222331047992164
21 0.503475798146241 0.7791380999020568 0.01364572605561277 0.013712047012732615
2 0.572605561277034 0.7798726738491675 0.008238928939237899 0.02791380999020568
2 0.7151132852729145 0.7808521057786484 0.015190525231719876 0.017140058765915768
21 0.22167868177136973 0.786973555337904 0.009783728115345005 0.03623898139079334
19 0.295442842430484 0.7881978452497551 0.012615859938208032 0.023016650342801176
2 0.18138516992790937 0.7881978452497551 0.01416065911431514 0.014201762977473066
4 0.07312049433573635 0.7894221351616063 0.1400617919670443 0.11753183153770813
16 0.589340885684861 0.7896669931439765 0.014933058702368692 0.016160626836434867
21 0.5159629248197735 0.7918707149853085 0.014933058702368692 0.013712047012732615
19 0.2743305870236869 0.7921155729676788 0.010556127703398558 0.01811949069539667
19 0.4028063851699279 0.7921155729676788 0.012615859938208032 0.02595494613124388
19 0.45829042224510813 0.7933398628795298 0.010813594232749742 0.019588638589618023
19 0.34757981462409887 0.7935847208619001 0.01132852729145211 0.023996082272282077
21 0.14868692070030895 0.7940744368266406 0.009011328527291453 0.029872673849167482
21 0.36483007209062823 0.7962781586679726 0.013903192584963954 0.01762977473065622
21 0.20970648815653964 0.7972575905974535 0.01364572605561277 0.015670910871694418
19 0.3877445932028836 0.7975024485798237 0.012358393408856848 0.02497551420176298
21 0.1690267765190525 0.7982370225269344 0.01004119464469619 0.039177277179236046
19 0.2850154479917611 0.7999510284035259 0.01184346035015448 0.023996082272282077
21 0.3370236869207003 0.8026444662095984 0.013903192584963954 0.014691478942213516
16 0.5768537590113285 0.8031341821743389 0.014675592173017508 0.01860920666013712
21 0.19335736354273944 0.8031341821743389 0.007723995880535531 0.02840352595494613
2 0.5109423274974253 0.8063173359451518 0.013130792996910402 0.013222331047992164
9 0.5464727085478888 0.8090107737512243 0.036302780638516996 0.06758080313418217
21 0.32492276004119464 0.8114593535749265 0.006694129763130793 0.02742409402546523
21 0.3107621009268795 0.8117042115572968 0.006694129763130793 0.02693437806072478
2 0.30406797116374873 0.811949069539667 0.006694129763130793 0.02742409402546523
2 0.3175849639546859 0.8121939275220372 0.006436663233779609 0.02791380999020568
19 0.43190010298661174 0.8139079333986288 0.013130792996910402 0.02644466209598433
2 0.2170442842430484 0.814152791380999 0.013388259526261586 0.015181194906953967
4 0.9222451081359423 0.8170910871694417 0.1400617919670443 0.12095984329089128
2 0.35118434603501547 0.8197845249755142 0.012358393408856848 0.012732615083251714
21 0.5048918640576725 0.8239471106758081 0.007209062821833162 0.02595494613124388
21 0.41091658084449023 0.8241919686581782 0.008238928939237899 0.03232125367286973
21 0.36985066941297634 0.824926542605289 0.008496395468589083 0.02889324191968658
21 0.3370236869207003 0.82615083251714 0.013903192584963954 0.029382957884427033
20 0.17855303810504636 0.8290891283055828 0.020339855818743563 0.04113614103819784
19 0.20172502574665294 0.8298237022526934 0.013130792996910402 0.023996082272282077
2 0.3506694129763131 0.8349657198824681 0.012358393408856848 0.011753183153770812
19 0.5841915550978373 0.8354554358472086 0.012873326467559218 0.023506366307541625
16 0.574150360453141 0.8364348677766895 0.008753861997940269 0.029382957884427033
16 0.5946189495365602 0.83692458374143 0.007466529351184346 0.025465230166503428
19 0.3964984552008239 0.8383937316356513 0.009783728115345005 0.01762977473065622
21 0.3846549948506694 0.8398628795298727 0.013903192584963954 0.014691478942213516
2 0.5181513903192585 0.8410871694417238 0.007981462409886715 0.02791380999020568
20 0.21987641606591143 0.8423114593535749 0.02008238928939238 0.03623898139079334
4 0.7209062821833162 0.8450048971596474 0.23944387229660144 0.09157688540646425
2 0.49562306900102987 0.8476983349657199 0.008753861997940269 0.02840352595494613
19 0.375 0.8503917727717923 0.00952626158599382 0.01909892262487757
21 0.5048918640576725 0.8508814887365328 0.007723995880535531 0.02595494613124388
9 0.36251287332646753 0.8518609206660137 0.012358393408856848 0.01909892262487757
21 0.34243048403707516 0.8521057786483839 0.014933058702368692 0.015670910871694418
19 0.20378475798146242 0.8552889324191969 0.013130792996910402 0.02497551420176298
13 0.5925592173017508 0.8572477962781586 0.014675592173017508 0.016160626836434867
16 0.17881050463439752 0.8572477962781586 0.015190525231719876 0.017140058765915768
2 0.19129763130792998 0.8594515181194907 0.008238928939237899 0.02742409402546523
19 0.3868434603501545 0.8596963761018609 0.01364572605561277 0.023996082272282077
9 0.4044799176107106 0.8596963761018609 0.012358393408856848 0.022037218413320275
16 0.5500772399588053 0.871694417238002 0.014675592173017508 0.01762977473065622
13 0.5137744593202883 0.873898139079334 0.007466529351184346 0.02791380999020568
2 0.22631307929969105 0.8773261508325172 0.007209062821833162 0.02889324191968658
21 0.4142636457260556 0.8787952987267384 0.013903192584963954 0.014201762977473066
9 0.5283213182286303 0.8819784524975515 0.017507723995880537 0.04701273261508325
21 0.384140061791967 0.8827130264446621 0.014418125643666324 0.017140058765915768
19 0.3961122554067971 0.883692458374143 0.008496395468589083 0.01811949069539667
16 0.21035015447991762 0.8851616062683644 0.013903192584963954 0.015181194906953967
19 0.5632080329557158 0.8876101860920667 0.011585993820803296 0.02497551420176298
16 0.5728630278063852 0.8876101860920667 0.008238928939237899 0.02889324191968658
13 0.5457003089598352 0.8949559255631734 0.01416065911431514 0.016160626836434867
19 0.39430998970133885 0.10210577864838394 0.012615859938208032 0.023996082272282077
2 0.5671987641606591 0.10822722820763957 0.008753861997940269 0.029382957884427033
19 0.3574922760041195 0.11508325171400588 0.01416065911431514 0.025465230166503428
2 0.37950566426364574 0.11508325171400588 0.006179196704428424 0.029382957884427033
4 0.29866117404737386 0.11557296767874632 0.052008238928939236 0.06660137120470128
2 0.8186148300720907 0.116307541625857 0.023944387229660143 0.02497551420176298
4 0.6839598352214212 0.11679725759059745 0.16658084449021626 0.06709108716944172
2 0.37255406797116375 0.1172869735553379 0.006694129763130793 0.02693437806072478
19 0.4938208032955716 0.13050930460333007 0.01132852729145211 0.022037218413320275
21 0.7917095777548918 0.13516160626836435 0.03244078269824923 0.05778648383937316
16 0.84346035015448 0.13907933398628794 0.014418125643666324 0.014691478942213516
2 0.4787590113285273 0.14152791380999022 0.006951596292481977 0.02742409402546523
2 0.8196446961894953 0.14397649363369247 0.02239958805355304 0.025465230166503428
2 0.351313079299691 0.1444662095984329 0.007466529351184346 0.025465230166503428
16 0.8668898043254377 0.14520078354554358 0.008753861997940269 0.029872673849167482
19 0.3404994850669413 0.1461802154750245 0.012615859938208032 0.02497551420176298
16 0.8430741503604532 0.15352595494613125 0.01416065911431514 0.015181194906953967
19 0.45635942327497425 0.1549951028403526 0.013130792996910402 0.02693437806072478
2 0.34822348094747685 0.1677277179236043 0.01416065911431514 0.014201762977473066
0 0.10324407826982493 0.1677277179236043 0.06591143151390319 0.10430950048971596
16 0.16001544799176107 0.17042115572967678 0.008496395468589083 0.029382957884427033
19 0.4581616889804325 0.17997061704211556 0.012100926879505664 0.023016650342801176
2 0.6171472708547889 0.1821743388834476 0.015447991761071062 0.01665034280117532
16 0.7779351184346035 0.18339862879529872 0.014675592173017508 0.015181194906953967
9 0.8179711637487127 0.18364348677766895 0.025746652935118436 0.04701273261508325
2 0.8389546858908342 0.18437806072477964 0.008496395468589083 0.02889324191968658
16 0.16683831101956745 0.18437806072477964 0.007723995880535531 0.02889324191968658
2 0.42713697219361485 0.18560235063663075 0.013903192584963954 0.014691478942213516
2 0.8509268795056643 0.18584720861900098 0.013903192584963954 0.0465230166503428
2 0.3435890834191555 0.18756121449559254 0.01416065911431514 0.013712047012732615
9 0.388903192584964 0.18854064642507345 0.05226570545829042 0.0979431929480901
4 0.7502574665293512 0.19368266405484819 0.03553038105046344 0.03868756121449559
4 0.6672245108135942 0.19441723800195887 0.03527291452111225 0.03721841332027424
2 0.42713697219361485 0.1995592556317336 0.014933058702368692 0.014201762977473066
2 0.3438465499485067 0.20102840352595494 0.016220391349124615 0.014201762977473066
19 0.44297116374871265 0.21474045053868757 0.01364572605561277 0.02595494613124388
19 0.640447991761071 0.21767874632713027 0.012615859938208032 0.023016650342801176
16 0.6286045314109165 0.21890303623898139 0.012615859938208032 0.014691478942213516
2 0.8190010298661174 0.22526934378060726 0.022142121524201853 0.02644466209598433
2 0.3452626158599382 0.2260039177277179 0.015447991761071062 0.01811949069539667
19 0.6727600411946447 0.2267384916748286 0.012358393408856848 0.022526934378060724
13 0.8679196704428425 0.22796278158667974 0.025746652935118436 0.02595494613124388
21 0.7918383110195675 0.22918707149853085 0.03269824922760041 0.05484818805093046
16 0.8435890834191555 0.22943192948090108 0.01364572605561277 0.012242899118511263
16 0.6283470648815654 0.2316356513222331 0.01364572605561277 0.010773751224289911
16 0.12924819773429455 0.24191968658178256 0.014418125643666324 0.013712047012732615
16 0.84346035015448 0.24265426052889325 0.013388259526261586 0.012242899118511263
16 0.6280895983522142 0.24363369245837413 0.01416065911431514 0.012242899118511263
16 0.7348094747682801 0.24387855044074436 0.015447991761071062 0.01665034280117532
9 0.5409371781668383 0.2460822722820764 0.10504634397528322 0.20029382957884426
4 0.7054582904222451 0.24657198824681684 0.02420185375901133 0.08472086190009795
2 0.46253861997940265 0.24755142017629775 0.014675592173017508 0.016160626836434867
2 0.817842430484037 0.2517140058765916 0.023944387229660143 0.023506366307541625
21 0.842816683831102 0.25538687561214496 0.015705458290422244 0.016160626836434867
12 0.10491761071060762 0.25538687561214496 0.03269824922760041 0.06023506366307542
16 0.6279608650875386 0.2566111655239961 0.014418125643666324 0.011753183153770812
13 0.8671472708547889 0.2580803134182174 0.025746652935118436 0.02644466209598433
2 0.6109680741503605 0.2607737512242899 0.008753861997940269 0.029872673849167482
2 0.36611740473738413 0.26518119490695397 0.006179196704428424 0.02595494613124388
21 0.34603501544799176 0.2654260528893242 0.006694129763130793 0.02644466209598433
21 0.35942327497425336 0.2654260528893242 0.007209062821833162 0.029382957884427033
21 0.35311534500514935 0.2656709108716944 0.006436663233779609 0.02889324191968658
2 0.3731977342945417 0.2661606268364349 0.00592173017507724 0.02791380999020568
2 0.4111740473738414 0.2661606268364349 0.007723995880535531 0.029872673849167482
2 0.391735324407827 0.2664054848188051 0.006951596292481977 0.02840352595494613
2 0.3846549948506694 0.26665034280117533 0.006694129763130793 0.02791380999020568
2 0.40409371781668385 0.26665034280117533 0.007981462409886715 0.02791380999020568
16 0.6280895983522142 0.26885406464250733 0.014675592173017508 0.012732615083251714
4 0.6585993820803295 0.2720372184133203 0.01905252317198764 0.06709108716944172
16 0.7554067971163748 0.2759549461312439 0.014418125643666324 0.015181194906953967
20 0.27265705458290423 0.27864838393731634 0.02008238928939238 0.039177277179236046
19 0.4461894953656025 0.2791380999020568 0.013388259526261586 0.02742409402546523
16 0.6282183316168898 0.2810969637610186 0.014933058702368692 0.011753183153770812
16 0.7312049433573635 0.28379040156709107 0.008238928939237899 0.02791380999020568
2 0.2512873326467559 0.2840352595494613 0.008753861997940269 0.02840352595494613
19 0.744979402677652 0.2877081292850147 0.013130792996910402 0.02595494613124388
19 0.6412203913491246 0.2935847208619001 0.013130792996910402 0.023996082272282077
16 0.6283470648815654 0.2938295788442703 0.014675592173017508 0.012732615083251714
16 0.7233522142121525 0.2975024485798237 0.006951596292481977 0.02693437806072478
20 0.798274974253347 0.30093046033300686 0.019824922760041195 0.03868756121449559
16 0.7560504634397528 0.3031341821743389 0.014675592173017508 0.015670910871694418
16 0.3169412976313079 0.30582761998041136 0.007209062821833162 0.02595494613124388
16 0.345005149330587 0.30656219392752204 0.008238928939237899 0.02742409402546523
16 0.32492276004119464 0.3070519098922625 0.007723995880535531 0.02840352595494613
2 0.827626158599382 0.3072967678746327 0.024974253347064882 0.02693437806072478
16 0.33638002059732236 0.3077864838393732 0.008496395468589083 0.02791380999020568
13 0.3699794026776519 0.30876591576885404 0.008238928939237899 0.02791380999020568
13 0.378475798146241 0.30901077375122427 0.007209062821833162 0.025465230166503428
13 0.39842945417095776 0.3092556317335945 0.007466529351184346 0.02791380999020568
13 0.3898043254376931 0.3102350636630754 0.007723995880535531 0.02889324191968658
19 0.6244850669412977 0.3109696376101861 0.013130792996910402 0.023506366307541625
21 0.2646755921730175 0.31390793339862877 0.026261585993820804 0.02742409402546523
16 0.7555355303810505 0.3185602350636631 0.014675592173017508 0.014201762977473066
19 0.6391606591143152 0.3210088148873653 0.012615859938208032 0.023996082272282077
2 0.6959320288362513 0.32296767874632715 0.012873326467559218 0.02497551420176298
19 0.7279866117404737 0.3234573947110676 0.012615859938208032 0.023016650342801176
16 0.6646498455200824 0.3246816846229187 0.01416065911431514 0.015670910871694418
13 0.3204170957775489 0.3259059745347698 0.015705458290422244 0.014201762977473066
13 0.34101441812564365 0.3259059745347698 0.015190525231719876 0.011263467189030362
19 0.4420700308959835 0.3263956904995103 0.01184346035015448 0.023996082272282077
16 0.624356333676622 0.32859941234084233 0.014418125643666324 0.014691478942213516
13 0.37384140061791965 0.32884427032321256 0.014933058702368692 0.012242899118511263
13 0.39366632337796087 0.3295788442703232 0.01596292481977343 0.012732615083251714
4 0.8787332646755922 0.33080313418217433 0.0509783728115345 0.10333006856023506
16 0.16014418125643667 0.3312928501469148 0.008753861997940269 0.02791380999020568
0 0.10337281153450051 0.3330068560235064 0.06462409886714728 0.09500489715964741
16 0.7924819773429455 0.3361900097943193 0.012873326467559218 0.012242899118511263
2 0.28656024716786815 0.3364348677766895 0.013388259526261586 0.04701273261508325
9 0.8214469618949537 0.34231145935357493 0.020339855818743563 0.02742409402546523
16 0.7606848609680742 0.34353574926542607 0.016220391349124615 0.01811949069539667
16 0.6244850669412977 0.3437806072477963 0.01416065911431514 0.015670910871694418
16 0.3367662203913491 0.34476003917727716 0.007723995880535531 0.02840352595494613
16 0.167610710607621 0.3450048971596474 0.007723995880535531 0.029872673849167482
16 0.31629763130793 0.3452497551420176 0.008496395468589083 0.02644466209598433
16 0.345005149330587 0.3452497551420176 0.007723995880535531 0.030362389813907934
16 0.32505149330587024 0.346718903036239 0.007466529351184346 0.02742409402546523
19 0.7278578784757982 0.34745347698334966 0.012873326467559218 0.023016650342801176
16 0.3694644696189495 0.3476983349657199 0.007723995880535531 0.025465230166503428
16 0.398043254376931 0.3476983349657199 0.008238928939237899 0.025465230166503428
2 0.6512615859938208 0.3479431929480901 0.014675592173017508 0.02791380999020568
16 0.378475798146241 0.34818805093046035 0.007723995880535531 0.02644466209598433
16 0.792610710607621 0.3484329089128306 0.012615859938208032 0.012242899118511263
16 0.39006179196704427 0.34892262487757103 0.007723995880535531 0.02791380999020568
16 0.624356333676622 0.3599412340842311 0.014933058702368692 0.013712047012732615
19 0.5854788877445932 0.3623898139079334 0.01132852729145211 0.02056807051909892
2 0.48777033985581875 0.3655729676787463 0.015705458290422244 0.017140058765915768
4 0.266735324407827 0.36679725759059745 0.018022657054582905 0.06856023506366307
16 0.6244850669412977 0.3748775710088149 0.01416065911431514 0.015181194906953967
2 0.7384140061791967 0.37561214495592554 0.012873326467559218 0.022526934378060724
2 0.8272399588053553 0.3778158667972576 0.024716786817713696 0.023016650342801176
2 0.525875386199794 0.3817335945151812 0.01364572605561277 0.015181194906953967
19 0.6029866117404737 0.38418217433888346 0.01184346035015448 0.02497551420176298
16 0.5894696189495365 0.38638589618021546 0.00952626158599382 0.031341821743388835
16 0.5736354273944387 0.3866307541625857 0.005664263645726055 0.02693437806072478
16 0.5602471678681772 0.3868756121449559 0.007209062821833162 0.030362389813907934
16 0.7438208032955715 0.3868756121449559 0.010298661174047374 0.01762977473065622
19 0.6356848609680742 0.38736532810969637 0.012873326467559218 0.025465230166503428
16 0.540422245108136 0.3876101860920666 0.006694129763130793 0.02791380999020568
16 0.5538105046343975 0.3876101860920666 0.006179196704428424 0.02497551420176298
16 0.5804582904222451 0.3876101860920666 0.006951596292481977 0.02791380999020568
16 0.5475025746652935 0.3878550440744368 0.006436663233779609 0.02840352595494613
16 0.5671987641606591 0.3883447600391773 0.006694129763130793 0.02742409402546523
19 0.802394438722966 0.3925073457394711 0.013130792996910402 0.023996082272282077
19 0.3928939237899073 0.3949559255631734 0.19309989701338826 0.36581782566111654
4 0.351956745623069 0.39593535749265424 0.14881565396498456 0.07100881488736532
19 0.7727857878475798 0.39764936336924583 0.012615859938208032 0.024485798237022526
16 0.12950566426364574 0.39862879529872675 0.014933058702368692 0.01762977473065622
19 0.4590628218331617 0.39960822722820766 0.018537590113285273 0.05582761998041136
19 0.15422245108135943 0.40352595494613125 0.012358393408856848 0.02742409402546523
16 0.6206230690010298 0.408667972575906 0.01004119464469619 0.01909892262487757
2 0.7566941297631308 0.4111165523996082 0.012358393408856848 0.021057786483839373
12 0.10414521112255407 0.4120959843290891 0.03681771369721936 0.05533790401567091
16 0.6162461380020597 0.41723800195886385 0.00952626158599382 0.019588638589618023
16 0.8029093717816684 0.418462291870715 0.007981462409886715 0.02497551420176298
2 0.6107106076210093 0.4267874632713026 0.01132852729145211 0.023016650342801176
4 0.877188465499485 0.4272771792360431 0.013903192584963954 0.07002938295788443
9 0.7779351184346035 0.43437806072477964 0.024459320288362514 0.04603330068560235
4 0.569129763130793 0.4422135161606268 0.035787847579814624 0.03721841332027424
16 0.1300205973223481 0.4471106758080313 0.014418125643666324 0.01665034280117532
19 0.5946189495365602 0.44735553379040155 0.01364572605561277 0.023996082272282077
12 0.10581874356333677 0.4698824681684623 0.03553038105046344 0.056317335945151814
19 0.5745365602471678 0.472820763956905 0.012615859938208032 0.02497551420176298
21 0.4326725025746653 0.4821253672869736 0.007981462409886715 0.02791380999020568
2 0.44039649845520085 0.4821253672869736 0.00592173017507724 0.02791380999020568
2 0.446961894953656 0.482615083251714 0.006694129763130793 0.02889324191968658
2 0.7879763130792997 0.48481880509304603 0.013130792996910402 0.025465230166503428