1 0.5963350785340314 0.529441117764471 0.014659685863874346 0.020958083832335328
21 0.27382198952879583 0.3722554890219561 0.012565445026178011 0.031936127744510975
17 0.47853403141361256 0.4805389221556886 0.013612565445026177 0.018962075848303395
21 0.24659685863874345 0.3627744510978044 0.018848167539267015 0.02694610778443114
17 0.12774869109947645 0.30439121756487025 0.018848167539267015 0.02594810379241517
19 0.2837696335078534 0.3847305389221557 0.016753926701570682 0.03293413173652695
19 0.8167539267015707 0.659181636726547 0.016753926701570682 0.03293413173652695
1 0.48664921465968586 0.49251497005988026 0.01099476439790576 0.03293413173652695
1 0.46596858638743455 0.4820359281437126 0.010471204188481676 0.031936127744510975
21 0.2081151832460733 0.35578842315369263 0.01832460732984293 0.0249500998003992
19 0.3324607329842932 0.42115768463073855 0.012565445026178011 0.023952095808383235
17 0.47539267015706804 0.4935129740518962 0.014659685863874346 0.018962075848303395
21 0.23115183246073298 0.37025948103792417 0.017277486910994764 0.023952095808383235
21 0.2591623036649215 0.3842315369261477 0.016753926701570682 0.021956087824351298
1 0.4667539267015707 0.5024950099800399 0.015183246073298429 0.018962075848303395
12 0.09842931937172775 0.3153692614770459 0.04502617801047121 0.07784431137724551
1 0.3913612565445026 0.4660678642714571 0.017277486910994764 0.021956087824351298
9 0.7015706806282722 0.6282435129740519 0.2670157068062827 0.5099800399201597
9 0.21858638743455497 0.38323353293413176 0.015183246073298429 0.027944111776447105
9 0.2672774869109948 0.4091816367265469 0.015183246073298429 0.027944111776447105
19 0.31413612565445026 0.437624750499002 0.016753926701570682 0.03293413173652695
1 0.4706806282722513 0.5184630738522954 0.016753926701570682 0.020958083832335328
1 0.3900523560209424 0.4815369261477046 0.016753926701570682 0.020958083832335328
19 0.19031413612565445 0.37974051896207583 0.016230366492146597 0.03093812375249501
1 0.28848167539267017 0.4346307385229541 0.016753926701570682 0.020958083832335328
9 0.4259162303664921 0.5099800399201597 0.0581151832460733 0.11177644710578842
1 0.4630890052356021 0.5289421157684631 0.01832460732984293 0.021956087824351298
1 0.2536649214659686 0.4226546906187625 0.017277486910994764 0.022954091816367265
1 0.22643979057591623 0.4096806387225549 0.015183246073298429 0.020958083832335328
1 0.20287958115183247 0.4041916167664671 0.012041884816753926 0.031936127744510975
19 0.2963350785340314 0.45209580838323354 0.013612565445026177 0.02594810379241517
17 0.11963350785340314 0.36227544910179643 0.017277486910994764 0.023952095808383235
21 0.18036649214659686 0.39820359281437123 0.015183246073298429 0.01996007984031936
19 0.32827225130890053 0.4745508982035928 0.016753926701570682 0.03293413173652695
21 0.2117801047120419 0.41966067864271456 0.012041884816753926 0.03293413173652695
21 0.262565445026178 0.4471057884231537 0.012041884816753926 0.033932135728542916
21 0.28534031413612565 0.4595808383233533 0.015706806282722512 0.022954091816367265
21 0.31649214659685865 0.4755489021956088 0.013089005235602094 0.03493013972055888
21 0.3863874345549738 0.5124750499001997 0.01780104712041885 0.022954091816367265
19 0.46570680628272254 0.5533932135728543 0.015183246073298429 0.028942115768463075
4 0.8568062827225131 0.7549900199600799 0.11047120418848168 0.4121756487025948
19 0.4976439790575916 0.5728542914171657 0.015183246073298429 0.029940119760479042
4 0.5212041884816754 0.5858283433133733 0.08952879581151832 0.3992015968063872
21 0.17801047120418848 0.4151696606786427 0.01780104712041885 0.021956087824351298
19 0.19947643979057592 0.4281437125748503 0.013612565445026177 0.02594810379241517
12 0.08952879581151832 0.37325349301397204 0.04397905759162304 0.07385229540918163
19 0.2698952879581152 0.47055888223552894 0.017277486910994764 0.03493013972055888
9 0.29528795811518327 0.48403193612774453 0.015706806282722512 0.029940119760479042
1 0.793717277486911 0.7410179640718563 0.01780104712041885 0.036926147704590816
21 0.4536649214659686 0.5688622754491018 0.012041884816753926 0.033932135728542916
4 0.9261780104712042 0.8133732534930139 0.1068062827225131 0.17764471057884232
21 0.17277486910994763 0.4296407185628742 0.01780104712041885 0.022954091816367265
19 0.38350785340314136 0.5389221556886228 0.015183246073298429 0.029940119760479042
19 0.9141361256544502 0.2150698602794411 0.027225130890052355 0.05089820359281437
1 0.5910994764397905 0.6462075848303394 0.015706806282722512 0.03093812375249501
19 0.18586387434554974 0.4471057884231537 0.014659685863874346 0.027944111776447105
9 0.21151832460732983 0.4625748502994012 0.02198952879581152 0.03493013972055888
1 0.7808900523560209 0.7549900199600799 0.020418848167539267 0.038922155688622756
19 0.15392670157068064 0.4351297405189621 0.015706806282722512 0.029940119760479042
19 0.1706806282722513 0.44610778443113774 0.015706806282722512 0.029940119760479042
21 0.4295811518324607 0.5798403193612774 0.015183246073298429 0.01996007984031936
19 0.3892670157068063 0.5598802395209581 0.016230366492146597 0.033932135728542916
21 0.4096858638743455 0.5703592814371258 0.015183246073298429 0.020958083832335328
17 0.11099476439790576 0.4226546906187625 0.016753926701570682 0.022954091816367265
21 0.418848167539267 0.5818363273453094 0.009424083769633508 0.029940119760479042
21 0.23219895287958114 0.4865269461077844 0.012041884816753926 0.03093812375249501
21 0.3981675392670157 0.5718562874251497 0.01099476439790576 0.033932135728542916
19 0.35340314136125656 0.5518962075848304 0.012565445026178011 0.023952095808383235
19 0.22094240837696336 0.48502994011976047 0.012565445026178011 0.023952095808383235
17 0.181151832460733 0.46956087824351295 0.016753926701570682 0.022954091816367265
21 0.16020942408376965 0.4600798403193613 0.016753926701570682 0.01996007984031936
19 0.31884816753926704 0.5429141716566867 0.016753926701570682 0.031936127744510975
19 0.3379581151832461 0.5523952095808383 0.016230366492146597 0.03093812375249501
1 0.43115183246073296 0.6012974051896207 0.008900523560209424 0.0249500998003992
21 0.40340314136125655 0.5873253493013972 0.009947643979057591 0.028942115768463075
21 0.4096858638743455 0.5913173652694611 0.009947643979057591 0.028942115768463075
1 0.4243455497382199 0.5988023952095808 0.008900523560209424 0.02594810379241517
1 0.7636125654450262 0.7739520958083832 0.020418848167539267 0.038922155688622756
12 0.08298429319371728 0.4311377245508982 0.043455497382198956 0.07584830339321358
1 0.25759162303664923 0.5229540918163673 0.012565445026178011 0.033932135728542916
19 0.23010471204188482 0.5119760479041916 0.01832460732984293 0.033932135728542916
21 0.19842931937172775 0.49800399201596807 0.012565445026178011 0.033932135728542916
1 0.21832460732984293 0.5084830339321357 0.010471204188481676 0.03093812375249501
17 0.28534031413612565 0.5449101796407185 0.016753926701570682 0.021956087824351298
21 0.312303664921466 0.560379241516966 0.01832460732984293 0.0249500998003992
13 0.4049738219895288 0.6097804391217565 0.016230366492146597 0.01996007984031936
13 0.4243455497382199 0.6197604790419161 0.015183246073298429 0.01996007984031936
1 0.7515706806282723 0.7879241516966068 0.01832460732984293 0.03493013972055888
19 0.20680628272251309 0.5109780439121756 0.014659685863874346 0.027944111776447105
19 0.5795811518324607 0.7020958083832335 0.016753926701570682 0.03093812375249501
17 0.7905759162303665 0.810379241516966 0.018848167539267015 0.02594810379241517
20 0.16544502617801046 0.49550898203592814 0.02931937172774869 0.05289421157684631
21 0.32591623036649214 0.5788423153692615 0.012041884816753926 0.033932135728542916
13 0.5586387434554974 0.7005988023952096 0.01780104712041885 0.02594810379241517
21 0.29083769633507855 0.563872255489022 0.015183246073298429 0.01996007984031936
21 0.275130890052356 0.5573852295409182 0.017277486910994764 0.020958083832335328
19 0.35 0.596307385229541 0.016230366492146597 0.03093812375249501
21 0.33272251308900525 0.5883233532934131 0.01099476439790576 0.03293413173652695
1 0.36020942408376966 0.6017964071856288 0.011518324607329843 0.031936127744510975
19 0.21047120418848167 0.529441117764471 0.013612565445026177 0.0249500998003992
19 0.44031413612565445 0.6487025948103793 0.016753926701570682 0.031936127744510975
1 0.6206806282722513 0.7405189620758483 0.017277486910994764 0.031936127744510975
21 0.18298429319371728 0.5174650698602794 0.016230366492146597 0.022954091816367265
21 0.4013089005235602 0.6297405189620758 0.013089005235602094 0.029940119760479042
21 0.42172774869109947 0.6397205588822356 0.014136125654450262 0.031936127744510975
19 0.24345549738219896 0.5494011976047904 0.014659685863874346 0.028942115768463075
19 0.7392670157068063 0.8043912175648703 0.016753926701570682 0.031936127744510975
19 0.22853403141361256 0.5444111776447106 0.017277486910994764 0.03493013972055888
21 0.15157068062827225 0.5074850299401198 0.016230366492146597 0.020958083832335328
1 0.7646596858638743 0.8203592814371258 0.015183246073298429 0.01996007984031936
21 0.3390052356020942 0.6027944111776448 0.012041884816753926 0.033932135728542916
21 0.2986910994764398 0.5863273453093812 0.008900523560209424 0.02694610778443114
17 0.31282722513089006 0.593812375249501 0.012041884816753926 0.033932135728542916
1 0.3054973821989529 0.5903193612774451 0.01099476439790576 0.03293413173652695
19 0.5390052356020942 0.7125748502994012 0.016230366492146597 0.031936127744510975
19 0.3842931937172775 0.6347305389221557 0.015706806282722512 0.029940119760479042
17 0.27591623036649215 0.5813373253493014 0.010471204188481676 0.028942115768463075
17 0.2916230366492147 0.5888223552894212 0.011518324607329843 0.033932135728542916
21 0.2837696335078534 0.5853293413173652 0.010471204188481676 0.03093812375249501
1 0.18403141361256545 0.5379241516966068 0.015183246073298429 0.01996007984031936
21 0.16701570680628272 0.530938123752495 0.023036649214659685 0.029940119760479042
21 0.15 0.5229540918163673 0.017277486910994764 0.021956087824351298
19 0.3460732984293194 0.6272455089820359 0.016753926701570682 0.03293413173652695
19 0.3240837696335079 0.6157684630738522 0.015706806282722512 0.029940119760479042
21 0.21544502617801048 0.560379241516966 0.01832460732984293 0.0249500998003992
19 0.4316753926701571 0.6731536926147704 0.013089005235602094 0.022954091816367265
21 0.7793193717277487 0.8517964071856288 0.05706806282722513 0.054890219560878244
21 0.40523560209424087 0.6631736526946108 0.012565445026178011 0.03493013972055888
21 0.2643979057591623 0.5913173652694611 0.011518324607329843 0.03293413173652695
9 0.1973821989528796 0.5598802395209581 0.016753926701570682 0.03992015968063872
13 0.5397905759162304 0.7355289421157685 0.016753926701570682 0.021956087824351298
19 0.36780104712041883 0.6482035928143712 0.013089005235602094 0.02694610778443114
19 0.6397905759162303 0.7889221556886228 0.016753926701570682 0.03093812375249501
21 0.3319371727748691 0.6372255489021956 0.016753926701570682 0.020958083832335328
21 0.39424083769633506 0.6696606786427146 0.012565445026178011 0.033932135728542916
19 0.22460732984293194 0.5858283433133733 0.01780104712041885 0.033932135728542916
17 0.618324607329843 0.7899201596806387 0.015706806282722512 0.022954091816367265
1 0.7510471204188481 0.8582834331337326 0.017277486910994764 0.021956087824351298
9 0.16151832460732984 0.5563872255489022 0.024607329842931937 0.04091816367265469
21 0.43691099476439793 0.6991017964071856 0.013089005235602094 0.03493013972055888
21 0.3607329842931937 0.6621756487025948 0.01780104712041885 0.022954091816367265
13 0.5261780104712042 0.7485029940119761 0.011518324607329843 0.029940119760479042
19 0.5678010471204189 0.7699600798403193 0.016230366492146597 0.03293413173652695
1 0.7028795811518325 0.8393213572854291 0.020418848167539267 0.03992015968063872
19 0.25759162303664923 0.6132734530938124 0.015706806282722512 0.02694610778443114
1 0.20706806282722512 0.5888223552894212 0.01832460732984293 0.023952095808383235
1 0.6429319371727749 0.8143712574850299 0.014659685863874346 0.029940119760479042
21 0.1387434554973822 0.5568862275449101 0.016753926701570682 0.021956087824351298
9 0.4075916230366492 0.6946107784431138 0.016230366492146597 0.029940119760479042
1 0.3484293193717278 0.6651696606786427 0.01099476439790576 0.03093812375249501
17 0.5332460732984293 0.7614770459081837 0.01099476439790576 0.029940119760479042
1 0.18298429319371728 0.5843313373253493 0.012041884816753926 0.03293413173652695
21 0.4232984293193717 0.7070858283433133 0.013089005235602094 0.03493013972055888
17 0.6157068062827226 0.8053892215568862 0.016753926701570682 0.021956087824351298
21 0.33272251308900525 0.6651696606786427 0.014136125654450262 0.04091816367265469
19 0.5510471204188482 0.7759481037924152 0.016230366492146597 0.03293413173652695
1 0.362303664921466 0.6801397205588823 0.015706806282722512 0.020958083832335328
1 0.14895287958115183 0.5788423153692615 0.01099476439790576 0.029940119760479042
19 0.25523560209424084 0.6352295409181636 0.017277486910994764 0.03093812375249501
9 0.29109947643979056 0.6576846307385229 0.05759162303664921 0.11177644710578842
17 0.5227748691099476 0.7764471057884231 0.012041884816753926 0.033932135728542916
19 0.17277486910994763 0.5998003992015968 0.012565445026178011 0.023952095808383235
9 0.2031413612565445 0.6167664670658682 0.027225130890052355 0.043912175648702596
19 0.787696335078534 0.9156686626746507 0.017277486910994764 0.03093812375249501
9 0.3725130890052356 0.7035928143712575 0.015183246073298429 0.029940119760479042
17 0.5620418848167539 0.8018962075848304 0.017277486910994764 0.0249500998003992
21 0.1356020942408377 0.5838323353293413 0.016753926701570682 0.023952095808383235
21 0.3217277486910995 0.6796407185628742 0.009947643979057591 0.02594810379241517
19 0.7013089005235602 0.874251497005988 0.017277486910994764 0.031936127744510975
1 0.5340314136125655 0.7889221556886228 0.011518324607329843 0.03093812375249501
21 0.34319371727748693 0.6941117764471058 0.020418848167539267 0.02694610778443114
4 0.6308900523560209 0.841816367265469 0.1099476439790576 0.09081836327345309
9 0.7450261780104712 0.906686626746507 0.07643979057591622 0.11077844311377245
17 0.4892670157068063 0.7764471057884231 0.01832460732984293 0.01996007984031936
19 0.2544502617801047 0.6596806387225549 0.01780104712041885 0.031936127744510975
9 0.15523560209424084 0.6087824351297405 0.017277486910994764 0.041916167664670656
21 0.3824607329842932 0.7265469061876247 0.017277486910994764 0.023952095808383235
19 0.4005235602094241 0.7355289421157685 0.013612565445026177 0.02594810379241517
19 0.4167539267015707 0.7470059880239521 0.016753926701570682 0.03093812375249501
21 0.35706806282722514 0.7160678642714571 0.01780104712041885 0.022954091816367265
21 0.32801047120418847 0.7035928143712575 0.014136125654450262 0.03992015968063872
19 0.3159685863874346 0.7015968063872255 0.015183246073298429 0.027944111776447105
17 0.4945026178010471 0.7934131736526946 0.017277486910994764 0.021956087824351298
1 0.17015706806282724 0.6307385229540918 0.014659685863874346 0.01996007984031936
21 0.4743455497382199 0.7879241516966068 0.015706806282722512 0.020958083832335328
1 0.5452879581151833 0.8248502994011976 0.012041884816753926 0.03293413173652695
1 0.6929319371727749 0.9016966067864272 0.01832460732984293 0.0249500998003992
21 0.18089005235602093 0.6472055888223552 0.015183246073298429 0.04291417165668663
19 0.25759162303664923 0.687624750499002 0.015706806282722512 0.029940119760479042
1 0.13926701570680627 0.626746506986028 0.016753926701570682 0.021956087824351298
4 0.05418848167539267 0.5763473053892215 0.10837696335078534 0.18662674650698602
17 0.5609947643979057 0.844311377245509 0.017277486910994764 0.023952095808383235
21 0.4850785340314136 0.8078842315369261 0.017277486910994764 0.020958083832335328
19 0.23481675392670157 0.6796407185628742 0.013089005235602094 0.023952095808383235
19 0.36780104712041883 0.748003992015968 0.016230366492146597 0.03293413173652695
19 0.42539267015706805 0.779441117764471 0.014136125654450262 0.02594810379241517
19 0.3102094240837696 0.720558882235529 0.015183246073298429 0.029940119760479042
21 0.10418848167539267 0.6167664670658682 0.013612565445026177 0.03592814371257485
21 0.32827225130890053 0.7330339321357285 0.016753926701570682 0.0249500998003992
21 0.16701570680628272 0.6516966067864272 0.015706806282722512 0.021956087824351298
19 0.35157068062827224 0.7455089820359282 0.016230366492146597 0.031936127744510975
21 0.12513089005235603 0.6307385229540918 0.015706806282722512 0.04590818363273453
19 0.24450261780104712 0.6946107784431138 0.015706806282722512 0.029940119760479042
21 0.2981675392670157 0.7245508982035929 0.016230366492146597 0.021956087824351298
17 0.5465968586387434 0.8517964071856288 0.01780104712041885 0.02694610778443114
21 0.14921465968586387 0.6482035928143712 0.011518324607329843 0.03293413173652695
1 0.47774869109947643 0.8203592814371258 0.015183246073298429 0.01996007984031936
9 0.5141361256544502 0.841816367265469 0.04712041884816754 0.08882235528942116
21 0.28429319371727746 0.7270459081836327 0.010471204188481676 0.03093812375249501
21 0.2696335078534031 0.719061876247505 0.010471204188481676 0.03093812375249501
1 0.2628272251308901 0.7170658682634731 0.010471204188481676 0.03093812375249501
1 0.2769633507853403 0.7235528942115769 0.010471204188481676 0.031936127744510975
19 0.3947643979057592 0.7864271457085829 0.016753926701570682 0.033932135728542916
1 0.17225130890052356 0.6726546906187625 0.015706806282722512 0.021956087824351298
4 0.8835078534031413 0.9735528942115769 0.1261780104712042 0.05089820359281437
1 0.3104712041884817 0.75 0.014659685863874346 0.018962075848303395
21 0.4693717277486911 0.8353293413173652 0.01099476439790576 0.029940119760479042
21 0.3717277486910995 0.7859281437125748 0.012565445026178011 0.036926147704590816
21 0.3287958115183246 0.7654690618762475 0.012565445026178011 0.033932135728542916
21 0.2950261780104712 0.749001996007984 0.01832460732984293 0.036926147704590816
20 0.1301047120418848 0.6681636726546906 0.026701570680628273 0.05289421157684631
19 0.1544502617801047 0.6811377245508982 0.016753926701570682 0.03093812375249501
1 0.3075916230366492 0.7654690618762475 0.014136125654450262 0.017964071856287425
19 0.5497382198952879 0.8887225548902196 0.016753926701570682 0.03093812375249501
17 0.5387434554973822 0.8842315369261478 0.012565445026178011 0.033932135728542916
17 0.5599476439790576 0.8962075848303394 0.01099476439790576 0.029940119760479042
19 0.3549738219895288 0.7929141716566867 0.012565445026178011 0.022954091816367265
21 0.34214659685863874 0.7884231536926147 0.016230366492146597 0.021956087824351298
1 0.4803664921465969 0.8597804391217565 0.012041884816753926 0.03293413173652695
20 0.1712041884816754 0.7035928143712575 0.02617801047120419 0.04790419161676647
4 0.6895287958115183 0.9296407185628742 0.2617801047120419 0.13872255489021956
1 0.456020942408377 0.8547904191616766 0.012565445026178011 0.03293413173652695
19 0.3308900523560209 0.7944111776447106 0.012565445026178011 0.023952095808383235
21 0.4651832460732984 0.8632734530938124 0.01099476439790576 0.029940119760479042
9 0.3175392670157068 0.7894211576846307 0.015183246073298429 0.02594810379241517
21 0.29659685863874347 0.7789421157684631 0.017277486910994764 0.022954091816367265
19 0.15287958115183245 0.7085828343313373 0.016753926701570682 0.031936127744510975
13 0.5547120418848167 0.9171656686626747 0.017277486910994764 0.023952095808383235
17 0.12643979057591623 0.6981037924151696 0.01832460732984293 0.0249500998003992
1 0.13900523560209424 0.7065868263473054 0.012041884816753926 0.031936127744510975
19 0.3416230366492147 0.8098802395209581 0.017277486910994764 0.03093812375249501
9 0.35968586387434553 0.8188622754491018 0.015706806282722512 0.028942115768463075
17 0.5089005235602094 0.9086826347305389 0.01780104712041885 0.0249500998003992
13 0.4712041884816754 0.8917165668662674 0.011518324607329843 0.03293413173652695
1 0.17277486910994763 0.7435129740518962 0.011518324607329843 0.033932135728542916
21 0.36727748691099477 0.844311377245509 0.016230366492146597 0.021956087824351298
9 0.4850785340314136 0.9076846307385229 0.024607329842931937 0.05688622754491018
21 0.33534031413612564 0.8328343313373253 0.017277486910994764 0.0249500998003992
19 0.34790575916230365 0.8398203592814372 0.01099476439790576 0.022954091816367265
17 0.15471204188481674 0.7430139720558883 0.016230366492146597 0.022954091816367265
19 0.5201570680628272 0.9316367265469062 0.015183246073298429 0.03093812375249501
17 0.5301047120418848 0.937125748502994 0.012041884816753926 0.033932135728542916
13 0.5010471204188481 0.9301397205588823 0.016753926701570682 0.023952095808383235
19 0.4599476439790576 0.027445109780439122 0.016230366492146597 0.03093812375249501
1 0.6376963350785341 0.12574850299401197 0.012565445026178011 0.033932135728542916
19 0.4201570680628272 0.020958083832335328 0.01832460732984293 0.033932135728542916
1 0.44293193717277485 0.03243512974051896 0.010471204188481676 0.03293413173652695
4 0.3586387434554974 0.019461077844311378 0.06387434554973823 0.038922155688622756
1 0.8973821989528796 0.26746506986027946 0.028272251308900525 0.03792415169660679
4 0.7575916230366492 0.19560878243512975 0.18219895287958116 0.15768463073852296
1 0.43455497382198954 0.03143712574850299 0.010471204188481676 0.03093812375249501
19 0.5586387434554974 0.10978043912175649 0.014659685863874346 0.027944111776447105
21 0.8664921465968587 0.2719560878243513 0.041884816753926704 0.07684630738522955
17 0.9198952879581151 0.3033932135728543 0.016753926701570682 0.021956087824351298
1 0.5416230366492146 0.11277445109780439 0.01099476439790576 0.031936127744510975
1 0.8942408376963351 0.2964071856287425 0.02617801047120419 0.03792415169660679
1 0.40916230366492146 0.04890219560878244 0.01099476439790576 0.029940119760479042
17 0.9431937172774869 0.32285429141716565 0.013089005235602094 0.03493013972055888
19 0.39764397905759163 0.04491017964071856 0.016230366492146597 0.031936127744510975
17 0.9172774869109948 0.3188622754491018 0.016753926701570682 0.022954091816367265
19 0.5164921465968586 0.11526946107784432 0.017277486910994764 0.03493013972055888
1 0.4026178010471204 0.07085828343313373 0.016753926701570682 0.021956087824351298
19 0.5149214659685863 0.14221556886227546 0.015183246073298429 0.028942115768463075
1 0.6785340314136126 0.22854291417165667 0.01780104712041885 0.023952095808383235
17 0.8452879581151832 0.3148702594810379 0.017277486910994764 0.022954091816367265
9 0.8866492146596858 0.33632734530938124 0.032984293193717276 0.06187624750499002
1 0.9083769633507853 0.34830339321357284 0.012565445026178011 0.033932135728542916
17 0.21204188481675393 0.00499001996007984 0.012565445026178011 0.00998003992015968
1 0.481413612565445 0.13073852295409183 0.016230366492146597 0.021956087824351298
1 0.9204188481675393 0.3562874251497006 0.020942408376963352 0.05588822355289421
1 0.3947643979057592 0.08932135728542914 0.016753926701570682 0.020958083832335328
9 0.44162303664921465 0.11526946107784432 0.06858638743455497 0.12874251497005987
4 0.8151832460732984 0.31037924151696605 0.041884816753926704 0.05788423153692615
4 0.7287958115183246 0.2679640718562874 0.041884816753926704 0.05688622754491018
1 0.4793193717277487 0.14570858283433133 0.017277486910994764 0.021956087824351298
1 0.3931937172774869 0.10329341317365269 0.018848167539267015 0.022954091816367265
19 0.493979057591623 0.17015968063872255 0.017277486910994764 0.03293413173652695
19 0.6979057591623037 0.2774451097804391 0.015706806282722512 0.029940119760479042
17 0.6853403141361256 0.27295409181636726 0.014659685863874346 0.020958083832335328
1 0.8819371727748692 0.37974051896207583 0.026701570680628273 0.038922155688622756
1 0.3913612565445026 0.13073852295409183 0.01832460732984293 0.02594810379241517
19 0.7298429319371728 0.30439121756487025 0.015706806282722512 0.029940119760479042
13 0.9321989528795811 0.4091816367265469 0.029842931937172777 0.03992015968063872
21 0.8531413612565445 0.36926147704590817 0.041361256544502616 0.07385229540918163
17 0.9065445026178011 0.39820359281437123 0.015183246073298429 0.01996007984031936
17 0.6829842931937172 0.28542914171656686 0.015183246073298429 0.017964071856287425
17 0.1649214659685864 0.03243512974051896 0.016753926701570682 0.020958083832335328
17 0.9044502617801047 0.4111776447105788 0.015183246073298429 0.01996007984031936
17 0.6814136125654451 0.29840319361277445 0.016230366492146597 0.01996007984031936
17 0.7916230366492146 0.35429141716566864 0.01780104712041885 0.023952095808383235
9 0.5903141361256544 0.25399201596806387 0.13769633507853404 0.2624750499001996
4 0.7609947643979058 0.34181636726546905 0.03717277486910995 0.10079840319361277
1 0.5091623036649214 0.21457085828343314 0.017277486910994764 0.023952095808383235
1 0.8764397905759163 0.40768463073852296 0.028272251308900525 0.036926147704590816
21 0.9023560209424084 0.4236526946107784 0.01832460732984293 0.0249500998003992
12 0.13743455497382198 0.03642714570858283 0.042408376963350786 0.07285429141716566
17 0.6793193717277487 0.31187624750499005 0.016230366492146597 0.018962075848303395
13 0.9264397905759162 0.43862275449101795 0.029842931937172777 0.04091816367265469
1 0.6609947643979057 0.3068862275449102 0.013089005235602094 0.03493013972055888
1 0.40654450261780106 0.18213572854291418 0.009947643979057591 0.028942115768463075
21 0.38586387434554975 0.17165668662674652 0.010471204188481676 0.029940119760479042
21 0.4 0.17864271457085829 0.011518324607329843 0.033932135728542916
21 0.3934554973821989 0.17614770459081835 0.01099476439790576 0.03293413173652695
1 0.41387434554973823 0.18662674650698602 0.009947643979057591 0.031936127744510975
1 0.4536649214659686 0.20708582834331338 0.012041884816753926 0.03493013972055888
1 0.43324607329842935 0.19610778443113772 0.01099476439790576 0.03293413173652695
1 0.4256544502617801 0.1936127744510978 0.010471204188481676 0.031936127744510975
1 0.4458115183246073 0.20409181636726548 0.012041884816753926 0.03293413173652695
17 0.6774869109947644 0.32435129740518964 0.016753926701570682 0.01996007984031936
4 0.7089005235602094 0.34331337325349304 0.02931937172774869 0.07984031936127745
17 0.8083769633507853 0.3997005988023952 0.016753926701570682 0.022954091816367265
20 0.3078534031413613 0.1472055888223553 0.02617801047120419 0.05089820359281437
19 0.487434554973822 0.23902195608782434 0.01780104712041885 0.03493013972055888
17 0.6759162303664922 0.33682634730538924 0.016753926701570682 0.018962075848303395
17 0.7824607329842932 0.39471057884231536 0.012041884816753926 0.03293413173652695
1 0.28534031413612565 0.14021956087824353 0.012565445026178011 0.03293413173652695
19 0.7958115183246073 0.405688622754491 0.016753926701570682 0.03293413173652695
19 0.6879581151832461 0.35778443113772457 0.016753926701570682 0.03093812375249501
17 0.6738219895287958 0.3502994011976048 0.016753926701570682 0.01996007984031936
17 0.7719895287958115 0.4041916167664671 0.01099476439790576 0.031936127744510975
20 0.8489528795811518 0.4481037924151697 0.025654450261780103 0.0499001996007984
17 0.8049738219895288 0.4276447105788423 0.017277486910994764 0.022954091816367265
17 0.35 0.19860279441117765 0.01099476439790576 0.029940119760479042
17 0.3787958115183246 0.21457085828343314 0.012041884816753926 0.031936127744510975
17 0.3581151832460733 0.2030938123752495 0.011518324607329843 0.03293413173652695
1 0.8782722513089005 0.46956087824351295 0.029842931937172777 0.04091816367265469
17 0.36963350785340315 0.21007984031936128 0.012565445026178011 0.03293413173652695
13 0.40445026178010474 0.22904191616766467 0.012041884816753926 0.03293413173652695
13 0.4133507853403141 0.23353293413173654 0.01099476439790576 0.029940119760479042
13 0.43350785340314135 0.2440119760479042 0.011518324607329843 0.03293413173652695
13 0.424869109947644 0.24151696606786427 0.012041884816753926 0.033932135728542916
19 0.6675392670157068 0.3657684630738523 0.016753926701570682 0.03093812375249501
21 0.2950261780104712 0.17864271457085829 0.030890052356020943 0.041916167664670656
17 0.8023560209424084 0.4441117764471058 0.017277486910994764 0.021956087824351298
19 0.6819371727748691 0.3847305389221557 0.016230366492146597 0.03093812375249501
1 0.7403141361256544 0.4161676646706587 0.016753926701570682 0.031936127744510975
19 0.7727748691099476 0.4341317365269461 0.015706806282722512 0.029940119760479042
17 0.7073298429319371 0.40169660678642716 0.016753926701570682 0.022954091816367265
13 0.35104712041884817 0.22005988023952097 0.01832460732984293 0.022954091816367265
13 0.37198952879581154 0.2315369261477046 0.017277486910994764 0.01996007984031936
19 0.47643979057591623 0.28542914171656686 0.015706806282722512 0.029940119760479042
17 0.6649214659685864 0.3842315369261477 0.016753926701570682 0.021956087824351298
13 0.40523560209424087 0.25249500998003993 0.016753926701570682 0.01996007984031936
13 0.4261780104712042 0.2629740518962076 0.01780104712041885 0.020958083832335328
4 0.9280104712041884 0.5219560878243513 0.06753926701570681 0.13373253493013973
17 0.1837696335078534 0.1412175648702595 0.012565445026178011 0.03293413173652695
0 0.12460732984293194 0.11327345309381237 0.0806282722513089 0.13273453093812376
17 0.8382198952879581 0.4805389221556886 0.014659685863874346 0.018962075848303395
1 0.3138743455497382 0.21407185628742514 0.020418848167539267 0.054890219560878244
9 0.8672774869109947 0.5024950099800399 0.024607329842931937 0.038922155688622756
17 0.8039267015706806 0.47155688622754494 0.0193717277486911 0.02694610778443114
17 0.6628272251308901 0.40069860279441116 0.016753926701570682 0.022954091816367265
17 0.3649214659685864 0.24900199600798403 0.011518324607329843 0.03293413173652695
17 0.18979057591623036 0.1601796407185629 0.012041884816753926 0.03493013972055888
17 0.34345549738219894 0.23802395209580837 0.012565445026178011 0.03093812375249501
17 0.3730366492146597 0.25399201596806387 0.012041884816753926 0.03493013972055888
17 0.35235602094240837 0.24451097804391217 0.011518324607329843 0.031936127744510975
19 0.7693717277486911 0.4590818363273453 0.016230366492146597 0.029940119760479042
17 0.3981675392670157 0.2694610778443114 0.01099476439790576 0.029940119760479042
17 0.42774869109947644 0.2844311377245509 0.011518324607329843 0.029940119760479042
1 0.6897905759162304 0.4186626746506986 0.0193717277486911 0.036926147704590816
17 0.40785340314136126 0.27395209580838326 0.011518324607329843 0.03093812375249501
17 0.8366492146596859 0.4945109780439122 0.014659685863874346 0.018962075848303395
17 0.4193717277486911 0.280938123752495 0.011518324607329843 0.03293413173652695
17 0.6604712041884817 0.4166666666666667 0.017277486910994764 0.020958083832335328
19 0.6198952879581152 0.3997005988023952 0.014659685863874346 0.02694610778443114
1 0.5178010471204189 0.3502994011976048 0.018848167539267015 0.02594810379241517
4 0.28900523560209423 0.2345309381237525 0.028272251308900525 0.07984031936127745
17 0.6581151832460733 0.43263473053892215 0.016753926701570682 0.022954091816367265
1 0.7761780104712042 0.4940119760479042 0.016230366492146597 0.029940119760479042
1 0.8678010471204188 0.5419161676646707 0.028795811518324606 0.03592814371257485
1 0.5549738219895288 0.38822355289421157 0.015706806282722512 0.021956087824351298
19 0.6345549738219896 0.4306387225548902 0.015706806282722512 0.03093812375249501
17 0.6206806282722513 0.42664670658682635 0.014136125654450262 0.036926147704590816
17 0.6036649214659686 0.4176646706586826 0.009424083769633508 0.03093812375249501
17 0.5900523560209424 0.4106786427145709 0.011518324607329843 0.03493013972055888
17 0.7803664921465968 0.5084830339321357 0.013089005235602094 0.022954091816367265
19 0.6680628272251309 0.45159680638722555 0.016753926701570682 0.03293413173652695
17 0.569109947643979 0.40119760479041916 0.010471204188481676 0.031936127744510975
17 0.5832460732984294 0.40818363273453095 0.009424083769633508 0.027944111776447105
17 0.6107329842931937 0.4226546906187625 0.01099476439790576 0.03293413173652695
17 0.5769633507853403 0.405189620758483 0.010471204188481676 0.031936127744510975
17 0.5968586387434555 0.4166666666666667 0.010471204188481676 0.03093812375249501
19 0.8403141361256544 0.5444111776447106 0.016753926701570682 0.03093812375249501
19 0.4154450261780105 0.3313373253493014 0.25287958115183246 0.4810379241516966
4 0.3730366492146597 0.31037924151696605 0.16387434554973823 0.15169660678642716
19 0.8086387434554974 0.5349301397205589 0.016230366492146597 0.031936127744510975
17 0.1424083769633508 0.19610778443113772 0.01780104712041885 0.0249500998003992
19 0.48350785340314134 0.3712574850299401 0.026701570680628273 0.06786427145708583
19 0.16701570680628272 0.21357285429141717 0.016753926701570682 0.033932135728542916
17 0.6497382198952879 0.4660678642714571 0.012565445026178011 0.023952095808383235
1 0.7900523560209424 0.5399201596806387 0.015706806282722512 0.027944111776447105
12 0.11413612565445026 0.19560878243512975 0.04607329842931937 0.07584830339321358
17 0.643979057591623 0.4725548902195609 0.012565445026178011 0.0249500998003992
17 0.8371727748691099 0.5723552894211577 0.011518324607329843 0.028942115768463075
1 0.6366492146596858 0.4785429141716567 0.014659685863874346 0.028942115768463075
4 0.912565445026178 0.6207584830339321 0.024083769633507852 0.07984031936127745
9 0.8086387434554974 0.5748502994011976 0.03193717277486911 0.059880239520958084
4 0.5913612565445027 0.47305389221556887 0.042408376963350786 0.05788423153692615
17 0.1356020942408377 0.24550898203592814 0.016753926701570682 0.023952095808383235
19 0.6170157068062827 0.49151696606786427 0.017277486910994764 0.03093812375249501
12 0.10706806282722513 0.2559880239520958 0.04450261780104712 0.07684630738522955
19 0.5924083769633508 0.5079840319361277 0.016230366492146597 0.031936127744510975
21 0.4442408376963351 0.4426147704590818 0.012041884816753926 0.03293413173652695
1 0.45209424083769634 0.4471057884231537 0.009947643979057591 0.031936127744510975
1 0.45890052356020944 0.4505988023952096 0.01099476439790576 0.03293413173652695
1 0.8115183246073299 0.6332335329341318 0.016753926701570682 0.03293413173652695