1 0.618293991416309 0.4744897959183674 0.014484978540772532 0.018367346938775512
21 0.27950643776824036 0.40255102040816326 0.01072961373390558 0.03163265306122449
17 0.4951716738197425 0.45714285714285713 0.012875536480686695 0.0163265306122449
21 0.25160944206008584 0.4005102040816326 0.018240343347639486 0.02346938775510204
17 0.12607296137339055 0.373469387755102 0.018240343347639486 0.022448979591836733
19 0.2905042918454936 0.4122448979591837 0.01555793991416309 0.030612244897959183
19 0.8516630901287554 0.5448979591836735 0.01555793991416309 0.030612244897959183
1 0.5042918454935622 0.4658163265306122 0.009656652360515022 0.03163265306122449
1 0.48256437768240346 0.4607142857142857 0.009120171673819743 0.03163265306122449
21 0.21164163090128754 0.40408163265306124 0.017703862660944206 0.022448979591836733
19 0.3425429184549356 0.4357142857142857 0.011266094420600859 0.022448979591836733
17 0.49356223175965663 0.4714285714285714 0.013948497854077254 0.0163265306122449
21 0.23605150214592274 0.411734693877551 0.017167381974248927 0.02142857142857143
21 0.26528969957081544 0.41836734693877553 0.016630901287553648 0.018367346938775512
1 0.48497854077253216 0.48214285714285715 0.015021459227467811 0.015306122448979591
12 0.0971030042918455 0.3923469387755102 0.04291845493562232 0.07040816326530612
1 0.4061158798283262 0.4658163265306122 0.017167381974248927 0.019387755102040816
9 0.7328326180257511 0.5448979591836735 0.24892703862660945 0.47551020408163264
9 0.22398068669527896 0.42857142857142855 0.014484978540772532 0.026530612244897958
9 0.276019313304721 0.4418367346938776 0.014484978540772532 0.026530612244897958
19 0.3253755364806867 0.45714285714285713 0.01555793991416309 0.030612244897959183
1 0.490343347639485 0.49642857142857144 0.016094420600858368 0.017346938775510204
1 0.4055793991416309 0.48112244897959183 0.016094420600858368 0.017346938775510204
19 0.19527896995708155 0.4336734693877551 0.015021459227467811 0.02857142857142857
1 0.2988197424892704 0.461734693877551 0.016094420600858368 0.017346938775510204
9 0.44447424892703863 0.5010204081632653 0.054184549356223174 0.10408163265306122
1 0.4831008583690987 0.5091836734693878 0.017703862660944206 0.018367346938775512
1 0.2628755364806867 0.45918367346938777 0.017167381974248927 0.02040816326530612
1 0.2344420600858369 0.45408163265306123 0.015021459227467811 0.018367346938775512
1 0.21003218884120173 0.4545918367346939 0.0101931330472103 0.03163265306122449
19 0.3082081545064378 0.4770408163265306 0.012339055793991416 0.02346938775510204
17 0.1223175965665236 0.43418367346938774 0.017167381974248927 0.02142857142857143
21 0.18669527896995708 0.45408163265306123 0.015021459227467811 0.0163265306122449
19 0.3425429184549356 0.49081632653061225 0.01555793991416309 0.030612244897959183
21 0.21995708154506438 0.4673469387755102 0.01072961373390558 0.0326530612244898
21 0.2738733905579399 0.48112244897959183 0.0101931330472103 0.0336734693877551
21 0.29747854077253216 0.48775510204081635 0.01555793991416309 0.02040816326530612
21 0.33047210300429186 0.4954081632653061 0.011802575107296138 0.0336734693877551
21 0.4042381974248927 0.5142857142857142 0.017703862660944206 0.02040816326530612
19 0.48792918454935624 0.5341836734693878 0.014484978540772532 0.027551020408163266
4 0.8996781115879828 0.6311224489795918 0.08583690987124463 0.4173469387755102
19 0.5214592274678111 0.5448979591836735 0.013948497854077254 0.02857142857142857
4 0.5464055793991416 0.551530612244898 0.0638412017167382 0.4091836734693878
21 0.18562231759656653 0.47244897959183674 0.017167381974248927 0.018367346938775512
19 0.2084227467811159 0.47908163265306125 0.012339055793991416 0.02346938775510204
12 0.09281115879828326 0.45357142857142857 0.04184549356223176 0.0663265306122449
19 0.2824570815450644 0.503061224489796 0.01555793991416309 0.0326530612244898
9 0.309549356223176 0.5107142857142857 0.015021459227467811 0.027551020408163266
1 0.8344957081545065 0.6346938775510204 0.016630901287553648 0.03469387755102041
21 0.476931330472103 0.5525510204081633 0.01072961373390558 0.0336734693877551
4 0.9603004291845494 0.6683673469387755 0.07296137339055794 0.15510204081632653
21 0.18159871244635192 0.48775510204081635 0.017703862660944206 0.02040816326530612
19 0.4034334763948498 0.5418367346938775 0.013948497854077254 0.02857142857142857
1 0.6220493562231759 0.5933673469387755 0.014484978540772532 0.02959183673469388
19 0.1958154506437768 0.5020408163265306 0.013948497854077254 0.026530612244897958
9 0.2234442060085837 0.5107142857142857 0.02092274678111588 0.03163265306122449
1 0.822961373390558 0.6530612244897959 0.019313304721030045 0.036734693877551024
19 0.16228540772532188 0.4989795918367347 0.014484978540772532 0.02857142857142857
19 0.18052575107296137 0.5061224489795918 0.014484978540772532 0.02857142857142857
21 0.4533261802575107 0.5704081632653061 0.015021459227467811 0.0163265306122449
19 0.41067596566523606 0.560204081632653 0.014484978540772532 0.0326530612244898
21 0.43186695278969955 0.5663265306122449 0.015021459227467811 0.018367346938775512
17 0.11829399141630902 0.49744897959183676 0.016630901287553648 0.019387755102040816
21 0.44206008583690987 0.575 0.0075107296137339056 0.02959183673469388
21 0.2459763948497854 0.5295918367346939 0.0101931330472103 0.030612244897959183
21 0.4208690987124464 0.5709183673469388 0.009120171673819743 0.0336734693877551
19 0.3739270386266094 0.5622448979591836 0.011802575107296138 0.022448979591836733
19 0.2344420600858369 0.5311224489795918 0.011802575107296138 0.02142857142857143
17 0.1928648068669528 0.5260204081632653 0.016630901287553648 0.019387755102040816
21 0.17086909871244635 0.5219387755102041 0.016630901287553648 0.017346938775510204
19 0.3382510729613734 0.5627551020408164 0.01555793991416309 0.02959183673469388
19 0.35783261802575106 0.5673469387755102 0.015021459227467811 0.02857142857142857
1 0.4565450643776824 0.5918367346938775 0.0075107296137339056 0.024489795918367346
21 0.4273068669527897 0.5846938775510204 0.008047210300429184 0.02857142857142857
21 0.43374463519313305 0.5877551020408164 0.008047210300429184 0.02857142857142857
1 0.44957081545064376 0.5913265306122449 0.0075107296137339056 0.025510204081632654
1 0.8063304721030042 0.676530612244898 0.019313304721030045 0.036734693877551024
12 0.08986051502145923 0.513265306122449 0.04130901287553648 0.06938775510204082
1 0.2744098712446352 0.5596938775510204 0.011266094420600859 0.0336734693877551
19 0.24570815450643776 0.5561224489795918 0.017167381974248927 0.030612244897959183
21 0.21271459227467812 0.5505102040816326 0.011266094420600859 0.0336734693877551
1 0.23336909871244635 0.5551020408163265 0.008583690987124463 0.030612244897959183
17 0.30391630901287553 0.573469387755102 0.016630901287553648 0.018367346938775512
21 0.3328862660944206 0.5826530612244898 0.017703862660944206 0.022448979591836733
13 0.4302575107296137 0.6071428571428571 0.016094420600858368 0.0163265306122449
13 0.45064377682403434 0.6122448979591837 0.015021459227467811 0.0163265306122449
1 0.7953326180257511 0.6938775510204082 0.016630901287553648 0.0326530612244898
19 0.22210300429184548 0.5612244897959183 0.013948497854077254 0.026530612244897958
19 0.614538626609442 0.6530612244897959 0.01555793991416309 0.02857142857142857
17 0.8363733905579399 0.7061224489795919 0.018240343347639486 0.022448979591836733
20 0.1786480686695279 0.5566326530612244 0.027896995708154508 0.04795918367346939
21 0.3479077253218884 0.5974489795918367 0.0101931330472103 0.0336734693877551
13 0.5933476394849786 0.6576530612244897 0.017167381974248927 0.02346938775510204
21 0.3111587982832618 0.5918367346938775 0.015021459227467811 0.0163265306122449
21 0.2947961373390558 0.5887755102040816 0.016630901287553648 0.018367346938775512
19 0.3739270386266094 0.6081632653061224 0.015021459227467811 0.02857142857142857
21 0.35568669527896996 0.6056122448979592 0.009656652360515022 0.03163265306122449
1 0.38412017167381973 0.611734693877551 0.009656652360515022 0.03163265306122449
19 0.226931330472103 0.5790816326530612 0.012875536480686695 0.02346938775510204
19 0.46915236051502146 0.6372448979591837 0.01555793991416309 0.02959183673469388
1 0.6593347639484979 0.6811224489795918 0.016094420600858368 0.02959183673469388
21 0.19796137339055794 0.575 0.016094420600858368 0.019387755102040816
21 0.4281115879828326 0.6285714285714286 0.011802575107296138 0.02857142857142857
21 0.4501072961373391 0.6331632653061224 0.012875536480686695 0.02959183673469388
19 0.26180257510729615 0.5903061224489796 0.013948497854077254 0.027551020408163266
19 0.7840665236051502 0.7137755102040816 0.01555793991416309 0.02959183673469388
19 0.24651287553648069 0.5887755102040816 0.01555793991416309 0.0326530612244898
21 0.16604077253218885 0.5719387755102041 0.01555793991416309 0.017346938775510204
1 0.8111587982832618 0.7229591836734693 0.015021459227467811 0.017346938775510204
21 0.36292918454935624 0.6178571428571429 0.0101931330472103 0.0336734693877551
21 0.3208154506437768 0.6122448979591837 0.0075107296137339056 0.026530612244897958
17 0.33610515021459225 0.6158163265306122 0.0101931330472103 0.0336734693877551
1 0.3280579399141631 0.6142857142857143 0.009120171673819743 0.0326530612244898
19 0.5740343347639485 0.675 0.015021459227467811 0.02959183673469388
19 0.4112124463519313 0.6377551020408163 0.014484978540772532 0.02857142857142857
17 0.2969420600858369 0.613265306122449 0.009120171673819743 0.02857142857142857
17 0.3138412017167382 0.6173469387755102 0.009656652360515022 0.0326530612244898
21 0.30579399141630903 0.6153061224489796 0.008583690987124463 0.030612244897959183
1 0.20118025751072963 0.5948979591836735 0.015021459227467811 0.0163265306122449
21 0.18293991416309013 0.5913265306122449 0.022532188841201718 0.025510204081632654
21 0.16523605150214593 0.588265306122449 0.017167381974248927 0.019387755102040816
19 0.372049356223176 0.6408163265306123 0.01555793991416309 0.030612244897959183
19 0.3487124463519313 0.6352040816326531 0.015021459227467811 0.027551020408163266
21 0.23417381974248927 0.6091836734693877 0.017703862660944206 0.022448979591836733
19 0.4627145922746781 0.6642857142857143 0.012339055793991416 0.02040816326530612
21 0.8283261802575107 0.7510204081632653 0.05793991416309013 0.04285714285714286
21 0.434549356223176 0.6622448979591836 0.01072961373390558 0.03469387755102041
21 0.2867489270386266 0.6275510204081632 0.0101931330472103 0.0326530612244898
9 0.21620171673819744 0.613265306122449 0.015021459227467811 0.03877551020408163
13 0.5764484978540773 0.6979591836734694 0.016630901287553648 0.018367346938775512
19 0.3956545064377682 0.6566326530612245 0.012339055793991416 0.025510204081632654
19 0.681598712446352 0.7244897959183674 0.01555793991416309 0.02857142857142857
21 0.3583690987124464 0.6556122448979592 0.016094420600858368 0.017346938775510204
21 0.424087982832618 0.6709183673469388 0.011266094420600859 0.0336734693877551
19 0.24543991416309013 0.6321428571428571 0.016630901287553648 0.03163265306122449
17 0.6604077253218884 0.7316326530612245 0.015021459227467811 0.02040816326530612
1 0.8004291845493562 0.764795918367347 0.017167381974248927 0.019387755102040816
9 0.17972103004291845 0.6198979591836735 0.023605150214592276 0.03775510204081633
21 0.4694206008583691 0.6892857142857143 0.011802575107296138 0.0336734693877551
21 0.3897532188841202 0.6724489795918367 0.017703862660944206 0.02040816326530612
13 0.5635729613733905 0.7147959183673469 0.0101931330472103 0.02959183673469388
19 0.6078326180257511 0.7255102040816327 0.015021459227467811 0.030612244897959183
1 0.75 0.7586734693877552 0.019313304721030045 0.03775510204081633
19 0.2813841201716738 0.6510204081632653 0.014484978540772532 0.024489795918367346
1 0.22800429184549356 0.639795918367347 0.018240343347639486 0.02040816326530612
1 0.6875 0.7494897959183674 0.013412017167381975 0.027551020408163266
21 0.15638412017167383 0.6255102040816326 0.016630901287553648 0.018367346938775512
9 0.4396459227467811 0.6923469387755102 0.01555793991416309 0.027551020408163266
1 0.37741416309012876 0.6790816326530612 0.009120171673819743 0.02959183673469388
17 0.5718884120171673 0.7260204081632653 0.009656652360515022 0.02959183673469388
1 0.20332618025751073 0.6418367346938776 0.01072961373390558 0.0326530612244898
21 0.4562768240343348 0.7010204081632653 0.011266094420600859 0.03469387755102041
17 0.658530042918455 0.7479591836734694 0.016630901287553648 0.018367346938775512
21 0.361587982832618 0.6826530612244898 0.011802575107296138 0.04081632653061224
19 0.5912017167381974 0.736734693877551 0.015021459227467811 0.030612244897959183
1 0.39243562231759654 0.689795918367347 0.01555793991416309 0.018367346938775512
1 0.16872317596566525 0.6454081632653061 0.009120171673819743 0.02959183673469388
19 0.2800429184549356 0.6744897959183673 0.016094420600858368 0.02857142857142857
9 0.31813304721030045 0.686734693877551 0.0536480686695279 0.10408163265306122
17 0.5622317596566524 0.7443877551020408 0.01072961373390558 0.0336734693877551
19 0.194206008583691 0.6602040816326531 0.011802575107296138 0.022448979591836733
9 0.2261266094420601 0.6698979591836735 0.02628755364806867 0.03979591836734694
19 0.8417381974248928 0.813265306122449 0.016094420600858368 0.02857142857142857
9 0.40450643776824036 0.7112244897959183 0.013948497854077254 0.02857142857142857
17 0.6038090128755365 0.7586734693877552 0.016630901287553648 0.02142857142857143
21 0.15531115879828325 0.6540816326530612 0.016630901287553648 0.02040816326530612
21 0.35085836909871243 0.7010204081632653 0.008583690987124463 0.024489795918367346
19 0.7510729613733905 0.7954081632653062 0.016094420600858368 0.02959183673469388
1 0.5745708154506438 0.7540816326530613 0.009656652360515022 0.030612244897959183
21 0.3741952789699571 0.7096938775510204 0.01984978540772532 0.02346938775510204
4 0.677038626609442 0.7816326530612245 0.11266094420600858 0.0653061224489796
9 0.7974785407725322 0.8158163265306122 0.07457081545064377 0.09693877551020408
17 0.5284334763948498 0.7540816326530613 0.018240343347639486 0.0163265306122449
19 0.2811158798283262 0.6989795918367347 0.017167381974248927 0.02857142857142857
9 0.17703862660944206 0.6744897959183673 0.015021459227467811 0.04081632653061224
21 0.41630901287553645 0.7311224489795919 0.017167381974248927 0.02142857142857143
19 0.4353540772532189 0.7362244897959184 0.012339055793991416 0.02346938775510204
19 0.45252145922746784 0.7428571428571429 0.01555793991416309 0.02857142857142857
21 0.3897532188841202 0.7280612244897959 0.017703862660944206 0.019387755102040816
21 0.3594420600858369 0.7229591836734693 0.011802575107296138 0.03979591836734694
19 0.3468347639484979 0.7244897959183674 0.014484978540772532 0.026530612244897958
17 0.5354077253218884 0.7688775510204081 0.017167381974248927 0.019387755102040816
1 0.19393776824034334 0.6923469387755102 0.014484978540772532 0.017346938775510204
21 0.5142167381974249 0.7688775510204081 0.01555793991416309 0.017346938775510204
1 0.5890557939914163 0.7877551020408163 0.01072961373390558 0.0326530612244898
1 0.7443669527896996 0.8244897959183674 0.017703862660944206 0.022448979591836733
21 0.2057403433476395 0.7056122448979592 0.013412017167381975 0.04183673469387755
19 0.286480686695279 0.7260204081632653 0.015021459227467811 0.027551020408163266
1 0.16228540772532188 0.6969387755102041 0.016630901287553648 0.018367346938775512
4 0.0625 0.673469387755102 0.125 0.16122448979591836
17 0.6067596566523605 0.8025510204081633 0.017167381974248927 0.02142857142857143
21 0.5265557939914163 0.7857142857142857 0.016630901287553648 0.018367346938775512
19 0.26314377682403434 0.725 0.012339055793991416 0.02142857142857143
19 0.4028969957081545 0.7571428571428571 0.015021459227467811 0.030612244897959183
19 0.463519313304721 0.773469387755102 0.012875536480686695 0.024489795918367346
19 0.3428111587982833 0.7448979591836735 0.013948497854077254 0.02857142857142857
21 0.12607296137339055 0.6959183673469388 0.011802575107296138 0.03469387755102041
21 0.361587982832618 0.7525510204081632 0.016094420600858368 0.02142857142857143
21 0.1923283261802575 0.7137755102040816 0.01555793991416309 0.019387755102040816
19 0.38680257510729615 0.7596938775510204 0.015021459227467811 0.02959183673469388
21 0.14780042918454936 0.7051020408163265 0.013412017167381975 0.044897959183673466
19 0.2738733905579399 0.736734693877551 0.014484978540772532 0.02857142857142857
21 0.3310085836909871 0.753061224489796 0.016094420600858368 0.018367346938775512
17 0.592274678111588 0.813265306122449 0.017167381974248927 0.024489795918367346
21 0.17355150214592274 0.7163265306122449 0.0101931330472103 0.0326530612244898
1 0.5203862660944206 0.8005102040816326 0.015021459227467811 0.017346938775510204
9 0.5590128755364807 0.813265306122449 0.043991416309012876 0.08163265306122448
21 0.31706008583690987 0.7591836734693878 0.008583690987124463 0.030612244897959183
21 0.30150214592274677 0.7551020408163265 0.008583690987124463 0.030612244897959183
1 0.2939914163090129 0.7540816326530613 0.008583690987124463 0.030612244897959183
1 0.30874463519313305 0.7576530612244898 0.009120171673819743 0.03163265306122449
19 0.4332081545064378 0.7892857142857143 0.01555793991416309 0.03163265306122449
1 0.19930257510729613 0.7341836734693877 0.01555793991416309 0.019387755102040816
4 0.9340128755364807 0.9096938775510204 0.09334763948497854 0.1520408163265306
1 0.3449570815450644 0.7744897959183673 0.013948497854077254 0.0163265306122449
21 0.512607296137339 0.8188775510204082 0.009120171673819743 0.02959183673469388
21 0.40987124463519314 0.7948979591836735 0.01072961373390558 0.036734693877551024
21 0.36507510729613735 0.7852040816326531 0.011266094420600859 0.0336734693877551
21 0.3293991416309013 0.7775510204081633 0.017167381974248927 0.03469387755102041
20 0.15611587982832617 0.7403061224489796 0.02467811158798283 0.05
19 0.18159871244635192 0.7479591836734694 0.01555793991416309 0.02857142857142857
1 0.34334763948497854 0.7913265306122449 0.013948497854077254 0.015306122448979591
19 0.5979077253218884 0.8510204081632653 0.01555793991416309 0.02857142857142857
17 0.5866416309012875 0.8494897959183674 0.011266094420600859 0.0336734693877551
17 0.6089055793991416 0.8556122448979592 0.009656652360515022 0.02959183673469388
19 0.39324034334763946 0.8061224489795918 0.011802575107296138 0.02040816326530612
21 0.3798283261802575 0.8051020408163265 0.016094420600858368 0.018367346938775512
1 0.5257510729613734 0.8408163265306122 0.01072961373390558 0.0326530612244898
20 0.2003755364806867 0.7653061224489796 0.024141630901287552 0.044897959183673466
4 0.746244635193133 0.8964285714285715 0.26716738197424894 0.16020408163265307
1 0.5008047210300429 0.8418367346938775 0.011266094420600859 0.0326530612244898
19 0.3688304721030043 0.8142857142857143 0.011266094420600859 0.022448979591836733
21 0.5107296137339056 0.8484693877551021 0.009656652360515022 0.02959183673469388
9 0.35488197424892703 0.8127551020408164 0.014484978540772532 0.02346938775510204
21 0.3331545064377682 0.8081632653061225 0.017167381974248927 0.02040816326530612
19 0.18159871244635192 0.775 0.01555793991416309 0.02959183673469388
13 0.60568669527897 0.8770408163265306 0.017167381974248927 0.02142857142857143
17 0.1542381974248927 0.7724489795918368 0.017703862660944206 0.022448979591836733
1 0.16765021459227467 0.7770408163265307 0.0101931330472103 0.03163265306122449
19 0.38143776824034337 0.8275510204081633 0.016094420600858368 0.02857142857142857
9 0.4002145922746781 0.8316326530612245 0.015021459227467811 0.026530612244897958
17 0.5579399141630901 0.8816326530612245 0.017167381974248927 0.022448979591836733
13 0.5185085836909872 0.8744897959183674 0.0101931330472103 0.0326530612244898
1 0.20493562231759657 0.8051020408163265 0.009656652360515022 0.0326530612244898
21 0.40987124463519314 0.8551020408163266 0.016094420600858368 0.018367346938775512
9 0.5340665236051502 0.8877551020408163 0.021995708154506438 0.05510204081632653
21 0.3763412017167382 0.851530612244898 0.016630901287553648 0.02142857142857143
19 0.3897532188841202 0.8556122448979592 0.0101931330472103 0.02142857142857143
17 0.18669527896995708 0.8107142857142857 0.016094420600858368 0.019387755102040816
19 0.5713519313304721 0.9025510204081633 0.013948497854077254 0.02959183673469388
17 0.5820815450643777 0.9045918367346939 0.01072961373390558 0.0336734693877551
13 0.5517703862660944 0.9061224489795918 0.016630901287553648 0.02040816326530612
19 0.4423283261802575 0.008673469387755102 0.01555793991416309 0.017346938775510204
1 0.6306330472103004 0.05357142857142857 0.011266094420600859 0.0336734693877551
19 0.40155579399141633 0.01173469387755102 0.017703862660944206 0.02346938775510204
1 0.42569742489270385 0.01479591836734694 0.009120171673819743 0.02959183673469388
4 0.3374463519313305 0.018877551020408164 0.06223175965665236 0.03775510204081633
1 0.903969957081545 0.12653061224489795 0.027896995708154508 0.0326530612244898
4 0.7569742489270386 0.0933673469387755 0.18669527896995708 0.11530612244897959
1 0.4176502145922747 0.01479591836734694 0.009120171673819743 0.02959183673469388
19 0.5493562231759657 0.05918367346938776 0.013948497854077254 0.026530612244897958
21 0.8736587982832618 0.13979591836734695 0.039163090128755365 0.07142857142857142
17 0.9299892703862661 0.15714285714285714 0.016630901287553648 0.018367346938775512
1 0.5319206008583691 0.0673469387755102 0.009120171673819743 0.030612244897959183
1 0.9034334763948498 0.15714285714285714 0.02575107296137339 0.0326530612244898
1 0.3927038626609442 0.03826530612244898 0.009656652360515022 0.02959183673469388
17 0.9546673819742489 0.1704081632653061 0.011266094420600859 0.03469387755102041
19 0.38090128755364805 0.037244897959183676 0.015021459227467811 0.02959183673469388
17 0.9283798283261803 0.1739795918367347 0.016630901287553648 0.019387755102040816
19 0.5061695278969958 0.07653061224489796 0.01555793991416309 0.0326530612244898
1 0.3876072961373391 0.06326530612244897 0.016630901287553648 0.018367346938775512
0 0.12070815450643776 0.0326530612244898 0.07939914163090128 0.0653061224489796
17 0.1821351931330472 0.017857142857142856 0.011266094420600859 0.0336734693877551
19 0.506706008583691 0.10357142857142858 0.014484978540772532 0.027551020408163266
1 0.6794527896995708 0.14744897959183673 0.017703862660944206 0.02142857142857143
17 0.8551502145922747 0.18979591836734694 0.017167381974248927 0.02040816326530612
9 0.8991416309012875 0.2 0.03111587982832618 0.05714285714285714
1 0.9219420600858369 0.20561224489795918 0.011266094420600859 0.0336734693877551
17 0.18857296137339055 0.03520408163265306 0.0101931330472103 0.0336734693877551
1 0.4721030042918455 0.10204081632653061 0.016094420600858368 0.018367346938775512
1 0.9345493562231759 0.21071428571428572 0.018240343347639486 0.05408163265306123
1 0.38090128755364805 0.08316326530612245 0.016094420600858368 0.017346938775510204
9 0.43052575107296137 0.09642857142857143 0.0638412017167382 0.11938775510204082
4 0.8240343347639485 0.1933673469387755 0.0407725321888412 0.05
4 0.7339055793991416 0.17346938775510204 0.0407725321888412 0.04897959183673469
1 0.4715665236051502 0.11683673469387755 0.017167381974248927 0.019387755102040816
1 0.38063304721030045 0.09846938775510204 0.018776824034334765 0.019387755102040816
19 0.4876609442060086 0.13877551020408163 0.016094420600858368 0.030612244897959183
19 0.7027896995708155 0.1923469387755102 0.015021459227467811 0.027551020408163266
17 0.6896459227467812 0.18979591836734694 0.014484978540772532 0.018367346938775512
1 0.8969957081545065 0.24540816326530612 0.02575107296137339 0.0336734693877551
1 0.38063304721030045 0.12602040816326532 0.017703862660944206 0.02346938775510204
19 0.7371244635193133 0.2096938775510204 0.015021459227467811 0.027551020408163266
13 0.9503755364806867 0.26071428571428573 0.029506437768240343 0.0336734693877551
21 0.8672210300429185 0.2423469387755102 0.039163090128755365 0.06836734693877551
17 0.9232832618025751 0.2571428571428571 0.015021459227467811 0.0163265306122449
17 0.6883047210300429 0.20408163265306123 0.015021459227467811 0.014285714285714285
17 0.14377682403433475 0.08826530612244898 0.016094420600858368 0.017346938775510204
17 0.9227467811158798 0.2714285714285714 0.015021459227467811 0.0163265306122449
17 0.6877682403433476 0.2173469387755102 0.016094420600858368 0.0163265306122449
17 0.8039163090128756 0.2443877551020408 0.017703862660944206 0.02142857142857143
9 0.592274678111588 0.19693877551020408 0.12875536480686695 0.24489795918367346
4 0.7714592274678111 0.23979591836734693 0.032188841201716736 0.09795918367346938
1 0.5069742489270386 0.17908163265306123 0.017167381974248927 0.02142857142857143
1 0.8937768240343348 0.2739795918367347 0.027896995708154508 0.03163265306122449
21 0.921137339055794 0.2841836734693878 0.018240343347639486 0.02142857142857143
12 0.1161480686695279 0.09591836734693877 0.039163090128755365 0.07346938775510205
17 0.6866952789699571 0.23112244897959183 0.016094420600858368 0.015306122448979591
13 0.947156652360515 0.29285714285714287 0.029506437768240343 0.03469387755102041
1 0.6676502145922747 0.23061224489795917 0.011266094420600859 0.03469387755102041
1 0.3999463519313305 0.17346938775510204 0.008047210300429184 0.02857142857142857
21 0.3782188841201717 0.16887755102040816 0.008583690987124463 0.02959183673469388
21 0.39324034334763946 0.17244897959183675 0.009656652360515022 0.0326530612244898
21 0.38599785407725323 0.17142857142857143 0.009120171673819743 0.0326530612244898
1 0.4082618025751073 0.1760204081632653 0.008583690987124463 0.03163265306122449
1 0.4498390557939914 0.18571428571428572 0.0101931330472103 0.03469387755102041
1 0.4281115879828326 0.18112244897959184 0.009656652360515022 0.03163265306122449
1 0.42033261802575106 0.18010204081632653 0.009120171673819743 0.03163265306122449
1 0.4415236051502146 0.18571428571428572 0.01072961373390558 0.0326530612244898
17 0.6858905579399142 0.2443877551020408 0.016630901287553648 0.017346938775510204
4 0.7186158798283262 0.25510204081632654 0.02521459227467811 0.07755102040816327
17 0.8243025751072961 0.28520408163265304 0.016630901287553648 0.019387755102040816
20 0.29721030042918456 0.16479591836734694 0.02467811158798283 0.04795918367346939
19 0.486587982832618 0.20918367346938777 0.016094420600858368 0.0326530612244898
17 0.6848175965665236 0.2571428571428571 0.016630901287553648 0.0163265306122449
17 0.7972103004291845 0.286734693877551 0.01072961373390558 0.0326530612244898
1 0.2738733905579399 0.16428571428571428 0.011266094420600859 0.0326530612244898
19 0.8119635193133047 0.29489795918367345 0.01555793991416309 0.030612244897959183
19 0.6982296137339056 0.2755102040816326 0.01555793991416309 0.02857142857142857
17 0.6842811158798283 0.27193877551020407 0.016630901287553648 0.017346938775510204
17 0.7878218884120172 0.3 0.009120171673819743 0.030612244897959183
20 0.8688304721030042 0.32346938775510203 0.024141630901287552 0.04693877551020408
17 0.822961373390558 0.3142857142857143 0.017167381974248927 0.02040816326530612
17 0.34415236051502146 0.20561224489795918 0.009120171673819743 0.02959183673469388
17 0.3741952789699571 0.21377551020408164 0.0101931330472103 0.03163265306122449
17 0.35273605150214593 0.20918367346938777 0.0101931330472103 0.0326530612244898
1 0.9002145922746781 0.33622448979591835 0.028969957081545063 0.03571428571428571
17 0.3645386266094421 0.21224489795918366 0.011266094420600859 0.0326530612244898
13 0.4012875536480687 0.22244897959183674 0.01072961373390558 0.0326530612244898
13 0.41067596566523606 0.2239795918367347 0.009120171673819743 0.02959183673469388
13 0.4321351931330472 0.22959183673469388 0.0101931330472103 0.0326530612244898
13 0.4230150214592275 0.22908163265306122 0.0101931330472103 0.0336734693877551
19 0.6783798283261803 0.28877551020408165 0.01555793991416309 0.02857142857142857
21 0.286480686695279 0.20051020408163264 0.030042918454935622 0.03571428571428571
17 0.8213519313304721 0.3311224489795918 0.017167381974248927 0.019387755102040816
19 0.694206008583691 0.3040816326530612 0.015021459227467811 0.02857142857142857
1 0.7561695278969958 0.3209183673469388 0.01555793991416309 0.02959183673469388
19 0.7907725321888412 0.32908163265306123 0.015021459227467811 0.027551020408163266
17 0.7218347639484979 0.31479591836734694 0.016630901287553648 0.019387755102040816
13 0.3465665236051502 0.2280612244897959 0.018240343347639486 0.019387755102040816
13 0.36856223175965663 0.23265306122448978 0.017167381974248927 0.0163265306122449
19 0.47880901287553645 0.2602040816326531 0.014484978540772532 0.02857142857142857
17 0.6773068669527897 0.3081632653061224 0.016630901287553648 0.018367346938775512
13 0.4042381974248927 0.24540816326530612 0.016630901287553648 0.017346938775510204
13 0.42623390557939916 0.25051020408163266 0.017703862660944206 0.017346938775510204
4 0.9546673819742489 0.3760204081632653 0.06276824034334764 0.12551020408163266
17 0.17086909871244635 0.19285714285714287 0.011266094420600859 0.0326530612244898
0 0.108637339055794 0.18112244897959184 0.07671673819742489 0.11938775510204082
17 0.8607832618025751 0.35918367346938773 0.014484978540772532 0.0163265306122449
1 0.3082081545064378 0.23112244897959183 0.017703862660944206 0.05408163265306123
9 0.8916309012875536 0.373469387755102 0.023605150214592276 0.03469387755102041
17 0.8248390557939914 0.35867346938775513 0.018776824034334765 0.02346938775510204
17 0.6762339055793991 0.325 0.016630901287553648 0.019387755102040816
17 0.3623927038626609 0.2530612244897959 0.0101931330472103 0.0326530612244898
17 0.17837982832618027 0.21020408163265306 0.0101931330472103 0.03469387755102041
17 0.34012875536480686 0.2479591836734694 0.01072961373390558 0.030612244897959183
17 0.3715128755364807 0.25510204081632654 0.0101931330472103 0.03469387755102041
17 0.3497854077253219 0.25255102040816324 0.009656652360515022 0.03163265306122449
19 0.7888948497854077 0.3556122448979592 0.01555793991416309 0.027551020408163266
17 0.398068669527897 0.26479591836734695 0.009656652360515022 0.02959183673469388
17 0.4294527896995708 0.27193877551020407 0.0101931330472103 0.02959183673469388
1 0.7052038626609443 0.33622448979591835 0.017703862660944206 0.0336734693877551
17 0.4082618025751073 0.2673469387755102 0.009656652360515022 0.030612244897959183
17 0.8594420600858369 0.373469387755102 0.013948497854077254 0.0163265306122449
17 0.42033261802575106 0.27040816326530615 0.0101931330472103 0.0326530612244898
17 0.6751609442060086 0.34285714285714286 0.016630901287553648 0.018367346938775512
19 0.6330472103004292 0.33622448979591835 0.013948497854077254 0.025510204081632654
1 0.5257510729613734 0.3142857142857143 0.018240343347639486 0.022448979591836733
4 0.28513948497854075 0.2586734693877551 0.024141630901287552 0.07857142857142857
17 0.6740879828326181 0.35867346938775513 0.016630901287553648 0.019387755102040816
1 0.7985515021459227 0.3892857142857143 0.01555793991416309 0.027551020408163266
1 0.8951180257510729 0.413265306122449 0.028433476394849784 0.030612244897959183
1 0.566255364806867 0.3423469387755102 0.01555793991416309 0.019387755102040816
19 0.6499463519313304 0.3637755102040816 0.014484978540772532 0.02959183673469388
17 0.635461373390558 0.36275510204081635 0.012339055793991416 0.03571428571428571
17 0.6180257510729614 0.35918367346938773 0.0075107296137339056 0.030612244897959183
17 0.6035407725321889 0.3556122448979592 0.009656652360515022 0.0336734693877551
17 0.8039163090128756 0.4030612244897959 0.012339055793991416 0.02040816326530612
19 0.6853540772532188 0.37551020408163266 0.01555793991416309 0.030612244897959183
17 0.58181330472103 0.35153061224489796 0.009120171673819743 0.03163265306122449
17 0.5962982832618026 0.3556122448979592 0.008047210300429184 0.027551020408163266
17 0.6255364806866953 0.36173469387755103 0.009656652360515022 0.03163265306122449
17 0.5898605150214592 0.3535714285714286 0.009120171673819743 0.03163265306122449
17 0.6110515021459227 0.35918367346938773 0.008583690987124463 0.030612244897959183
19 0.8672210300429185 0.42346938775510207 0.01555793991416309 0.02857142857142857
19 0.42006437768240346 0.3224489795918367 0.23605150214592274 0.44693877551020406
4 0.37526824034334766 0.31326530612244896 0.16684549356223177 0.11428571428571428
19 0.8342274678111588 0.4219387755102041 0.015021459227467811 0.02959183673469388
17 0.13304721030042918 0.25918367346938775 0.017167381974248927 0.022448979591836733
19 0.4924892703862661 0.3438775510204082 0.023605150214592276 0.0653061224489796
19 0.15933476394849785 0.27040816326530615 0.015021459227467811 0.0326530612244898
17 0.6679184549356223 0.39591836734693875 0.011802575107296138 0.022448979591836733
1 0.8157188841201717 0.43214285714285716 0.014484978540772532 0.025510204081632654
12 0.1046137339055794 0.2673469387755102 0.043991416309012876 0.06938775510204082
17 0.6628218884120172 0.4035714285714286 0.011266094420600859 0.02346938775510204
17 0.8661480686695279 0.4520408163265306 0.0101931330472103 0.02857142857142857
1 0.6555793991416309 0.411734693877551 0.013948497854077254 0.027551020408163266
4 0.9460836909871244 0.4806122448979592 0.01984978540772532 0.07959183673469387
9 0.8374463519313304 0.4627551020408163 0.030042918454935622 0.05612244897959184
4 0.6091738197424893 0.4188775510204082 0.04130901287553648 0.05
17 0.13009656652360516 0.3122448979591837 0.016630901287553648 0.02040816326530612
19 0.6362660944206009 0.4306122448979592 0.016094420600858368 0.02857142857142857
12 0.10219957081545064 0.3306122448979592 0.04238197424892704 0.06938775510204082
19 0.6126609442060086 0.45357142857142857 0.015021459227467811 0.02959183673469388
21 0.45761802575107297 0.4275510204081633 0.01072961373390558 0.0326530612244898
1 0.4656652360515021 0.4290816326530612 0.008583690987124463 0.03163265306122449
1 0.47344420600858367 0.4316326530612245 0.009120171673819743 0.0326530612244898
1 0.8446888412017167 0.5214285714285715 0.01555793991416309 0.030612244897959183