17 0.459375 0.29985754985754987 0.005208333333333333 0.011396011396011397
17 0.44765625 0.2955840455840456 0.0046875 0.011396011396011397
17 0.46979166666666666 0.3037749287749288 0.005208333333333333 0.010683760683760684
17 0.47578125 0.3055555555555556 0.0046875 0.011396011396011397
17 0.41458333333333336 0.28561253561253563 0.005208333333333333 0.01282051282051282
17 0.43125 0.2913105413105413 0.005208333333333333 0.01282051282051282
17 0.43645833333333334 0.29273504273504275 0.005208333333333333 0.01282051282051282
17 0.453125 0.2987891737891738 0.005208333333333333 0.012108262108262107
17 0.46432291666666664 0.30235042735042733 0.0046875 0.010683760683760684
17 0.4205729166666667 0.28739316239316237 0.005729166666666666 0.012108262108262107
17 0.42578125 0.28917378917378916 0.005729166666666666 0.01282051282051282
17 0.4427083333333333 0.29451566951566954 0.005208333333333333 0.012108262108262107
17 0.48098958333333336 0.30804843304843305 0.005729166666666666 0.012108262108262107
17 0.48671875 0.30982905982905984 0.0046875 0.011396011396011397
17 0.4973958333333333 0.31374643874643876 0.005208333333333333 0.012108262108262107
17 0.059895833333333336 0.16452991452991453 0.005208333333333333 0.011396011396011397
17 0.503125 0.31517094017094016 0.005208333333333333 0.012108262108262107
17 0.50859375 0.3176638176638177 0.0046875 0.011396011396011397
17 0.054947916666666666 0.1623931623931624 0.0046875 0.011396011396011397
17 0.10442708333333334 0.17984330484330485 0.005729166666666666 0.012108262108262107
17 0.07083333333333333 0.16915954415954415 0.005208333333333333 0.012108262108262107
17 0.09296875 0.1762820512820513 0.005729166666666666 0.012108262108262107
17 0.07630208333333334 0.17094017094017094 0.0046875 0.011396011396011397
17 0.08203125 0.1727207977207977 0.005729166666666666 0.012108262108262107
17 0.08776041666666666 0.1745014245014245 0.0046875 0.011396011396011397
17 0.0984375 0.17806267806267806 0.005208333333333333 0.011396011396011397
17 0.10963541666666667 0.18198005698005698 0.005729166666666666 0.012108262108262107
17 0.12630208333333334 0.18732193732193733 0.005729166666666666 0.01282051282051282
17 0.065625 0.16702279202279202 0.005208333333333333 0.012108262108262107
17 0.11510416666666666 0.1841168091168091 0.005208333333333333 0.012108262108262107
17 0.12109375 0.18625356125356127 0.005729166666666666 0.012108262108262107
17 0.13151041666666666 0.18981481481481483 0.005729166666666666 0.013532763532763533
17 0.49270833333333336 0.3123219373219373 0.005208333333333333 0.012108262108262107
17 0.13697916666666668 0.1915954415954416 0.005208333333333333 0.01282051282051282
17 0.1484375 0.19515669515669515 0.005208333333333333 0.01282051282051282
17 0.14244791666666667 0.19408831908831908 0.005729166666666666 0.012108262108262107
17 0.15625 0.2037037037037037 0.009375 0.007122507122507123
17 0.4036458333333333 0.2898860398860399 0.009375 0.007122507122507123
17 0.15520833333333334 0.21082621082621084 0.009375 0.007122507122507123
17 0.0484375 0.1745014245014245 0.008333333333333333 0.007122507122507123
17 0.40234375 0.29736467236467234 0.008854166666666666 0.007834757834757835
4 0.9450520833333333 0.4821937321937322 0.019270833333333334 0.02564102564102564
17 0.509375 0.33475783475783477 0.008333333333333333 0.007122507122507123
4 0.8528645833333334 0.45334757834757833 0.016145833333333335 0.02207977207977208
17 0.047135416666666666 0.18269230769230768 0.008854166666666666 0.007834757834757835
17 0.15364583333333334 0.21830484330484332 0.008333333333333333 0.00641025641025641
17 0.40078125 0.3051994301994302 0.008854166666666666 0.007834757834757835
17 0.5088541666666667 0.34152421652421655 0.008333333333333333 0.00641025641025641
17 0.0453125 0.18981481481481483 0.008333333333333333 0.007834757834757835
17 0.15234375 0.22613960113960113 0.008854166666666666 0.00641025641025641
17 0.39921875 0.3123219373219373 0.008854166666666666 0.007834757834757835
17 0.5067708333333333 0.34971509971509973 0.008333333333333333 0.007122507122507123
17 0.044270833333333336 0.1972934472934473 0.008333333333333333 0.007122507122507123
17 0.15104166666666666 0.23326210826210828 0.008333333333333333 0.00641025641025641
17 0.39765625 0.3198005698005698 0.008854166666666666 0.007122507122507123
17 0.5052083333333334 0.35648148148148145 0.008333333333333333 0.00641025641025641
17 0.042708333333333334 0.20405982905982906 0.008333333333333333 0.007834757834757835
17 0.14973958333333334 0.24145299145299146 0.008854166666666666 0.007122507122507123
17 0.3966145833333333 0.3265669515669516 0.008854166666666666 0.007834757834757835
17 0.52734375 0.3717948717948718 0.0078125 0.007122507122507123
13 0.5536458333333333 0.3806980056980057 0.009375 0.007834757834757835
17 0.5046875 0.3643162393162393 0.008333333333333333 0.00641025641025641
17 0.04114583333333333 0.21225071225071226 0.008333333333333333 0.007122507122507123
17 0.1484375 0.24893162393162394 0.008333333333333333 0.00641025641025641
17 0.3953125 0.33547008547008544 0.008333333333333333 0.007122507122507123
17 0.50234375 0.37215099715099714 0.0078125 0.00641025641025641
9 0.2674479166666667 0.2952279202279202 0.2015625 0.27564102564102566
11 0.5325520833333334 0.38603988603988604 0.0265625 0.027065527065527065
4 0.5502604166666667 0.39316239316239315 0.0140625 0.019943019943019943
17 0.040364583333333336 0.21937321937321938 0.008854166666666666 0.008547008547008548
17 0.14635416666666667 0.2564102564102564 0.008333333333333333 0.007122507122507123
9 0.44895833333333335 0.36004273504273504 0.09375 0.12037037037037036
17 0.39401041666666664 0.34294871794871795 0.008854166666666666 0.007834757834757835
17 0.5013020833333334 0.37962962962962965 0.0078125 0.007122507122507123
9 0.08828125 0.23931623931623933 0.0953125 0.12108262108262108
17 0.03854166666666667 0.2272079772079772 0.008333333333333333 0.007122507122507123
17 0.14479166666666668 0.26353276353276356 0.009375 0.007122507122507123
17 0.3924479166666667 0.34971509971509973 0.008854166666666666 0.007122507122507123
17 0.49973958333333335 0.3871082621082621 0.0078125 0.00641025641025641
17 0.03671875 0.23575498575498577 0.0078125 0.007122507122507123
17 0.14401041666666667 0.27136752136752135 0.008854166666666666 0.007122507122507123
1 0.5369791666666667 0.4066951566951567 0.0125 0.009971509971509971
17 0.5494791666666666 0.4113247863247863 0.008333333333333333 0.00641025641025641
17 0.390625 0.3579059829059829 0.008333333333333333 0.00641025641025641
13 0.5208333333333334 0.4024216524216524 0.008333333333333333 0.007122507122507123
17 0.4984375 0.3945868945868946 0.008333333333333333 0.007122507122507123
11 0.6388020833333333 0.4458689458689459 0.021354166666666667 0.038461538461538464
11 0.6643229166666667 0.4551282051282051 0.0171875 0.038461538461538464
11 0.65234375 0.45085470085470086 0.0171875 0.038461538461538464
11 0.675 0.45904558404558404 0.016666666666666666 0.03774928774928775
4 0.6908854166666667 0.46438746438746437 0.025520833333333333 0.039886039886039885
17 0.0359375 0.24216524216524216 0.008333333333333333 0.007122507122507123
17 0.14244791666666667 0.2792022792022792 0.008854166666666666 0.007122507122507123
17 0.38958333333333334 0.36502849002849 0.008333333333333333 0.00641025641025641
17 0.49713541666666666 0.40206552706552706 0.0078125 0.00641025641025641
11 0.5375 0.41951566951566954 0.029166666666666667 0.02849002849002849
4 0.59296875 0.43874643874643876 0.016145833333333335 0.022792022792022793
4 0.5203125 0.4155982905982906 0.013541666666666667 0.020655270655270654
17 0.034375 0.24964387464387464 0.008333333333333333 0.007834757834757835
17 0.14114583333333333 0.2866809116809117 0.008333333333333333 0.00641025641025641
17 0.3880208333333333 0.37215099715099714 0.008333333333333333 0.00641025641025641
17 0.49557291666666664 0.40883190883190884 0.008854166666666666 0.007122507122507123
17 0.03333333333333333 0.25747863247863245 0.008333333333333333 0.007834757834757835
17 0.14010416666666667 0.29415954415954415 0.008333333333333333 0.007122507122507123
17 0.38697916666666665 0.379985754985755 0.009375 0.007834757834757835
17 0.49453125 0.41737891737891736 0.008854166666666666 0.007122507122507123
17 0.03177083333333333 0.2646011396011396 0.008333333333333333 0.007834757834757835
17 0.13802083333333334 0.301994301994302 0.008333333333333333 0.007122507122507123
17 0.3846354166666667 0.38746438746438744 0.008854166666666666 0.007122507122507123
17 0.49322916666666666 0.42485754985754987 0.008333333333333333 0.00641025641025641
17 0.13671875 0.3084045584045584 0.008854166666666666 0.007122507122507123
17 0.38385416666666666 0.3952991452991453 0.009375 0.007122507122507123
17 0.03802083333333333 0.2831196581196581 0.005208333333333333 0.012108262108262107
17 0.043229166666666666 0.28525641025641024 0.005208333333333333 0.012108262108262107
17 0.04895833333333333 0.2866809116809117 0.005208333333333333 0.012108262108262107
17 0.09895833333333333 0.3037749287749288 0.005208333333333333 0.012108262108262107
17 0.115625 0.30947293447293445 0.005208333333333333 0.012108262108262107
17 0.12135416666666667 0.31125356125356124 0.005208333333333333 0.01282051282051282
17 0.032552083333333336 0.2813390313390313 0.0046875 0.011396011396011397
17 0.07135416666666666 0.29451566951566954 0.005208333333333333 0.012108262108262107
17 0.0765625 0.29665242165242167 0.005208333333333333 0.012108262108262107
17 0.08229166666666667 0.2984330484330484 0.005208333333333333 0.01282051282051282
17 0.08802083333333334 0.3002136752136752 0.005208333333333333 0.012108262108262107
17 0.4200520833333333 0.41417378917378916 0.005729166666666666 0.012108262108262107
17 0.46979166666666666 0.43126780626780625 0.005208333333333333 0.012108262108262107
17 0.09296875 0.3027065527065527 0.005729166666666666 0.01282051282051282
17 0.10442708333333334 0.30662393162393164 0.005729166666666666 0.012108262108262107
17 0.10989583333333333 0.3087606837606838 0.005208333333333333 0.012108262108262107
17 0.12604166666666666 0.3141025641025641 0.005208333333333333 0.01282051282051282
17 0.39817708333333335 0.4063390313390313 0.0046875 0.010683760683760684
17 0.42604166666666665 0.4163105413105413 0.005208333333333333 0.012108262108262107
17 0.45364583333333336 0.4255698005698006 0.005208333333333333 0.012108262108262107
17 0.05416666666666667 0.28952991452991456 0.005208333333333333 0.012108262108262107
17 0.06041666666666667 0.2913105413105413 0.005208333333333333 0.01282051282051282
17 0.06536458333333334 0.2930911680911681 0.005729166666666666 0.012108262108262107
17 0.39296875 0.40527065527065526 0.0046875 0.011396011396011397
17 0.40390625 0.40847578347578345 0.005729166666666666 0.012108262108262107
17 0.4473958333333333 0.4234330484330484 0.005208333333333333 0.012108262108262107
17 0.46458333333333335 0.4291310541310541 0.005208333333333333 0.012108262108262107
17 0.409375 0.41025641025641024 0.005208333333333333 0.01282051282051282
17 0.41484375 0.41239316239316237 0.005729166666666666 0.01282051282051282
17 0.43697916666666664 0.4198717948717949 0.005208333333333333 0.012108262108262107
17 0.4588541666666667 0.42735042735042733 0.005208333333333333 0.011396011396011397
17 0.4752604166666667 0.43304843304843305 0.005729166666666666 0.01282051282051282
17 0.48072916666666665 0.43482905982905984 0.005208333333333333 0.012108262108262107
17 0.43125 0.4188034188034188 0.005208333333333333 0.01282051282051282
17 0.44244791666666666 0.42236467236467234 0.005729166666666666 0.01282051282051282
17 0.4869791666666667 0.4376780626780627 0.005208333333333333 0.012108262108262107
4 0.7463541666666667 0.5413105413105413 0.03958333333333333 0.029914529914529916
4 0.53515625 0.48005698005698005 0.0171875 0.02564102564102564
4 0.11302083333333333 0.33903133903133903 0.017708333333333333 0.024216524216524215
17 0.5703125 0.49786324786324787 0.03125 0.02564102564102564
17 0.6434895833333333 0.5224358974358975 0.028645833333333332 0.02492877492877493
19 0.6770833333333334 0.5430911680911681 0.0125 0.017806267806267807
9 0.7911458333333333 0.5844017094017094 0.042708333333333334 0.053418803418803416
4 0.3828125 0.45548433048433046 0.017708333333333333 0.023504273504273504
20 0.6447916666666667 0.5551994301994302 0.017708333333333333 0.023504273504273504
10 0.23203125 0.4188034188034188 0.0109375 0.022792022792022793
12 0.6236979166666666 0.5551994301994302 0.013020833333333334 0.012108262108262107
17 0.6427083333333333 0.5694444444444444 0.008333333333333333 0.00641025641025641
19 0.6713541666666667 0.5833333333333334 0.013541666666666667 0.018518518518518517
7 0.5421875 0.5548433048433048 0.05520833333333333 0.045584045584045586
7 0.6247395833333333 0.5861823361823362 0.0546875 0.045584045584045586
17 0.02421875 0.38354700854700857 0.008854166666666666 0.007834757834757835
17 0.08723958333333333 0.40705128205128205 0.008854166666666666 0.007834757834757835
1 0.6692708333333334 0.6071937321937322 0.016666666666666666 0.014957264957264958
1 0.08567708333333333 0.41381766381766383 0.0140625 0.011396011396011397
10 0.020572916666666666 0.3924501424501424 0.016145833333333335 0.014245014245014245
17 0.5786458333333333 0.5844017094017094 0.013541666666666667 0.010683760683760684
1 0.5903645833333333 0.5890313390313391 0.008854166666666666 0.007122507122507123
9 0.053125 0.4116809116809117 0.04479166666666667 0.05555555555555555
17 0.58984375 0.5943732193732194 0.008854166666666666 0.007834757834757835
1 0.084375 0.4237891737891738 0.013541666666666667 0.009971509971509971
1 0.6526041666666667 0.6207264957264957 0.016666666666666666 0.014957264957264958
10 0.018229166666666668 0.4049145299145299 0.016666666666666666 0.014957264957264958
1 0.5921875 0.6032763532763533 0.0125 0.009971509971509971
9 0.7765625 0.667022792022792 0.042708333333333334 0.054843304843304845
1 0.08229166666666667 0.4334045584045584 0.013541666666666667 0.010683760683760684
13 0.6510416666666666 0.6303418803418803 0.009375 0.009971509971509971
17 0.5872395833333334 0.6089743589743589 0.0078125 0.007122507122507123
1 0.015104166666666667 0.41951566951566954 0.013541666666666667 0.011396011396011397
1 0.6497395833333334 0.6363960113960114 0.0140625 0.010683760683760684
1 0.08046875 0.4423076923076923 0.0140625 0.011396011396011397
1 0.5890625 0.6178774928774928 0.0125 0.009259259259259259
17 0.584375 0.6239316239316239 0.008333333333333333 0.007122507122507123
1 0.6666666666666666 0.655982905982906 0.010416666666666666 0.022792022792022793
1 0.5861979166666667 0.6314102564102564 0.0140625 0.010683760683760684
4 0.71640625 0.6773504273504274 0.050520833333333334 0.15242165242165243
10 0.5338541666666666 0.6207264957264957 0.078125 0.10185185185185185
9 0.61015625 0.6517094017094017 0.04635416666666667 0.07407407407407407
7 0.6421875 0.6759259259259259 0.03333333333333333 0.07407407407407407
1 0.2296875 0.5366809116809117 0.005208333333333333 0.012108262108262107
7 0.23828125 0.540954415954416 0.016145833333333335 0.0349002849002849
1 0.2484375 0.5445156695156695 0.007291666666666667 0.019230769230769232
1 0.6611979166666667 0.6866096866096866 0.0109375 0.022792022792022793
1 0.19427083333333334 0.5270655270655271 0.008333333333333333 0.019943019943019943
7 0.18515625 0.5252849002849003 0.016145833333333335 0.0349002849002849
1 0.17682291666666666 0.5220797720797721 0.0046875 0.011396011396011397
4 0.44453125 0.6143162393162394 0.0171875 0.02492877492877493
4 0.32786458333333335 0.5754985754985755 0.0171875 0.021367521367521368
4 0.13411458333333334 0.50997150997151 0.0171875 0.022792022792022793
3 0.2638020833333333 0.5580484330484331 0.0328125 0.05626780626780627
3 0.21015625 0.5416666666666666 0.0328125 0.05626780626780627
17 0.2799479166666667 0.5836894586894587 0.008854166666666666 0.007834757834757835
17 0.22395833333333334 0.5665954415954416 0.008333333333333333 0.00641025641025641
4 0.7572916666666667 0.7553418803418803 0.016666666666666666 0.023504273504273504
1 0.5700520833333333 0.7029914529914529 0.0140625 0.011396011396011397
17 0.5229166666666667 0.6955128205128205 0.0375 0.03774928774928775
4 0.10390625 0.5680199430199431 0.05260416666666667 0.07193732193732194
4 0.1625 0.5876068376068376 0.053125 0.07407407407407407
4 0.5640625 0.7261396011396012 0.03958333333333333 0.04202279202279202
17 0.5197916666666667 0.7186609686609686 0.03125 0.02564102564102564
4 0.29192708333333334 0.6456552706552706 0.14427083333333332 0.08190883190883191
18 0.009635416666666667 0.5452279202279202 0.019270833333333334 0.08475783475783476
4 0.40260416666666665 0.6841168091168092 0.040625 0.046296296296296294
17 0.04895833333333333 0.5641025641025641 0.008333333333333333 0.007122507122507123
11 0.3671875 0.6737891737891738 0.017708333333333333 0.04131054131054131
11 0.37864583333333335 0.6773504273504274 0.01875 0.042735042735042736
12 0.03567708333333333 0.5601851851851852 0.011979166666666667 0.012108262108262107
19 0.6380208333333334 0.7674501424501424 0.0125 0.01638176638176638
1 0.5190104166666667 0.7332621082621082 0.0140625 0.012108262108262107
4 0.5802083333333333 0.7756410256410257 0.016666666666666666 0.024216524216524215
7 0.5127604166666667 0.7532051282051282 0.0546875 0.046296296296296294
4 0.08229166666666667 0.6228632478632479 0.016666666666666666 0.02492877492877493
4 0.32109375 0.7047720797720798 0.0171875 0.023504273504273504
1 0.5513020833333333 0.7863247863247863 0.0140625 0.011396011396011397
1 0.5106770833333333 0.7752849002849003 0.0140625 0.012108262108262107
4 0.6908854166666667 0.8593304843304843 0.0390625 0.14886039886039887
7 0.5307291666666667 0.8222934472934473 0.042708333333333334 0.03632478632478633
7 0.06796875 0.6652421652421653 0.05677083333333333 0.04843304843304843
7 0.2981770833333333 0.7446581196581197 0.0421875 0.03632478632478633
4 0.6401041666666667 0.9198717948717948 0.01875 0.023504273504273504
21 0.28619791666666666 0.8069800569800569 0.1328125 0.12393162393162394
21 0.06354166666666666 0.7311253561253561 0.12708333333333333 0.13034188034188035
19 0.13359375 0.7574786324786325 0.0109375 0.01638176638176638
21 0.5190104166666667 0.8899572649572649 0.1328125 0.12891737891737892
19 0.36484375 0.8368945868945868 0.011979166666666667 0.017094017094017096
19 0.59453125 0.9155982905982906 0.011979166666666667 0.01638176638176638
4 0.4119791666666667 0.8693019943019943 0.016666666666666666 0.02207977207977208
4 0.18020833333333333 0.792022792022792 0.019791666666666666 0.02564102564102564
1 0.04453125 0.7727920227920227 0.016145833333333335 0.014245014245014245
1 0.27239583333333334 0.8522079772079773 0.016666666666666666 0.014957264957264958
1 0.50546875 0.9330484330484331 0.0171875 0.01566951566951567
20 0.5822916666666667 0.9711538461538461 0.017708333333333333 0.02492877492877493
20 0.12057291666666667 0.8144586894586895 0.018229166666666668 0.02492877492877493
20 0.3450520833333333 0.8938746438746439 0.0171875 0.024216524216524215
12 0.10104166666666667 0.8205128205128205 0.011458333333333333 0.009971509971509971
7 0.27005208333333336 0.8789173789173789 0.05572916666666667 0.04700854700854701
12 0.5627604166666667 0.9797008547008547 0.013020833333333334 0.010683760683760684
7 0.04192708333333333 0.8023504273504274 0.0546875 0.046296296296296294
17 0.5807291666666666 0.9857549857549858 0.008333333333333333 0.007122507122507123
17 0.11901041666666666 0.8294159544159544 0.008854166666666666 0.007834757834757835
7 0.5020833333333333 0.9594017094017094 0.05520833333333333 0.04700854700854701
12 0.32473958333333336 0.8992165242165242 0.013020833333333334 0.010683760683760684
17 0.34401041666666665 0.907051282051282 0.008854166666666666 0.007834757834757835
17 0.5794270833333334 0.9910968660968661 0.0078125 0.00641025641025641
17 0.11796875 0.8347578347578347 0.008854166666666666 0.007122507122507123
17 0.34348958333333335 0.9131054131054132 0.008854166666666666 0.007122507122507123
17 0.36875 0.004273504273504274 0.008333333333333333 0.007122507122507123
17 0.36796875 0.012108262108262107 0.008854166666666666 0.007122507122507123
4 0.896875 0.198005698005698 0.016666666666666666 0.022792022792022793
17 0.36666666666666664 0.019586894586894586 0.008333333333333333 0.007834757834757835
17 0.3651041666666667 0.027065527065527065 0.008333333333333333 0.007122507122507123
17 0.27395833333333336 0.003917378917378918 0.008333333333333333 0.00641025641025641
17 0.3640625 0.03454415954415954 0.009375 0.007834757834757835
17 0.27265625 0.011396011396011397 0.008854166666666666 0.007122507122507123
17 0.3625 0.04202279202279202 0.008333333333333333 0.007122507122507123
17 0.2713541666666667 0.018874643874643875 0.008333333333333333 0.00641025641025641
17 0.3611979166666667 0.04985754985754986 0.008854166666666666 0.008547008547008548
17 0.39505208333333336 0.06125356125356125 0.008854166666666666 0.007122507122507123
17 0.4205729166666667 0.07015669515669516 0.008854166666666666 0.007834757834757835
20 0.5760416666666667 0.12891737891737892 0.019791666666666666 0.027065527065527065
17 0.35963541666666665 0.057692307692307696 0.008854166666666666 0.008547008547008548
17 0.26979166666666665 0.026353276353276354 0.008333333333333333 0.007122507122507123
9 0.31171875 0.05448717948717949 0.08802083333333334 0.10897435897435898
12 0.5578125 0.12962962962962962 0.013541666666666667 0.01282051282051282
4 0.40390625 0.07941595441595442 0.0390625 0.03205128205128205
0 0.5239583333333333 0.12108262108262108 0.04583333333333333 0.06267806267806268
17 0.26796875 0.03418803418803419 0.008854166666666666 0.007122507122507123
17 0.3580729166666667 0.06517094017094018 0.008854166666666666 0.007834757834757835
17 0.5736979166666667 0.14316239316239315 0.008854166666666666 0.007122507122507123
17 0.2669270833333333 0.04131054131054131 0.008854166666666666 0.007122507122507123
17 0.35625 0.07264957264957266 0.008333333333333333 0.007122507122507123
17 0.5731770833333333 0.14743589743589744 0.008854166666666666 0.007122507122507123
4 0.95234375 0.280982905982906 0.04739583333333333 0.13603988603988604
17 0.26588541666666665 0.04878917378917379 0.008854166666666666 0.007834757834757835
17 0.35572916666666665 0.08048433048433049 0.008333333333333333 0.007122507122507123
18 0.13098958333333333 0.023504273504273504 0.0609375 0.04700854700854701
17 0.3885416666666667 0.09437321937321937 0.008333333333333333 0.00641025641025641
1 0.40234375 0.09935897435897435 0.013020833333333334 0.010683760683760684
17 0.4161458333333333 0.10434472934472934 0.008333333333333333 0.007834757834757835
17 0.2638020833333333 0.05626780626780627 0.008854166666666666 0.007122507122507123
17 0.35442708333333334 0.0868945868945869 0.008854166666666666 0.007122507122507123
4 0.18723958333333332 0.030626780626780627 0.0171875 0.022792022792022793
17 0.2625 0.06374643874643875 0.008333333333333333 0.00641025641025641
17 0.3528645833333333 0.09544159544159544 0.008854166666666666 0.008547008547008548
4 0.39739583333333334 0.11217948717948718 0.03854166666666667 0.0292022792022792
17 0.2609375 0.07158119658119658 0.008333333333333333 0.00641025641025641
17 0.35130208333333335 0.10220797720797721 0.008854166666666666 0.007834757834757835
17 0.3494791666666667 0.10968660968660969 0.008333333333333333 0.007122507122507123
17 0.2604166666666667 0.07905982905982906 0.008333333333333333 0.007122507122507123
17 0.25807291666666665 0.0868945868945869 0.008854166666666666 0.007122507122507123
17 0.34817708333333336 0.11716524216524217 0.008854166666666666 0.007834757834757835
0 0.8934895833333333 0.30626780626780625 0.0453125 0.06125356125356125
4 0.4518229166666667 0.15633903133903135 0.0171875 0.02492877492877493
11 0.853125 0.29415954415954415 0.026041666666666668 0.04415954415954416
17 0.25755208333333335 0.09401709401709402 0.0078125 0.007122507122507123
17 0.34661458333333334 0.12464387464387465 0.008854166666666666 0.008547008547008548
20 0.5614583333333333 0.20726495726495728 0.017708333333333333 0.02564102564102564
12 0.5447916666666667 0.20868945868945868 0.0125 0.009971509971509971
17 0.265625 0.11467236467236468 0.005208333333333333 0.01282051282051282
17 0.2877604166666667 0.12215099715099716 0.005729166666666666 0.012108262108262107
17 0.28177083333333336 0.12072649572649573 0.005208333333333333 0.012108262108262107
17 0.2986979166666667 0.12713675213675213 0.005729166666666666 0.012108262108262107
17 0.2765625 0.11894586894586895 0.005208333333333333 0.01282051282051282
17 0.29296875 0.12464387464387465 0.005729166666666666 0.01282051282051282
17 0.27109375 0.11716524216524217 0.005729166666666666 0.012108262108262107
17 0.30442708333333335 0.12891737891737892 0.005729166666666666 0.01282051282051282
17 0.30963541666666666 0.13034188034188035 0.005729166666666666 0.01282051282051282
17 0.31484375 0.13247863247863248 0.0046875 0.01282051282051282
17 0.3203125 0.1346153846153846 0.005208333333333333 0.01282051282051282
17 0.3372395833333333 0.14031339031339032 0.005729166666666666 0.01282051282051282
17 0.2596354166666667 0.11396011396011396 0.005729166666666666 0.01282051282051282
17 0.3260416666666667 0.13603988603988604 0.005208333333333333 0.01282051282051282
17 0.33151041666666664 0.1388888888888889 0.005729166666666666 0.01282051282051282
0 0.509375 0.2022792022792023 0.04583333333333333 0.06267806267806268
17 0.55859375 0.22044159544159544 0.008854166666666666 0.007834757834757835
4 0.71484375 0.27528490028490027 0.2942708333333333 0.37535612535612534
17 0.5578125 0.22542735042735043 0.009375 0.007834757834757835
20 0.12786458333333334 0.10220797720797721 0.018229166666666668 0.02492877492877493
20 0.06640625 0.08190883190883191 0.013020833333333334 0.022792022792022793
12 0.10885416666666667 0.10683760683760683 0.013541666666666667 0.011396011396011397
17 0.06197916666666667 0.09472934472934473 0.007291666666666667 0.007122507122507123
17 0.125 0.11645299145299146 0.008333333333333333 0.00641025641025641
17 0.06197916666666667 0.09971509971509972 0.008333333333333333 0.007122507122507123
17 0.12421875 0.12108262108262108 0.008854166666666666 0.007122507122507123
12 0.8471354166666667 0.37713675213675213 0.013020833333333334 0.010683760683760684
17 0.8619791666666666 0.3817663817663818 0.009375 0.008547008547008548
13 0.12239583333333333 0.13283475783475784 0.010416666666666666 0.009259259259259259
4 0.4296875 0.2567663817663818 0.017708333333333333 0.02492877492877493
12 0.84375 0.40064102564102566 0.013541666666666667 0.010683760683760684
17 0.8580729166666666 0.40562678062678065 0.008854166666666666 0.007834757834757835