1 0.3306864754098361 0.3717213114754098 0.016905737704918034 0.05491803278688524
1 0.3734631147540984 0.3823770491803279 0.015368852459016393 0.05327868852459016
1 0.35348360655737704 0.37868852459016394 0.01639344262295082 0.054098360655737705
17 0.15906762295081966 0.3602459016393443 0.016905737704918034 0.05327868852459016
12 0.04610655737704918 0.33114754098360655 0.0471311475409836 0.047540983606557376
13 0.27151639344262296 0.38934426229508196 0.036885245901639344 0.07704918032786885
17 0.18570696721311475 0.36721311475409835 0.016905737704918034 0.05573770491803279
20 0.22464139344262296 0.3770491803278688 0.04969262295081967 0.06885245901639345
19 0.3271004098360656 0.4418032786885246 0.007684426229508197 0.014754098360655738
19 0.3711577868852459 0.45368852459016396 0.008709016393442622 0.01721311475409836
12 0.04175204918032787 0.369672131147541 0.04764344262295082 0.04918032786885246
19 0.3417008196721312 0.44672131147540983 0.009221311475409836 0.01639344262295082
19 0.38498975409836067 0.45778688524590166 0.008709016393442622 0.01557377049180328
19 0.3563012295081967 0.45081967213114754 0.008709016393442622 0.014754098360655738
19 0.3125 0.43934426229508194 0.009221311475409836 0.014754098360655738
19 0.3104508196721312 0.46147540983606555 0.009221311475409836 0.01639344262295082
19 0.3386270491803279 0.4684426229508197 0.00819672131147541 0.01557377049180328
19 0.35399590163934425 0.4725409836065574 0.010245901639344262 0.01721311475409836
19 0.3680840163934426 0.47704918032786886 0.008709016393442622 0.014754098360655738
19 0.3245389344262295 0.46598360655737703 0.007684426229508197 0.01557377049180328
19 0.382172131147541 0.4799180327868853 0.00819672131147541 0.01557377049180328
0 0.09964139344262295 0.40942622950819674 0.051741803278688527 0.12704918032786885
12 0.03765368852459016 0.40942622950819674 0.0466188524590164 0.04836065573770492
4 0.7587090163934426 0.5889344262295082 0.3637295081967213 0.8204918032786885
12 0.033299180327868855 0.44795081967213113 0.0471311475409836 0.04836065573770492
19 0.24692622950819673 0.5155737704918033 0.009221311475409836 0.013114754098360656
19 0.26075819672131145 0.5200819672131147 0.009221311475409836 0.01557377049180328
19 0.4323770491803279 0.5643442622950819 0.00819672131147541 0.01557377049180328
19 0.41905737704918034 0.5610655737704918 0.009221311475409836 0.013934426229508197
19 0.2581967213114754 0.5422131147540984 0.009221311475409836 0.01557377049180328
19 0.24513319672131148 0.5389344262295082 0.008709016393442622 0.01557377049180328
19 0.43084016393442626 0.5872950819672131 0.009221311475409836 0.013934426229508197
19 0.4172643442622951 0.5840163934426229 0.00973360655737705 0.01557377049180328
12 0.030737704918032786 0.48688524590163934 0.0471311475409836 0.04918032786885246
16 0.08504098360655737 0.519672131147541 0.03483606557377049 0.06885245901639345
19 0.25614754098360654 0.5643442622950819 0.009221311475409836 0.013934426229508197
1 0.4569672131147541 0.615983606557377 0.01639344262295082 0.05491803278688524
19 0.24180327868852458 0.5614754098360656 0.009221311475409836 0.01639344262295082
19 0.4144467213114754 0.6065573770491803 0.00819672131147541 0.013114754098360656
19 0.42827868852459017 0.6098360655737705 0.009221311475409836 0.013114754098360656
9 0.33452868852459017 0.5983606557377049 0.13729508196721313 0.21639344262295082
12 0.026383196721311477 0.5254098360655738 0.0466188524590164 0.04918032786885246
19 0.2540983606557377 0.5868852459016394 0.010245901639344262 0.01639344262295082
19 0.4262295081967213 0.6327868852459017 0.009221311475409836 0.013114754098360656
19 0.24026639344262296 0.5852459016393443 0.00819672131147541 0.014754098360655738
19 0.41214139344262296 0.6286885245901639 0.00973360655737705 0.014754098360655738
19 0.23744877049180327 0.6073770491803279 0.00973360655737705 0.01639344262295082
19 0.25179303278688525 0.6114754098360655 0.00973360655737705 0.014754098360655738
19 0.4098360655737705 0.6516393442622951 0.00819672131147541 0.014754098360655738
19 0.42418032786885246 0.6549180327868852 0.009221311475409836 0.013114754098360656
13 0.11296106557377049 0.5967213114754099 0.030225409836065573 0.07704918032786885
13 0.13575819672131148 0.6045081967213115 0.02971311475409836 0.07622950819672131
17 0.08939549180327869 0.5938524590163935 0.018954918032786885 0.056557377049180325
19 0.2497438524590164 0.634016393442623 0.010758196721311475 0.01721311475409836
19 0.2353995901639344 0.6307377049180328 0.008709016393442622 0.01557377049180328
19 0.421875 0.6778688524590164 0.00973360655737705 0.013114754098360656
19 0.40753073770491804 0.6758196721311476 0.00973360655737705 0.01557377049180328
12 0.06608606557377049 0.5926229508196721 0.02971311475409836 0.06885245901639345
19 0.2853483606557377 0.7139344262295082 0.009221311475409836 0.013114754098360656
19 0.2994364754098361 0.7176229508196721 0.008709016393442622 0.013934426229508197
19 0.31378073770491804 0.7217213114754099 0.00973360655737705 0.013934426229508197
19 0.3286372950819672 0.7258196721311475 0.00973360655737705 0.013934426229508197
19 0.3568135245901639 0.7327868852459016 0.007684426229508197 0.01639344262295082
19 0.34246926229508196 0.7290983606557377 0.008709016393442622 0.01557377049180328
11 0.5571209016393442 0.7848360655737705 0.06506147540983606 0.06475409836065574
17 0.10476434426229508 0.6778688524590164 0.015881147540983607 0.054098360655737705
17 0.12679303278688525 0.6844262295081968 0.01485655737704918 0.05245901639344262
13 0.24205942622950818 0.7155737704918033 0.03739754098360656 0.07704918032786885
9 0.1834016393442623 0.7016393442622951 0.09016393442622951 0.1737704918032787
19 0.28355532786885246 0.7360655737704918 0.00973360655737705 0.013114754098360656
19 0.3114754098360656 0.7426229508196721 0.010245901639344262 0.01639344262295082
19 0.3552766393442623 0.7549180327868853 0.00973360655737705 0.01639344262295082
19 0.29713114754098363 0.7401639344262295 0.009221311475409836 0.014754098360655738
19 0.32581967213114754 0.7471311475409836 0.010245901639344262 0.01557377049180328
19 0.3401639344262295 0.7512295081967213 0.00819672131147541 0.01557377049180328
17 0.5414959016393442 0.8389344262295082 0.017418032786885244 0.051639344262295085
17 0.5694159836065574 0.8479508196721312 0.016905737704918034 0.05327868852459016
4 0.039702868852459015 0.726639344262295 0.07940573770491803 0.24180327868852458
12 0.1260245901639344 0.7692622950819672 0.028688524590163935 0.07622950819672131
5 0.2387295081967213 0.8049180327868852 0.0471311475409836 0.06393442622950819
17 0.15855532786885246 0.8024590163934426 0.019979508196721313 0.019672131147540985
1 0.0863217213114754 0.8032786885245902 0.013831967213114754 0.05081967213114754
17 0.2738217213114754 0.8520491803278688 0.016905737704918034 0.05491803278688524
0 0.3463114754098361 0.8799180327868853 0.12704918032786885 0.1483606557377049
0 0.47848360655737704 0.9184426229508197 0.12807377049180327 0.14672131147540984
17 0.23309426229508196 0.8647540983606558 0.03483606557377049 0.02622950819672131
7 0.18980532786885246 0.8676229508196721 0.027151639344262294 0.0959016393442623
17 0.13780737704918034 0.8627049180327869 0.015368852459016393 0.05327868852459016
17 0.1168032786885246 0.8577868852459016 0.01639344262295082 0.05327868852459016
1 0.15957991803278687 0.8684426229508196 0.015881147540983607 0.05491803278688524
19 0.07991803278688525 0.8598360655737705 0.025614754098360656 0.040983606557377046
4 0.5404713114754098 0.16229508196721312 0.2530737704918033 0.2278688524590164
4 0.22925204918032788 0.10901639344262296 0.39600409836065575 0.2180327868852459
17 0.17494877049180327 0.20204918032786887 0.016905737704918034 0.056557377049180325
17 0.2041495901639344 0.21024590163934426 0.017930327868852458 0.056557377049180325
17 0.23232581967213115 0.21721311475409835 0.016905737704918034 0.05573770491803279
17 0.2617827868852459 0.22581967213114754 0.01639344262295082 0.05327868852459016
17 0.5484118852459017 0.2987704918032787 0.016905737704918034 0.05327868852459016
17 0.49077868852459017 0.28401639344262297 0.01639344262295082 0.05327868852459016
17 0.5199795081967213 0.29221311475409834 0.017418032786885244 0.05327868852459016
3 0.3557889344262295 0.2975409836065574 0.16342213114754098 0.12622950819672132
12 0.052510245901639344 0.2520491803278688 0.04559426229508197 0.04672131147540984
16 0.10835040983606557 0.2913934426229508 0.03637295081967213 0.06639344262295081
12 0.048668032786885244 0.29221311475409834 0.04610655737704918 0.04672131147540984