1 0.36472945891783565 0.36235955056179775 0.017034068136272545 0.05377207062600321
1 0.40606212424849697 0.3743980738362761 0.015531062124248497 0.0521669341894061
1 0.3870240480961924 0.36998394863563405 0.016533066132264528 0.052969502407704656
17 0.1968937875751503 0.34630818619582665 0.017034068136272545 0.0521669341894061
12 0.08642284569138277 0.315008025682183 0.04659318637274549 0.04735152487961477
13 0.3063627254509018 0.3776083467094703 0.03657314629258517 0.07624398073836276
17 0.22244488977955912 0.3539325842696629 0.017034068136272545 0.05457463884430177
20 0.2605210420841683 0.3647672552166934 0.04909819639278557 0.06821829855537721
19 0.3602204408817635 0.43097913322632425 0.008016032064128256 0.014446227929373997
19 0.40305611222444887 0.44341894060995185 0.008517034068136272 0.016853932584269662
12 0.08166332665330661 0.3527287319422151 0.047094188376753505 0.048956661316211875
19 0.374248496993988 0.43579454253611555 0.009018036072144289 0.016051364365971106
19 0.4168336673346693 0.4482343499197432 0.009018036072144289 0.015248796147672551
19 0.38877755511022044 0.43980738362760835 0.009018036072144289 0.014446227929373997
19 0.3464428857715431 0.4281701444622793 0.009519038076152305 0.015248796147672551
19 0.343687374749499 0.449438202247191 0.009018036072144289 0.016051364365971106
19 0.3714929859719439 0.4570626003210273 0.008517034068136272 0.015248796147672551
19 0.3862725450901804 0.46147672552166935 0.01002004008016032 0.01765650080256822
19 0.4003006012024048 0.46629213483146065 0.009018036072144289 0.014446227929373997
19 0.35771543086172347 0.45385232744783305 0.008016032064128256 0.015248796147672551
19 0.41407815631262523 0.46990369181380415 0.008517034068136272 0.015248796147672551
0 0.13852705410821645 0.39325842696629215 0.051603206412825654 0.12520064205457465
12 0.07765531062124248 0.391653290529695 0.04609218436873747 0.048154093097913325
4 0.7805611222444889 0.5906902086677368 0.3637274549098196 0.8170144462279294
12 0.07289579158316634 0.42937399678972715 0.04659318637274549 0.048154093097913325
19 0.28106212424849697 0.5012038523274478 0.009018036072144289 0.013643659711075442
19 0.2943386773547094 0.5056179775280899 0.009519038076152305 0.016051364365971106
19 0.46217434869739477 0.5541733547351525 0.008517034068136272 0.015248796147672551
19 0.44889779559118237 0.5497592295345104 0.009018036072144289 0.014446227929373997
19 0.29233466933867736 0.5272873194221509 0.009519038076152305 0.016051364365971106
19 0.2790581162324649 0.5244783306581059 0.009018036072144289 0.015248796147672551
19 0.4604208416833667 0.5762439807383628 0.009018036072144289 0.014446227929373997
19 0.4468937875751503 0.57223113964687 0.01002004008016032 0.016051364365971106
12 0.06988977955911824 0.46669341894060995 0.04659318637274549 0.048956661316211875
16 0.12249498997995992 0.5004012841091493 0.034569138276553106 0.06821829855537721
19 0.2895791583166333 0.5489566613162119 0.009018036072144289 0.014446227929373997
1 0.48572144288577157 0.60553772070626 0.016533066132264528 0.05377207062600321
19 0.27605210420841686 0.5457463884430177 0.009018036072144289 0.016051364365971106
19 0.4438877755511022 0.5947030497592295 0.008016032064128256 0.012841091492776886
19 0.4574148296593186 0.598314606741573 0.009018036072144289 0.013643659711075442
9 0.3654809619238477 0.5846709470304976 0.13577154308617234 0.21428571428571427
12 0.06513026052104208 0.5044141252006421 0.04609218436873747 0.048956661316211875
19 0.2873246492985972 0.5714285714285714 0.010521042084168337 0.016051364365971106
19 0.45541082164328656 0.6207865168539326 0.009018036072144289 0.013643659711075442
19 0.27379759519038077 0.5690208667736758 0.008517034068136272 0.014446227929373997
19 0.44138276553106215 0.6167736757624398 0.01002004008016032 0.015248796147672551
19 0.27079158316633267 0.5902889245585875 0.009519038076152305 0.016853932584269662
19 0.2845691382765531 0.5951043338683788 0.01002004008016032 0.015248796147672551
19 0.43912825651302606 0.6388443017656501 0.008517034068136272 0.014446227929373997
19 0.4529058116232465 0.6424558587479936 0.009018036072144289 0.013643659711075442
13 0.14904809619238477 0.5774478330658106 0.030561122244488977 0.07624398073836276
13 0.17109218436873747 0.5846709470304976 0.029559118236472944 0.07463884430176565
17 0.12625250501002003 0.5730337078651685 0.01903807615230461 0.056179775280898875
19 0.28281563126252507 0.6175762439807384 0.010521042084168337 0.016853932584269662
19 0.26903807615230463 0.6135634028892456 0.009018036072144289 0.015248796147672551
19 0.4506513026052104 0.6649277688603531 0.009519038076152305 0.013643659711075442
19 0.436372745490982 0.6621187800963082 0.01002004008016032 0.016051364365971106
12 0.10345691382765532 0.5718298555377207 0.029559118236472944 0.06821829855537721
19 0.3166332665330661 0.6962279293739968 0.009018036072144289 0.013643659711075442
19 0.33041082164328656 0.7002407704654896 0.008517034068136272 0.013643659711075442
19 0.344438877755511 0.7046548956661316 0.009519038076152305 0.014446227929373997
19 0.3584669338677355 0.7086677367576244 0.009519038076152305 0.014446227929373997
19 0.38602204408817636 0.71669341894061 0.00751503006012024 0.016051364365971106
19 0.3722444889779559 0.7130818619582665 0.009018036072144289 0.015248796147672551
11 0.5816633266533067 0.7732744783306581 0.06412825651302605 0.06500802568218299
17 0.1407815631262525 0.656099518459069 0.01603206412825651 0.05377207062600321
17 0.16182364729458917 0.663322632423756 0.01503006012024048 0.0521669341894061
13 0.2745490981963928 0.6962279293739968 0.03707414829659319 0.07624398073836276
9 0.21718436873747496 0.6813804173354735 0.08967935871743488 0.17174959871589085
19 0.3143787575150301 0.7178972712680578 0.009519038076152305 0.013643659711075442
19 0.34193386773547096 0.7255216693418941 0.010521042084168337 0.016051364365971106
19 0.3845190380761523 0.7379614767255217 0.009519038076152305 0.016853932584269662
19 0.3279058116232465 0.7219101123595506 0.009519038076152305 0.015248796147672551
19 0.35596192384769537 0.7299357945425361 0.010521042084168337 0.015248796147672551
19 0.36948897795591185 0.7339486356340289 0.008517034068136272 0.015248796147672551
17 0.5653807615230461 0.8262439807383628 0.01753507014028056 0.05056179775280899
17 0.593186372745491 0.8350722311396469 0.017034068136272545 0.0521669341894061
4 0.057865731462925854 0.6978330658105939 0.11573146292585171 0.2447833065810594
12 0.16007014028056113 0.7459871589085072 0.028557114228456915 0.07463884430176565
5 0.26978957915831664 0.7837078651685393 0.04659318637274549 0.06340288924558588
17 0.19138276553106212 0.7800963081861958 0.02004008016032064 0.019261637239165328
1 0.12124248496993988 0.7784911717495987 0.014028056112224449 0.04975922953451043
17 0.30410821643286573 0.8310593900481541 0.017034068136272545 0.05377207062600321
0 0.374248496993988 0.8611556982343499 0.125250501002004 0.1476725521669342
0 0.503006012024048 0.901685393258427 0.12625250501002003 0.14686998394863562
17 0.26402805611222446 0.8422953451043339 0.03406813627254509 0.026484751203852328
7 0.2216933867735471 0.8434991974317817 0.02755511022044088 0.09470304975922954
17 0.17109218436873747 0.8374799357945425 0.015531062124248497 0.0521669341894061
17 0.1500501002004008 0.8326645264847512 0.016533066132264528 0.0521669341894061
1 0.19188376753507014 0.8443017656500803 0.01603206412825651 0.05457463884430177
19 0.11447895791583167 0.8334670947030498 0.02555110220440882 0.040930979133226325
4 0.5716432865731463 0.1637239165329053 0.24849699398797595 0.22953451043338685
4 0.2650300601202405 0.10674157303370786 0.3937875751503006 0.21348314606741572
17 0.21392785571142284 0.19221508828250403 0.017034068136272545 0.05537720706260032
17 0.24248496993987975 0.20104333868378813 0.018036072144288578 0.05537720706260032
17 0.27004008016032066 0.2086677367576244 0.017034068136272545 0.05457463884430177
17 0.29884769539078154 0.21789727126805777 0.016533066132264528 0.0521669341894061
17 0.5786573146292585 0.2965489566613162 0.017034068136272545 0.0521669341894061
17 0.5222945891783567 0.2804975922953451 0.016533066132264528 0.0521669341894061
17 0.5508517034068137 0.2893258426966292 0.01753507014028056 0.0521669341894061
3 0.3897795591182365 0.2909309791332263 0.16032064128256512 0.1276083467094703
12 0.09418837675350701 0.23796147672552168 0.045090180360721446 0.04735152487961477
16 0.14829659318637275 0.27768860353130015 0.036072144288577156 0.06581059390048154
12 0.08967935871743488 0.2768860353130016 0.045090180360721446 0.04654895666131621