1 0.34218436873747493 0.42736757624398075 0.01603206412825651 0.05377207062600321
1 0.38351703406813625 0.41813804173354735 0.014529058116232466 0.051364365971107544
1 0.3644789579158317 0.42335473515248795 0.015531062124248497 0.0521669341894061
17 0.17935871743486975 0.4947833065810594 0.01603206412825651 0.0521669341894061
12 0.06838677354709419 0.5196629213483146 0.045591182364729456 0.045746388443017656
13 0.2895791583166333 0.47070626003210275 0.03507014028056112 0.07463884430176565
17 0.20541082164328658 0.4895666131621188 0.01603206412825651 0.05457463884430177
20 0.24348697394789579 0.48073836276083465 0.04809619238476954 0.06581059390048154
19 0.3509519038076152 0.49518459069020865 0.00751503006012024 0.014446227929373997
19 0.39403807615230463 0.48515248796147675 0.008517034068136272 0.016853932584269662
12 0.07089178356713427 0.5581861958266453 0.04659318637274549 0.04735152487961477
19 0.3654809619238477 0.492776886035313 0.008517034068136272 0.016051364365971106
19 0.40806613226452904 0.48274478330658105 0.008517034068136272 0.015248796147672551
19 0.38001002004008017 0.4895666131621188 0.008517034068136272 0.014446227929373997
19 0.33717434869739477 0.49919743178170145 0.009018036072144289 0.014446227929373997
19 0.33892785571142287 0.5200642054574639 0.008517034068136272 0.016051364365971106
19 0.3667334669338677 0.5140449438202247 0.008016032064128256 0.015248796147672551
19 0.3815130260521042 0.5108346709470305 0.009519038076152305 0.016853932584269662
19 0.39554108216432865 0.5080256821829856 0.008517034068136272 0.014446227929373997
19 0.3529559118236473 0.5180577849117175 0.00751503006012024 0.015248796147672551
19 0.4093186372745491 0.5052166934189406 0.008016032064128256 0.015248796147672551
0 0.13276553106212424 0.5682182985553772 0.04909819639278557 0.12359550561797752
12 0.07439879759519039 0.5967094703049759 0.045591182364729456 0.045746388443017656
4 0.7873246492985972 0.4674959871589085 0.3471943887775551 0.8659711075441413
12 0.07715430861723446 0.6348314606741573 0.04609218436873747 0.04654895666131621
19 0.2895791583166333 0.6003210272873194 0.009018036072144289 0.012841091492776886
19 0.3026052104208417 0.598314606741573 0.009018036072144289 0.015248796147672551
19 0.4714428857715431 0.5605939004815409 0.008016032064128256 0.015248796147672551
19 0.45791583166332667 0.5638041733547352 0.009018036072144289 0.013643659711075442
19 0.3046092184368738 0.6191813804173355 0.009018036072144289 0.015248796147672551
19 0.2918336673346693 0.6231942215088283 0.008517034068136272 0.015248796147672551
19 0.47394789579158314 0.5830658105939005 0.009018036072144289 0.013643659711075442
19 0.46067134268537074 0.5862760834670947 0.009519038076152305 0.015248796147672551
12 0.08166332665330661 0.6721508828250401 0.04609218436873747 0.04735152487961477
16 0.13852705410821645 0.67776886035313 0.03356713426853707 0.0666131621187801
19 0.3066132264529058 0.641653290529695 0.009018036072144289 0.013643659711075442
1 0.5037575150300602 0.5979133226324238 0.015531062124248497 0.052969502407704656
19 0.29283567134268534 0.6460674157303371 0.008517034068136272 0.016051364365971106
19 0.4619238476953908 0.608346709470305 0.008016032064128256 0.012841091492776886
19 0.4754509018036072 0.6051364365971108 0.009018036072144289 0.012841091492776886
9 0.3855210420841683 0.6380417335473515 0.13276553106212424 0.2086677367576244
12 0.0844188376753507 0.7102728731942215 0.045591182364729456 0.04654895666131621
19 0.30861723446893785 0.6641252006420546 0.01002004008016032 0.015248796147672551
19 0.4779559118236473 0.6276083467094703 0.009018036072144289 0.012841091492776886
19 0.29509018036072143 0.6685393258426966 0.008016032064128256 0.014446227929373997
19 0.46417835671342683 0.6308186195826645 0.009519038076152305 0.014446227929373997
19 0.2965931863727455 0.6902086677367576 0.009018036072144289 0.016051364365971106
19 0.31087174348697394 0.687800963081862 0.009519038076152305 0.014446227929373997
19 0.46593186372745493 0.6532905296950241 0.008016032064128256 0.014446227929373997
19 0.47995991983967934 0.6500802568218299 0.009018036072144289 0.012841091492776886
13 0.17835671342685372 0.7375601926163724 0.02905811623246493 0.0754414125200642
13 0.20115230460921843 0.7343499197431782 0.028557114228456915 0.0738362760834671
17 0.15581162324649298 0.7451845906902087 0.018036072144288578 0.05537720706260032
19 0.31312625250501 0.7102728731942215 0.01002004008016032 0.016051364365971106
19 0.2993486973947896 0.7130818619582665 0.008517034068136272 0.015248796147672551
19 0.48171342685370744 0.6717495987158909 0.009519038076152305 0.012841091492776886
19 0.46818637274549096 0.6769662921348315 0.009519038076152305 0.015248796147672551
12 0.13376753507014028 0.7552166934189406 0.028056112224448898 0.06741573033707865
19 0.36072144288577157 0.7680577849117175 0.009018036072144289 0.012841091492776886
19 0.374498997995992 0.7652487961476726 0.008517034068136272 0.013643659711075442
19 0.3885270541082164 0.7628410914927769 0.009519038076152305 0.013643659711075442
19 0.40305611222444887 0.7596308186195827 0.009519038076152305 0.013643659711075442
19 0.4308617234468938 0.7532102728731942 0.0070140280561122245 0.015248796147672551
19 0.41708416833667333 0.7564205457463884 0.008517034068136272 0.015248796147672551
11 0.627254509018036 0.7106741573033708 0.06312625250501001 0.06179775280898876
17 0.18537074148296592 0.8178170144462279 0.01503006012024048 0.052969502407704656
17 0.20691382765531063 0.8138041733547352 0.014028056112224449 0.051364365971107544
13 0.3203907815631262 0.7897271268057785 0.03557114228456914 0.0754414125200642
9 0.26327655310621245 0.8033707865168539 0.08667334669338678 0.16853932584269662
19 0.3624749498997996 0.7897271268057785 0.009519038076152305 0.012841091492776886
19 0.39028056112224446 0.7837078651685393 0.01002004008016032 0.015248796147672551
19 0.4333667334669339 0.7744783306581059 0.009018036072144289 0.016051364365971106
19 0.37625250501002006 0.7873194221508828 0.009018036072144289 0.014446227929373997
19 0.4043086172344689 0.7808988764044944 0.01002004008016032 0.014446227929373997
19 0.4183366733466934 0.7780898876404494 0.008016032064128256 0.015248796147672551
17 0.6224949899799599 0.7684590690208668 0.016533066132264528 0.05056179775280899
17 0.6503006012024048 0.7636436597110754 0.01603206412825651 0.0521669341894061
4 0.10320641282565131 0.891653290529695 0.13627254509018036 0.21508828250401285
12 0.2211923847695391 0.8924558587479936 0.02755511022044088 0.0738362760834671
5 0.33291583166332667 0.8752006420545746 0.045591182364729456 0.06179775280898876
17 0.25776553106212424 0.9097110754414125 0.019539078156312624 0.018459069020866775
1 0.1903807615230461 0.9438202247191011 0.013026052104208416 0.04975922953451043
17 0.374749498997996 0.9032905296950241 0.01603206412825651 0.05377207062600321
0 0.4473947895791583 0.8960674157303371 0.12324649298597194 0.1420545746388443
0 0.5776553106212425 0.8715890850722311 0.12424849699398798 0.14125200642054575
17 0.33892785571142287 0.9337881219903692 0.03356713426853707 0.024879614767255216
7 0.2985971943887776 0.9538523274478331 0.026052104208416832 0.09069020866773676
17 0.24949899799599198 0.973916532905297 0.01503006012024048 0.05056179775280899
17 0.22845691382765532 0.9767255216693419 0.01603206412825651 0.0449438202247191
1 0.27054108216432865 0.9707062600321027 0.01503006012024048 0.05377207062600321
19 0.19463927855711421 0.9891653290529695 0.02555110220440882 0.020064205457463884
4 0.500250501002004 0.13523274478330657 0.24599198396793587 0.2174959871589085
4 0.19438877755511022 0.20786516853932585 0.38877755511022044 0.24719101123595505
17 0.1658316633266533 0.3398876404494382 0.01603206412825651 0.05537720706260032
17 0.19438877755511022 0.3342696629213483 0.017034068136272545 0.05537720706260032
17 0.22244488977955912 0.3274478330658106 0.01603206412825651 0.05457463884430177
17 0.25125250501002006 0.32223113964687 0.015531062124248497 0.0521669341894061
17 0.532565130260521 0.2588282504012841 0.01603206412825651 0.0521669341894061
17 0.47620240480961923 0.271669341894061 0.015531062124248497 0.0521669341894061
17 0.5047595190380761 0.2660513643659711 0.016533066132264528 0.0521669341894061
3 0.35220440881763526 0.34630818619582665 0.1593186372745491 0.11958266452648475
12 0.06062124248496994 0.44301765650080255 0.04408817635270541 0.0449438202247191
16 0.11973947895791583 0.45385232744783305 0.03507014028056112 0.06500802568218299
12 0.06387775551102204 0.4819422150882825 0.04458917835671343 0.044141252006420544