1 0.342451874366768 0.35372771474878445 0.017223910840932118 0.05429497568881685
1 0.3842451874366768 0.3658833063209076 0.015704154002026342 0.0526742301458671
1 0.3655015197568389 0.3606158833063209 0.016717325227963525 0.05348460291734198
17 0.17274569402228976 0.33752025931928686 0.017223910840932118 0.0526742301458671
12 0.061043566362715296 0.30591572123176664 0.04711246200607903 0.04781199351701783
13 0.28343465045592703 0.36912479740680715 0.036980749746707196 0.07698541329011345
17 0.19908814589665655 0.34521880064829824 0.017223910840932118 0.055105348460291734
20 0.23708206686930092 0.35615883306320906 0.04964539007092199 0.06888168557536467
19 0.33789260385005065 0.42301458670988656 0.008105369807497468 0.014586709886547812
19 0.38120567375886527 0.43557536466774716 0.008611955420466059 0.017017828200972446
12 0.05623100303951368 0.3440032414910859 0.047619047619047616 0.04943273905996758
19 0.35207700101317124 0.42787682333873583 0.00911854103343465 0.01620745542949757
19 0.3951367781155015 0.4404376012965964 0.00911854103343465 0.01539708265802269
19 0.3667679837892604 0.4319286871961102 0.00911854103343465 0.014586709886547812
19 0.3239614994934144 0.42017828200972446 0.009625126646403243 0.01539708265802269
19 0.3211752786220871 0.44165316045380876 0.00911854103343465 0.01620745542949757
19 0.34929078014184395 0.4493517017828201 0.008611955420466059 0.01539708265802269
19 0.36423505572441744 0.4538087520259319 0.010131712259371834 0.017828200972447326
19 0.3789260385005066 0.4586709886547812 0.00911854103343465 0.014586709886547812
19 0.3353596757852077 0.4461102106969206 0.008105369807497468 0.01539708265802269
19 0.3923505572441743 0.46231766612641817 0.008611955420466059 0.01539708265802269
0 0.11372847011144883 0.38492706645056723 0.05217831813576494 0.12641815235008103
12 0.05217831813576494 0.3824959481361426 0.04660587639311044 0.04862236628849271
4 0.7644376899696048 0.5850891410048622 0.3677811550151976 0.8282009724473258
12 0.047365754812563325 0.4213938411669368 0.04711246200607903 0.04862236628849271
19 0.25785207700101315 0.4939222042139384 0.00911854103343465 0.013776337115072933
19 0.2712765957446808 0.4983792544570502 0.009625126646403243 0.01620745542949757
19 0.4409827760891591 0.5465964343598055 0.008611955420466059 0.01539708265802269
19 0.4275582573454914 0.5429497568881686 0.00911854103343465 0.014586709886547812
19 0.2692502532928065 0.5194489465153971 0.009625126646403243 0.01620745542949757
19 0.2558257345491388 0.516612641815235 0.00911854103343465 0.01539708265802269
19 0.439209726443769 0.5696920583468396 0.00911854103343465 0.014586709886547812
19 0.425531914893617 0.5656401944894651 0.010131712259371834 0.01620745542949757
12 0.044326241134751775 0.4590761750405186 0.04711246200607903 0.04943273905996758
16 0.0975177304964539 0.4931118314424635 0.034954407294832825 0.06888168557536467
19 0.26646403242147926 0.5421393841166937 0.00911854103343465 0.014586709886547812
1 0.46479229989868287 0.5984602917341977 0.016717325227963525 0.05429497568881685
19 0.25278622087132724 0.5388978930307942 0.00911854103343465 0.01620745542949757
19 0.42249240121580545 0.5875202593192869 0.008105369807497468 0.012965964343598054
19 0.43566362715298884 0.5927876823338736 0.00911854103343465 0.013776337115072933
9 0.34321175278622085 0.5773905996758509 0.13728470111448834 0.21636952998379255
12 0.03951367781155015 0.49716369529983795 0.04660587639311044 0.04943273905996758
19 0.2641843971631206 0.5648298217179902 0.010638297872340425 0.01620745542949757
19 0.4341438703140831 0.6138573743922204 0.00911854103343465 0.013776337115072933
19 0.25050658561296857 0.5623987034035657 0.008611955420466059 0.014586709886547812
19 0.4199594731509625 0.609805510534846 0.010131712259371834 0.01539708265802269
19 0.24746707193515705 0.5838735818476499 0.009625126646403243 0.017017828200972446
19 0.2613981762917933 0.5887358184764991 0.010131712259371834 0.01539708265802269
19 0.4176798378926038 0.6320907617504052 0.008611955420466059 0.014586709886547812
19 0.4316109422492401 0.6365478119935171 0.00911854103343465 0.013776337115072933
13 0.12436676798378926 0.570097244732577 0.03090172239108409 0.07698541329011345
13 0.1466565349544073 0.5782009724473258 0.02988855116514691 0.0753646677471637
17 0.10131712259371833 0.56645056726094 0.019250253292806486 0.05672609400324149
19 0.25962512664640325 0.6106158833063209 0.010638297872340425 0.017017828200972446
19 0.24569402228976697 0.6065640194489466 0.00911854103343465 0.01539708265802269
19 0.42933130699088146 0.6584278768233387 0.009625126646403243 0.013776337115072933
19 0.4148936170212766 0.6564019448946515 0.010131712259371834 0.01620745542949757
12 0.078774062816616 0.5652350081037277 0.02988855116514691 0.06888168557536467
19 0.2938196555217832 0.6908427876823339 0.00911854103343465 0.013776337115072933
19 0.30775075987841943 0.6948946515397083 0.008611955420466059 0.013776337115072933
19 0.3224417426545086 0.6993517017828201 0.009625126646403243 0.014586709886547812
19 0.3366261398176292 0.7034035656401945 0.009625126646403243 0.014586709886547812
19 0.3639817629179331 0.7115072933549432 0.007598784194528876 0.01620745542949757
19 0.3505572441742654 0.7078606158833063 0.00911854103343465 0.01539708265802269
11 0.5618034447821681 0.7686385737439222 0.06484295845997974 0.06564019448946515
17 0.1160081053698075 0.6503241491085899 0.016210739614994935 0.05429497568881685
17 0.13728470111448834 0.656807131280389 0.015197568389057751 0.0526742301458671
13 0.2512664640324215 0.6908427876823339 0.037487335359675786 0.07698541329011345
9 0.19326241134751773 0.6750405186385737 0.09067882472137791 0.17341977309562398
19 0.2915400202634245 0.7119124797406807 0.009625126646403243 0.013776337115072933
19 0.31940222897669707 0.7196110210696921 0.010638297872340425 0.01620745542949757
19 0.36246200607902734 0.7329821717990276 0.009625126646403243 0.017017828200972446
19 0.3052178318135765 0.7167747163695299 0.009625126646403243 0.01539708265802269
19 0.33358662613981765 0.7248784440842788 0.010638297872340425 0.01539708265802269
19 0.3472644376899696 0.7289303079416531 0.008611955420466059 0.01539708265802269
17 0.5458459979736575 0.8213128038897893 0.01773049645390071 0.051053484602917344
17 0.5734549138804458 0.8310372771474879 0.017223910840932118 0.0526742301458671
4 0.04559270516717325 0.6936790923824959 0.0911854103343465 0.24473257698541329
12 0.13601823708206687 0.7410858995137763 0.028875379939209727 0.0753646677471637
5 0.24645390070921985 0.7791734197730956 0.04711246200607903 0.0640194489465154
17 0.16818642350557245 0.7755267423014587 0.020263424518743668 0.019448946515397084
1 0.09625126646403243 0.7739059967585089 0.014184397163120567 0.050243111831442464
17 0.2811550151975684 0.8269854132901134 0.017223910840932118 0.05429497568881685
0 0.35207700101317124 0.8565640194489466 0.12664640324214793 0.14910858995137763
0 0.48226950354609927 0.8982982171799028 0.1276595744680851 0.14829821717990274
17 0.24062816616008106 0.8383306320907618 0.034447821681864235 0.02674230145867099
7 0.19782168186423504 0.839546191247974 0.027862208713272545 0.09562398703403566
17 0.14716312056737588 0.8334683954619124 0.015704154002026342 0.0526742301458671
17 0.12537993920972645 0.8277957860615883 0.016717325227963525 0.0526742301458671
1 0.16717325227963525 0.8403565640194489 0.016210739614994935 0.055105348460291734
19 0.08941236068895643 0.8294165316045381 0.025835866261398176 0.041329011345218804
4 0.5516717325227963 0.15235008103727715 0.2512664640324215 0.23176661264181522
4 0.24164133738601823 0.10170178282009724 0.3981762917933131 0.2034035656401945
17 0.1899696048632219 0.18192868719611022 0.017223910840932118 0.055915721231766614
17 0.2188449848024316 0.19084278768233387 0.0182370820668693 0.055915721231766614
17 0.24721377912867273 0.1993517017828201 0.017223910840932118 0.055105348460291734
17 0.27583586626139817 0.20705024311183146 0.016717325227963525 0.0526742301458671
17 0.5587639311043566 0.2872771474878444 0.017223910840932118 0.0526742301458671
17 0.50177304964539 0.27106969205834686 0.016717325227963525 0.0526742301458671
17 0.5311550151975684 0.2799837925445705 0.01773049645390071 0.0526742301458671
3 0.3677811550151976 0.2807941653160454 0.16210739614994935 0.12884927066450566
12 0.06889564336372847 0.22811993517017828 0.04559270516717325 0.04781199351701783
16 0.12360688956433637 0.26823338735818475 0.0364741641337386 0.06645056726094004
12 0.06433637284701114 0.26742301458670986 0.04559270516717325 0.04700162074554295