1 0.38105046343975285 0.34925864909390447 0.01956745623069001 0.05601317957166392
1 0.4230175077239959 0.36614497528830314 0.018022657054582905 0.05354200988467875
1 0.40396498455200824 0.35914332784184516 0.01905252317198764 0.054365733113673806
17 0.20957775489186406 0.3130148270181219 0.01956745623069001 0.054365733113673806
12 0.09783728115345006 0.2685337726523888 0.04840370751802266 0.05271828665568369
13 0.3208032955715757 0.35831960461285006 0.04016477857878476 0.08072487644151564
17 0.23635427394438724 0.3241350906095552 0.01956745623069001 0.05683690280065898
20 0.27394438722966014 0.3393739703459638 0.05252317198764161 0.07413509060955518
19 0.3733264675592173 0.4188632619439868 0.008238928939237899 0.015650741350906095
19 0.41658084449021626 0.43657331136738053 0.009268795056642637 0.018121911037891267
12 0.09165808444902163 0.306836902800659 0.04943357363542739 0.05518945634266886
19 0.38748712667353247 0.4254530477759473 0.009783728115345005 0.01729818780889621
19 0.4307415036045314 0.44233937397034595 0.009783728115345005 0.016474464579901153
19 0.40216271884654997 0.4312191103789127 0.009268795056642637 0.015650741350906095
19 0.35916580844490215 0.41392092257001645 0.009783728115345005 0.015650741350906095
19 0.3555612770339856 0.436161449752883 0.009783728115345005 0.01729818780889621
19 0.38362512873326465 0.4472817133443163 0.009268795056642637 0.016474464579901153
19 0.39881565396498453 0.45263591433278416 0.010813594232749742 0.018945634266886325
19 0.4129763130792997 0.4592257001647446 0.009268795056642637 0.015650741350906095
19 0.3694644696189495 0.44233937397034595 0.008753861997940269 0.016474464579901153
19 0.42636457260556127 0.4645799011532125 0.009268795056642637 0.016474464579901153
0 0.14752832131822863 0.3546128500823723 0.057157569515962924 0.13097199341021418
12 0.0854788877445932 0.34555189456342666 0.04840370751802266 0.05354200988467875
4 0.797373841400618 0.6000823723228995 0.40525231719876414 0.7981878088962109
12 0.0790422245108136 0.3842668863261944 0.04891864057672503 0.05354200988467875
19 0.28913491246138 0.4814662273476112 0.009783728115345005 0.01400329489291598
19 0.3027806385169928 0.4876441515650741 0.010298661174047374 0.016474464579901153
19 0.4721936148300721 0.556013179571664 0.009268795056642637 0.016474464579901153
19 0.4590628218331617 0.5510708401976936 0.009783728115345005 0.014827018121911038
19 0.29917610710607623 0.5090609555189456 0.010298661174047374 0.016474464579901153
19 0.2860453141091658 0.5049423393739704 0.009783728115345005 0.016474464579901153
19 0.4693614830072091 0.5790774299835255 0.009783728115345005 0.014827018121911038
19 0.4559732234809475 0.5737232289950577 0.010813594232749742 0.01729818780889621
12 0.0738928939237899 0.42174629324546953 0.04891864057672503 0.054365733113673806
16 0.1266735324407827 0.46210873146622733 0.03810504634397528 0.07248764415156507
19 0.29582904222451084 0.5313014827018122 0.009783728115345005 0.014827018121911038
1 0.49407826982492276 0.6116144975288303 0.01905252317198764 0.05518945634266886
19 0.2814109165808445 0.5267710049423394 0.009783728115345005 0.01729818780889621
19 0.4518537590113285 0.5951400329489291 0.008753861997940269 0.01400329489291598
19 0.4652420185375901 0.6025535420098846 0.009783728115345005 0.01400329489291598
9 0.3717816683831102 0.5766062602965404 0.1462409886714727 0.23064250411861614
12 0.0674562306900103 0.46046128500823724 0.04840370751802266 0.054365733113673806
19 0.291967044284243 0.5539538714991763 0.01132852729145211 0.01729818780889621
19 0.4621524201853759 0.6231466227347611 0.009783728115345005 0.01400329489291598
19 0.27832131822863027 0.549835255354201 0.008753861997940269 0.015650741350906095
19 0.44850669412976313 0.6177924217462932 0.010298661174047374 0.016474464579901153
19 0.2744593202883625 0.5712520593080724 0.010298661174047374 0.01729818780889621
19 0.2883625128733265 0.5782537067545305 0.010298661174047374 0.016474464579901153
19 0.44464469618949537 0.6404448105436573 0.008753861997940269 0.015650741350906095
19 0.4590628218331617 0.6462108731466227 0.009783728115345005 0.01400329489291598
13 0.15036045314109167 0.5440691927512356 0.03398558187435633 0.07990115321252059
13 0.1727600411946447 0.5547775947281713 0.03347064881565397 0.07825370675453047
17 0.12718846549948506 0.5374794069192751 0.021627188465499485 0.05848434925864909
19 0.28527291452111225 0.600494233937397 0.01132852729145211 0.018121911037891267
19 0.2716271884654995 0.5947281713344317 0.009783728115345005 0.016474464579901153
19 0.4552008238928939 0.6680395387149918 0.010298661174047374 0.014827018121911038
19 0.44104016477857877 0.664332784184514 0.010813594232749742 0.01729818780889621
12 0.10453141091658084 0.5333607907742999 0.032955715756951595 0.07166392092257001
19 0.3169412976313079 0.6849258649093904 0.009783728115345005 0.01400329489291598
19 0.3311019567456231 0.6911037891268533 0.009268795056642637 0.014827018121911038
19 0.345005149330587 0.6972817133443163 0.010298661174047374 0.015650741350906095
19 0.35993820803295573 0.7030477759472817 0.010298661174047374 0.015650741350906095
19 0.38722966014418125 0.714168039538715 0.008238928939237899 0.016474464579901153
19 0.3735839340885685 0.7092257001647446 0.009783728115345005 0.016474464579901153
11 0.5849639546858908 0.7948929159802306 0.06694129763130793 0.07248764415156507
17 0.1380020597322348 0.6239703459637562 0.018537590113285273 0.05518945634266886
17 0.15911431513903193 0.6330313014827018 0.017507723995880537 0.05354200988467875
13 0.273686920700309 0.6803953871499177 0.040679711637487126 0.08072487644151564
9 0.21524201853759012 0.6585667215815486 0.09783728115345006 0.18204283360790774
19 0.3135942327497425 0.7067545304777595 0.010298661174047374 0.014827018121911038
19 0.34140061791967047 0.7178747940691927 0.01132852729145211 0.01729818780889621
19 0.384140061791967 0.735996705107084 0.010298661174047374 0.01729818780889621
19 0.3267250257466529 0.7129324546952224 0.009783728115345005 0.015650741350906095
19 0.3555612770339856 0.7240527182866557 0.010813594232749742 0.016474464579901153
19 0.36920700308959836 0.729818780889621 0.009268795056642637 0.016474464579901153
17 0.5666838311019567 0.8467874794069192 0.02008238928939238 0.05271828665568369
17 0.5937178166838311 0.8591433278418451 0.01956745623069001 0.054365733113673806
4 0.057157569515962924 0.6560955518945635 0.11431513903192585 0.26112026359143325
12 0.1547373841400618 0.7178747940691927 0.03244078269824923 0.07825370675453047
5 0.2649330587023687 0.7693574958813838 0.049948506694129764 0.06919275123558484
17 0.1858908341915551 0.757001647446458 0.02059732234809475 0.0214168039538715
1 0.11225540679711637 0.7475288303130149 0.016477857878475798 0.051894563426688634
17 0.2976313079299691 0.8220757825370676 0.01956745623069001 0.05601317957166392
0 0.3684346035015448 0.8599670510708401 0.13233779608650875 0.1630971993410214
0 0.49897013388259526 0.9176276771004942 0.13285272914521112 0.1614497528830313
17 0.2564366632337796 0.8290774299835255 0.035015447991761074 0.030477759472817133
7 0.21266735324407826 0.8253706754530478 0.03192584963954686 0.09719934102141681
17 0.16143151390319257 0.8134266886326195 0.018022657054582905 0.05354200988467875
17 0.1398043254376931 0.8056013179571664 0.01905252317198764 0.054365733113673806
1 0.18177136972193614 0.8220757825370676 0.018537590113285273 0.05601317957166392
19 0.10324407826982493 0.8027182866556837 0.02729145211122554 0.04365733113673806
4 0.6022142121524202 0.16927512355848434 0.2590113285272915 0.25947281713344317
4 0.2911946446961895 0.10296540362438221 0.4062821833161689 0.20593080724876442
17 0.23429454170957775 0.15733113673805602 0.01956745623069001 0.057660626029654036
17 0.2631307929969104 0.1696869851729819 0.02059732234809475 0.057660626029654036
17 0.29145211122554066 0.18163097199341022 0.01956745623069001 0.05683690280065898
17 0.32003089598352213 0.1927512355848435 0.01905252317198764 0.054365733113673806
17 0.6029866117404737 0.30642504118616143 0.01956745623069001 0.054365733113673806
17 0.546086508753862 0.2833607907742998 0.01905252317198764 0.054365733113673806
17 0.575437693099897 0.2957166392092257 0.02008238928939238 0.054365733113673806
3 0.41014418125643665 0.2784184514003295 0.16632337796086508 0.14662273476112025
12 0.10890834191555097 0.1902800658978583 0.04685890834191555 0.05271828665568369
16 0.1627188465499485 0.23764415156507412 0.03913491246138002 0.0700164744645799
12 0.10298661174047374 0.22940691927512355 0.04737384140061792 0.051894563426688634