2 0.345375 0.4014 0.01125 0.05
2 0.3865 0.4014 0.0105 0.0492
2 0.3675 0.4016 0.011 0.0496
16 0.18275 0.431 0.012 0.0492
12 0.07325 0.4312 0.042 0.0352
13 0.2915 0.4314 0.029 0.0676
16 0.208125 0.4314 0.01125 0.0508
20 0.24575 0.4318 0.0425 0.0556
19 0.348625 0.4684 0.00675 0.0128
19 0.390625 0.4686 0.00725 0.0156
12 0.073 0.4686 0.0425 0.0372
19 0.3625 0.4688 0.0075 0.0144
19 0.4045 0.469 0.0075 0.014
19 0.376625 0.4692 0.00775 0.0128
19 0.334625 0.4694 0.00825 0.0132
19 0.33475 0.49 0.0075 0.0144
19 0.362125 0.49 0.00725 0.0136
19 0.376875 0.4906 0.00875 0.0156
19 0.3905 0.4908 0.0075 0.0128
19 0.3485 0.4914 0.0065 0.014
19 0.404125 0.4914 0.00725 0.014
0 0.1315 0.4916 0.039 0.1128
12 0.072875 0.5064 0.04175 0.036
4 0.771875 0.5362 0.27275 0.79
12 0.07275 0.5438 0.042 0.0364
19 0.28025 0.557 0.008 0.0116
19 0.29325 0.5574 0.008 0.014
19 0.459125 0.558 0.00725 0.0136
19 0.446 0.5582 0.008 0.0124
19 0.293125 0.5788 0.00825 0.0136
19 0.28075 0.5792 0.0075 0.0136
19 0.459625 0.5798 0.00825 0.0124
19 0.4465 0.5802 0.0085 0.014
12 0.07325 0.5812 0.042 0.0368
15 0.127625 0.5992 0.02825 0.06
19 0.293375 0.6006 0.00825 0.0124
2 0.48725 0.601 0.011 0.05
19 0.27975 0.6012 0.0075 0.0144
19 0.446 0.6022 0.007 0.0116
19 0.459375 0.6022 0.00825 0.0116
9 0.36975 0.6134 0.115 0.1804
12 0.073125 0.6186 0.04175 0.0372
19 0.293 0.6226 0.009 0.014
19 0.459625 0.6238 0.00825 0.0116
19 0.279875 0.624 0.00725 0.0128
19 0.446125 0.624 0.00875 0.0128
19 0.27975 0.645 0.008 0.0148
19 0.293125 0.6458 0.00875 0.0132
19 0.446 0.6458 0.007 0.0132
19 0.4595 0.6458 0.008 0.0116
13 0.161375 0.6654 0.02275 0.0692
13 0.1835 0.6668 0.022 0.068
16 0.138875 0.6674 0.01325 0.0516
19 0.29375 0.6676 0.009 0.0144
19 0.28 0.6678 0.0075 0.014
19 0.45975 0.6678 0.0085 0.0116
19 0.44625 0.669 0.0085 0.014
12 0.117 0.672 0.0225 0.0616
19 0.33475 0.7336 0.008 0.0112
19 0.34825 0.734 0.0075 0.012
19 0.362 0.7348 0.0085 0.012
19 0.376 0.7348 0.0085 0.012
19 0.403625 0.7348 0.00625 0.0144
19 0.389875 0.735 0.00775 0.014
11 0.597 0.7366 0.0585 0.0484
16 0.1615 0.7434 0.0105 0.05
16 0.182375 0.7442 0.01025 0.0492
13 0.294 0.746 0.0295 0.0672
9 0.237625 0.7468 0.07275 0.1496
19 0.3345 0.7552 0.0085 0.0112
19 0.36225 0.7554 0.009 0.014
19 0.404 0.7556 0.008 0.0144
19 0.348 0.7558 0.008 0.0132
19 0.37575 0.7558 0.009 0.0132
19 0.389625 0.756 0.00725 0.0136
16 0.58725 0.7912 0.0125 0.0472
16 0.614375 0.7922 0.01175 0.0492
4 0.07425 0.8086 0.1155 0.2092
12 0.1895 0.824 0.021 0.068
5 0.299125 0.8306 0.04075 0.0516
16 0.223625 0.8484 0.01825 0.0144
2 0.155625 0.8658 0.00925 0.0476
16 0.33675 0.8668 0.0115 0.0504
0 0.40725 0.8762 0.1115 0.1156
0 0.53525 0.8812 0.1125 0.1136
16 0.299625 0.8884 0.03175 0.0176
7 0.258875 0.901 0.01775 0.0884
16 0.20975 0.9092 0.0105 0.0488
16 0.18925 0.9096 0.0115 0.0488
2 0.2305 0.9096 0.0105 0.0512
19 0.154875 0.921 0.02175 0.0348
4 0.523125 0.1546 0.22825 0.1628
4 0.219875 0.1576 0.37175 0.1592
16 0.182875 0.2782 0.01125 0.0516
16 0.211 0.279 0.0125 0.0516
16 0.238625 0.2792 0.01125 0.0512
16 0.26675 0.2802 0.0115 0.0492
16 0.5435 0.2802 0.012 0.0492
16 0.48825 0.2804 0.0115 0.0488
16 0.516375 0.2806 0.01225 0.0492
3 0.36225 0.3252 0.1495 0.084
12 0.0725 0.3548 0.041 0.0352
15 0.128875 0.3782 0.02975 0.0572
12 0.072625 0.393 0.04125 0.0348