1 0.39509169363538293 0.34067357512953367 0.018878101402373247 0.05785837651122625
1 0.4395900755124056 0.3544905008635579 0.017259978425026967 0.05613126079447323
1 0.41963322545846815 0.34974093264248707 0.018338727076591153 0.05699481865284974
17 0.21494066882416396 0.3182210708117444 0.018878101402373247 0.05613126079447323
12 0.09627831715210355 0.2810880829015544 0.05016181229773463 0.05267702936096719
13 0.33225458468176916 0.35578583765112265 0.039913700107874865 0.08290155440414508
17 0.2429881337648328 0.3281519861830743 0.018878101402373247 0.05872193436960276
20 0.2834412081984897 0.34024179620034545 0.05339805825242718 0.07426597582037997
19 0.389428263214671 0.41450777202072536 0.008629989212513484 0.015544041450777202
19 0.4355447680690399 0.42875647668393785 0.009169363538295576 0.018134715025906734
12 0.09115426105717368 0.3216753022452504 0.05070118662351672 0.054404145077720206
19 0.40507011866235165 0.4201208981001727 0.009708737864077669 0.018134715025906734
19 0.45037756202804746 0.43436960276338515 0.009708737864077669 0.017271157167530225
19 0.42017259978425026 0.42530224525043175 0.009708737864077669 0.016407599309153715
19 0.37459546925566345 0.4106217616580311 0.010248112189859764 0.016407599309153715
19 0.37216828478964403 0.4339378238341969 0.009708737864077669 0.018134715025906734
19 0.4015641855447681 0.4434369602763385 0.009169363538295576 0.016407599309153715
19 0.4174757281553398 0.4481865284974093 0.010787486515641856 0.018998272884283247
19 0.4325782092772384 0.45379965457685667 0.009708737864077669 0.016407599309153715
19 0.38673139158576053 0.43911917098445596 0.008629989212513484 0.016407599309153715
19 0.44687162891046384 0.4581174438687392 0.009169363538295576 0.016407599309153715
0 0.15129449838187703 0.36701208981001726 0.05663430420711974 0.13471502590673576
12 0.08576051779935275 0.36312607944732295 0.04962243797195254 0.05267702936096719
4 0.8203883495145631 0.5772884283246977 0.3581445523193096 0.8436960276338514
12 0.08063646170442287 0.40414507772020725 0.05016181229773463 0.0535405872193437
19 0.3036677454153182 0.48747841105354056 0.009708737864077669 0.01468048359240069
19 0.3179611650485437 0.4930915371329879 0.010248112189859764 0.017271157167530225
19 0.4981121898597627 0.5496545768566494 0.009169363538295576 0.016407599309153715
19 0.4835490830636462 0.5449050086355786 0.010248112189859764 0.015544041450777202
19 0.31526429341963325 0.5155440414507773 0.010248112189859764 0.017271157167530225
19 0.30151024811218985 0.5120898100172712 0.009708737864077669 0.017271157167530225
19 0.4954153182308522 0.5734024179620034 0.010248112189859764 0.015544041450777202
19 0.4811218985976268 0.5690846286701209 0.010787486515641856 0.017271157167530225
12 0.07686084142394822 0.44430051813471505 0.05016181229773463 0.054404145077720206
16 0.1332254584681769 0.48229706390328153 0.037756202804746494 0.07340241796200346
19 0.3125674217907228 0.5397236614853195 0.010248112189859764 0.015544041450777202
1 0.5226537216828478 0.6057858376511226 0.018338727076591153 0.05785837651122625
19 0.2977346278317152 0.5358376511226253 0.009708737864077669 0.018134715025906734
19 0.4778856526429342 0.5924006908462867 0.008629989212513484 0.013816925734024179
19 0.4919093851132686 0.5988773747841105 0.009708737864077669 0.01468048359240069
9 0.3940129449838188 0.5798791018998273 0.1483279395900755 0.23402417962003455
12 0.07119741100323625 0.4844559585492228 0.04962243797195254 0.0535405872193437
19 0.3093311758360302 0.5630397236614854 0.011326860841423949 0.017271157167530225
19 0.48975188781014023 0.6213298791018999 0.009708737864077669 0.01468048359240069
19 0.2947680690399137 0.5604490500863558 0.009169363538295576 0.015544041450777202
19 0.47518878101402373 0.6161485319516408 0.010787486515641856 0.016407599309153715
19 0.29153182308522113 0.5833333333333334 0.010248112189859764 0.018134715025906734
19 0.3063646170442287 0.5885146804835925 0.010787486515641856 0.016407599309153715
19 0.4722222222222222 0.6398963730569949 0.009169363538295576 0.015544041450777202
19 0.48705501618122976 0.6446459412780656 0.009708737864077669 0.01468048359240069
13 0.16073354908306364 0.5651986183074266 0.03344120819848975 0.08203799654576857
13 0.18473570658036678 0.57426597582038 0.03290183387270766 0.08117443868739206
17 0.13619201725997843 0.5604490500863558 0.021035598705501618 0.06044905008635579
19 0.30393743257820927 0.6126943005181347 0.011326860841423949 0.018134715025906734
19 0.2891046386192017 0.6079447322970639 0.009708737864077669 0.017271157167530225
19 0.48408845738942824 0.668825561312608 0.010248112189859764 0.01468048359240069
19 0.4692556634304207 0.6658031088082902 0.010787486515641856 0.017271157167530225
12 0.1121898597626753 0.5582901554404145 0.032362459546925564 0.07340241796200346
19 0.33980582524271846 0.6981865284974094 0.009708737864077669 0.01468048359240069
19 0.35436893203883496 0.7029360967184801 0.009708737864077669 0.015544041450777202
19 0.37001078748651567 0.7089810017271158 0.010787486515641856 0.015544041450777202
19 0.3851132686084142 0.7132987910189983 0.010787486515641856 0.015544041450777202
19 0.4145091693635383 0.7227979274611399 0.008090614886731391 0.017271157167530225
19 0.4002157497303128 0.7184801381692574 0.009708737864077669 0.017271157167530225
11 0.6240560949298813 0.7897236614853195 0.06903991370010787 0.07167530224525043
17 0.15075512405609492 0.6498272884283247 0.01779935275080906 0.05785837651122625
17 0.17340884573894283 0.6575993091537133 0.016720604099244876 0.05613126079447323
13 0.2942286947141316 0.697754749568221 0.040453074433656956 0.08290155440414508
9 0.23300970873786409 0.6787564766839378 0.09816612729234088 0.18652849740932642
19 0.33683926645091694 0.7215025906735751 0.010248112189859764 0.01468048359240069
19 0.36650485436893204 0.7305699481865285 0.011326860841423949 0.017271157167530225
19 0.4123516720604099 0.7456822107081175 0.010248112189859764 0.018134715025906734
19 0.35140237324703344 0.7266839378238342 0.010248112189859764 0.016407599309153715
19 0.38160733549083065 0.7361830742659758 0.011326860841423949 0.016407599309153715
19 0.39617044228694714 0.7405008635578584 0.009169363538295576 0.016407599309153715
17 0.6067961165048543 0.8454231433506045 0.019417475728155338 0.055267702936096716
17 0.6356526429341963 0.8562176165803109 0.018878101402373247 0.05613126079447323
4 0.06202804746494067 0.6917098445595855 0.12405609492988134 0.2659758203799655
12 0.17125134843581447 0.7469775474956822 0.03182308522114347 0.08117443868739206
5 0.2885652642934196 0.7914507772020726 0.05070118662351672 0.06994818652849741
17 0.20496224379719524 0.7845423143350605 0.021574973031283712 0.02158894645941278
1 0.12810140237324702 0.7815198618307426 0.01564185544768069 0.0535405872193437
17 0.3244336569579288 0.8432642487046632 0.018878101402373247 0.05785837651122625
0 0.4002157497303128 0.8773747841105354 0.13592233009708737 0.16234887737478412
0 0.5382955771305286 0.9218480138169257 0.13700107874865156 0.15457685664939552
17 0.2815533980582524 0.8540587219343696 0.036677454153182305 0.02936096718480138
7 0.23597626752966558 0.8540587219343696 0.030744336569579287 0.10189982728842832
17 0.18176914778856526 0.8458549222797928 0.017259978425026967 0.05613126079447323
17 0.15911542610571736 0.8398100172711571 0.018338727076591153 0.05613126079447323
1 0.20307443365695793 0.8540587219343696 0.01779935275080906 0.05872193436960276
19 0.1202804746494067 0.8402417962003454 0.028047464940668825 0.044905008635578586
4 0.6202804746494067 0.133419689119171 0.2686084142394822 0.25302245250431776
4 0.29153182308522113 0.09153713298791019 0.42448759439050704 0.18307426597582038
17 0.2348975188781014 0.15328151986183075 0.018878101402373247 0.05958549222797927
17 0.2656418554476807 0.16321243523316062 0.019956850053937433 0.06044905008635579
17 0.29584681769147786 0.17357512953367876 0.018878101402373247 0.05872193436960276
17 0.325782092772384 0.18264248704663213 0.018338727076591153 0.05613126079447323
17 0.6259439050701187 0.27677029360967187 0.018878101402373247 0.05613126079447323
17 0.5658036677454154 0.25777202072538863 0.018338727076591153 0.05613126079447323
17 0.5970873786407767 0.26856649395509496 0.019417475728155338 0.05699481865284974
3 0.4231391585760518 0.2646804835924007 0.17313915857605178 0.14075993091537134
12 0.10517799352750809 0.19861830742659758 0.04854368932038835 0.05181347150259067
16 0.16316073354908306 0.24309153713298792 0.039374325782092774 0.07167530224525043
12 0.1005933117583603 0.24050086355785838 0.04908306364617044 0.05094991364421416