15 0.6033795582948125 0.7752089665653495 0.0583256291730868 0.0792933130699088
1 0.11208269131997946 0.7769148936170213 0.048510529019003594 0.06598784194528876
1 0.9619491525423729 0.788936170212766 0.07181818181818182 0.10522796352583585
15 0.7339856189008731 0.7964399696048632 0.032942989214175655 0.11567629179331307
1 0.44044427324088337 0.08126519756838906 0.06116589625064202 0.08350303951367781
4 0.026664098613251155 0.8135714285714286 0.04511042629686697 0.20920972644376898
1 0.5202747817154597 0.8559270516717326 0.08009758602978942 0.050759878419452883
9 0.4163148433487417 0.8654331306990882 0.0550231124807396 0.07889057750759879
1 0.10433487416538263 0.8731914893617021 0.06691319979455573 0.10200607902735563
9 0.23731895223420646 0.8834460486322189 0.04525937339496662 0.045007598784194525
1 0.6802080123266564 0.9130813069908814 0.027082691319979455 0.05260638297872341
1 0.23959938366718028 0.9661854103343465 0.05187467899332306 0.067629179331307
1 0.6387699024139701 0.10138297872340427 0.04590138674884438 0.056869300911854104
1 0.5085233692860812 0.11411474164133739 0.06892141756548537 0.10056990881458966
1 0.9722855675398048 0.11809270516717325 0.028803287108371853 0.07205167173252279
1 0.9410503338469439 0.12575227963525837 0.028993323061119673 0.06761398176291794
1 0.4665998972778634 0.15849924012158056 0.03848998459167951 0.05560030395136778
1 0.9207524396507447 0.20117781155015196 0.044894709809964045 0.06041033434650456
9 0.512899332306112 0.21032674772036475 0.01912172573189522 0.039194528875379935
1 0.2499101181304571 0.22053191489361704 0.06016949152542373 0.0960790273556231
1 0.8463841807909604 0.23439589665653499 0.053323061119671285 0.08277355623100305
1 0.3038572162300976 0.2490159574468085 0.0550693374422188 0.09225683890577507
9 0.7015767847971238 0.2660334346504559 0.0503030303030303 0.05942249240121581
1 0.7889393939393939 0.30326367781155017 0.06272727272727273 0.1004483282674772
1 0.18996404725218285 0.3142211246200608 0.042999486389316895 0.078290273556231
1 0.7316332819722651 0.33258358662613985 0.039537750385208015 0.0694224924012158
1 0.36936312275295324 0.336322188449848 0.03199794555726759 0.04346504559270517
15 0.11092449922958397 0.367298632218845 0.07290190035952748 0.05830547112462006
20 0.7122521828454033 0.3806420972644377 0.01926553672316384 0.062196048632218844
9 0.5863995891114535 0.382484802431611 0.05107344632768362 0.0324468085106383
1 0.7470030816640986 0.38632978723404254 0.03227015921931176 0.05229483282674772
20 0.32959167950693374 0.4121162613981763 0.05928608115048793 0.033958966565349545
20 0.42761684643040576 0.4139817629179331 0.04886492039034412 0.028571428571428574
20 0.20715716486902927 0.41521656534954404 0.05170518746789933 0.029521276595744682
9 0.5844735490498203 0.4182484802431611 0.05235747303543914 0.03558510638297872
1 0.7135079609655881 0.04687689969604863 0.05772984078068824 0.07399696048632219
1 0.06708269131997946 0.504137537993921 0.05404211607601438 0.06298632218844985
1 0.16256291730868003 0.5123670212765957 0.04983050847457627 0.06424772036474163
1 0.6946815613764766 0.5356231003039513 0.16696969696969696 0.19282674772036473
1 0.8424858757062147 0.5566755319148936 0.04347200821777093 0.07687689969604863
1 0.26618387262455057 0.5611056231003039 0.07217257318952235 0.0857370820668693
1 0.18444786851566514 0.6054179331306991 0.07511042629686698 0.09837386018237082
1 0.5962891628145865 0.7003799392097265 0.03387262455059065 0.06793313069908816
1 0.15143040575243963 0.7401937689969605 0.04810991268618387 0.0761322188449848
1 0.7877272727272727 0.7569414893617021 0.07879301489470981 0.10050911854103345
1 0.8774088341037494 0.7568768996960485 0.08250128402670776 0.10493920972644376