15 0.3966741237882178 0.04488159070598748 0.007367636092468308 0.003972296693476318
1 0.24355704697986577 0.44686773905272564 0.003146905294556301 0.011697944593386952
15 0.2911539895600298 0.44800491510277035 0.002889634601043997 0.008610366398570152
1 0.10827740492170021 0.450985254691689 0.007009694258016406 0.004740840035746202
1 0.3116517524235645 0.045189901697944596 0.0021252796420581656 0.008163538873994639
15 0.3024123788217748 0.04550268096514745 0.0022893363161819538 0.007001787310098302
15 0.8176659209545115 0.45269436997319035 0.00818791946308725 0.0036907953529937442
1 0.8544649515287099 0.4542806076854334 0.004977628635346756 0.004182305630026809
1 0.4422912005965697 0.4554490616621984 0.006879194630872483 0.0020509383378016087
1 0.31865771812080534 0.04576184092940125 0.002714392244593587 0.007520107238605897
1 0.40763236390753166 0.045679177837354784 0.004675615212527964 0.0037801608579088476
15 0.2912546607009694 0.04588918677390527 0.0023452647278150635 0.00777479892761394
1 0.3055145413870246 0.45831769436997316 0.006256524981357196 0.005107238605898123
15 0.9323788217747949 0.45825737265415545 0.0071886651752423565 0.005880250223413762
1 0.817930648769575 0.45965370866845395 0.007225950782997762 0.005098302055406613
15 0.30651193139448174 0.045884718498659514 0.002285607755406413 0.0068722073279714035
15 0.8552945563012677 0.46064789991063454 0.0058911260253542135 0.003512064343163539
1 0.44167971662938105 0.461130473637176 0.005656226696495153 0.0026899016979445934
15 0.29013795674869497 0.4621224307417337 0.0053318419090231176 0.0037801608579088476
15 0.29648023862788964 0.04635165326184093 0.003847874720357942 0.01048704200178731
1 0.3238758389261745 0.04695040214477212 0.002710663683818046 0.009003574620196603
1 0.17107196122296794 0.46673815907059873 0.013284862043251307 0.014798927613941018
15 0.44129194630872487 0.4666912421805183 0.005626398210290828 0.0021939231456657732
15 0.817548471290082 0.4667426273458445 0.008698732289336316 0.004084003574620197
1 0.35256524981357196 0.4670509383378016 0.002669649515287099 0.0073815907059874885
1 0.5132885906040269 0.467846291331546 0.0071886651752423565 0.003610366398570152
15 0.8539727815063386 0.4683690795352994 0.005484712900820284 0.0037622877569258267
15 0.29016778523489933 0.46887399463806967 0.006882923191648024 0.002984807864164432
1 0.21962527964205816 0.46939678284182307 0.0022632363907531695 0.009392314566577301
1 0.24325876211782252 0.4714521894548704 0.004041759880686055 0.009928507596067917
1 0.4408389261744966 0.47306523681858803 0.006211782252050708 0.0024307417336907953
15 0.8177069351230426 0.47504915102770334 0.006032811334824757 0.0037176050044682753
15 0.2899011931394482 0.474946380697051 0.006349739000745713 0.0026184092940125113
20 0.3043363161819538 0.47713806970509387 0.011357196122296794 0.022193923145665775
15 0.5130853840417599 0.4784338695263628 0.0075279642058165555 0.005125111706881144
15 0.44112602535421325 0.47872877569258265 0.00529455630126771 0.003033958891867739
15 0.2909973900074571 0.4805227882037534 0.006304996271439225 0.0030473637176050045
15 0.35157718120805365 0.4822966934763182 0.003676360924683072 0.009276139410187668
15 0.16850857568978375 0.48395218945487045 0.002192393736017897 0.009012511170688116
15 0.44160887397464577 0.4845174262734584 0.005514541387024608 0.0021000893655049153
15 0.2910570469798658 0.4865929401251117 0.0049328859060402686 0.002676496872207328
15 0.9332923191648025 0.48812332439678285 0.007524235645041014 0.005737265415549597
1 0.49960477255779273 0.4882529043789098 0.0029381058911260253 0.007783735478105452
15 0.4943512304250559 0.4883355674709562 0.0028709917971662937 0.008842716711349419
1 0.10765473527218494 0.4887109025915996 0.008001491424310217 0.0024441465594280606
15 0.4413758389261745 0.49029490616621985 0.005794183445190156 0.002037533512064343
1 0.039733407904548844 0.4910612153708668 0.006387024608501118 0.005357462019660411
1 0.27823266219239373 0.04900134048257373 0.007621178225205071 0.004168900804289544
15 0.23547725577926917 0.4946179624664879 0.00488441461595824 0.00889633601429848
15 0.9334265473527218 0.4945487042001787 0.00779269202087994 0.0042895442359249325
1 0.44061707680835194 0.4961014298480787 0.005768083519761372 0.0029267202859696155
1 0.8554567486950038 0.49712689901697943 0.0062155108128262495 0.002296693476318141
1 0.8178560775540641 0.4977457551385165 0.007076808351976137 0.004428060768543342
1 0.3523042505592841 0.4977792672028597 0.002147651006711409 0.010750670241286862
15 0.16785421327367636 0.4982975871313673 0.0038665175242356448 0.010893655049151027
1 0.29893363161819536 0.4987823949955318 0.009500372856077554 0.005607685433422699
1 0.33486390753169276 0.049955317247542444 0.00604399701715138 0.003395889186773905
15 0.9332270693512305 0.5006076854334226 0.006648023862788963 0.003002680965147453
15 0.22287844891871736 0.5013829311885613 0.0035495898583146903 0.008127792672028598
15 0.21793437733035048 0.5018275245755138 0.002609992542878449 0.009910634495084896
20 0.49117263236390757 0.5022386058981233 0.006208053691275167 0.01162645218945487
1 0.44146159582401195 0.5030116175156389 0.006711409395973154 0.002448614834673816
1 0.5099571215510813 0.5033512064343163 0.0027628635346756154 0.00938337801608579
15 0.5045003728560775 0.5038963360142985 0.0022893363161819538 0.007792672028596962
15 0.4992822520507084 0.503958891867739 0.0022930648769574945 0.008811438784629132
15 0.9341741237882177 0.5064142091152815 0.007050708426547353 0.003891867739052726
1 0.44068232662192397 0.5079602323503128 0.0051528709917971665 0.002515638963360143
1 0.3641498881431767 0.5117202859696157 0.016890380313199106 0.017184986595174263
1 0.4219407158836689 0.5121760500446828 0.015395227442207308 0.01899016979445934
15 0.9347184936614467 0.5123480786416443 0.006648023862788963 0.0032484361036639853
15 0.4399906785980612 0.5135075960679177 0.004515287099179716 0.001992850759606792
1 0.3925801640566742 0.5136550491510277 0.017076808351976135 0.020160857908847182
15 0.1858165548098434 0.5137868632707775 0.0032513049962714395 0.008806970509383378
15 0.19043624161073824 0.5143208221626452 0.0020507084265473526 0.008087578194816801
15 0.195803504847129 0.5145017873100983 0.0023452647278150635 0.008449508489722967
1 0.20135906040268456 0.514926273458445 0.0022706935123042505 0.008404825737265415
1 0.31279082774049216 0.515201072386059 0.014843400447427295 0.00806076854334227
15 0.22044742729306488 0.5156858802502234 0.003161819537658464 0.009030384271671136
15 0.49409582401193136 0.5161260053619302 0.002360178970917226 0.007229669347631814
15 0.4893568232662192 0.51671581769437 0.004813571961222968 0.00840929401251117
15 0.4992822520507084 0.5169369973190349 0.0022930648769574945 0.007064343163538874
15 0.503245712155108 0.5170218945487042 0.002017151379567487 0.008127792672028598
15 0.9321085011185682 0.5189700625558534 0.006648023862788963 0.003981233243967828
15 0.44073266219239376 0.5203619302949062 0.003762117822520507 0.002296693476318141
1 0.32459545115585386 0.5244101876675604 0.0026584638329604773 0.007712243074173369
15 0.9336372110365398 0.5243297587131367 0.005976882923191648 0.004870420017873101
1 0.3312434750186428 0.528777926720286 0.004023117076808352 0.013766756032171581
15 0.20988255033557046 0.5296604110813227 0.0029120059656972406 0.007488829311885613
15 0.1869668158090977 0.5298078641644326 0.004060402684563758 0.009571045576407507
15 0.22176920208799403 0.5304803395889186 0.0020768083519761373 0.009128686327077747
15 0.9333668903803132 0.530710455764075 0.005436241610738255 0.004226988382484361
15 0.19238441461595826 0.5306434316353887 0.0037099179716629377 0.008561215370866845
15 0.20458612975391502 0.5307015192135836 0.00499627143922446 0.009571045576407507
1 0.40675242356450414 0.05348748882931188 0.004407158836689038 0.0015236818588025022
1 0.3054753914988814 0.5329043789097409 0.006923937360178971 0.003252904378909741
1 0.31652125279642057 0.5334316353887399 0.005898583146905295 0.003413762287756926
15 0.43 0.5341823056300268 0.006159582401193139 0.003127792672028597
15 0.9353970917225951 0.5355875781948168 0.0065137956748695 0.004151027703306523
1 0.30651006711409395 0.5388427167113494 0.003773303504847129 0.0026184092940125113
15 0.4298601789709172 0.5397408400357462 0.005879940343027591 0.0026273458445040215
1 0.4897035794183445 0.5399776586237712 0.00848993288590604 0.004888293118856121
1 0.3182419835943326 0.540183199285076 0.00784862043251305 0.0026184092940125113
1 0.44157904548844146 0.5402055406613048 0.00470917225950783 0.0026630920464700623
1 0.49962900820283374 0.5404401251117069 0.006715137956748695 0.003132260947274352
15 0.3949496644295302 0.05423592493297587 0.0031730052199850857 0.0039142091152815014
15 0.32853840417598806 0.543576854334227 0.006815809097688293 0.004043789097408401
1 0.4412677106636838 0.5460612153708668 0.006323639075316928 0.0018632707774798927
15 0.430365398956003 0.5461997319034853 0.007636092468307234 0.003033958891867739
15 0.2701360924683072 0.5461036639857015 0.009325130499627144 0.0037354781054512957
1 0.4996252796420581 0.5464142091152815 0.005216256524981358 0.0034629133154602323
1 0.4887472035794183 0.5469816800714924 0.005085756897837435 0.002810545129579982
15 0.2094090231170768 0.5473279714030385 0.0034563758389261744 0.008865058087578195
15 0.21537285607755408 0.5474486148346739 0.0034526472781506337 0.008212689901697944
15 0.2783836689038031 0.5498614834673815 0.0019574944071588368 0.007676496872207328
1 0.24777404921700222 0.5508556747095621 0.0026323639075316926 0.0069839142091152814
15 0.4403691275167785 0.5515259159964254 0.006017897091722595 0.002068811438784629
20 0.3850130499627144 0.5516465594280607 0.031025354213273675 0.03269436997319035
15 0.43081282624906786 0.5518878462913316 0.005548098434004474 0.0018990169794459338
1 0.6657867263236391 0.5547296693476318 0.0056972408650260995 0.0031143878462913314
1 0.44042505592841164 0.5577189454870419 0.006129753914988815 0.002837354781054513
15 0.4310346756152126 0.5576206434316353 0.00599179716629381 0.002640750670241287
1 0.3349440715883669 0.055699285075960676 0.006204325130499628 0.003266309204647006
1 0.2700745712155108 0.5612823949955318 0.0069649515287099175 0.015326184092940124
1 0.6664895600298285 0.5619079535299374 0.006357196122296794 0.003172475424486148
15 0.2843698732289336 0.5627211796246648 0.001998508575689784 0.00837354781054513
1 0.2797390007457122 0.056373994638069705 0.005413870246085011 0.0037220732797140304
15 0.2899440715883669 0.5630831099195711 0.0027069351230425056 0.007310098302055406
15 0.21097501864280388 0.5633891867739053 0.002859806114839672 0.009709562109025916
1 0.43044183445190154 0.5642269883824844 0.006297539149888143 0.0033422698838248437
1 0.24724086502609993 0.5640728328865058 0.0015659955257270694 0.01018319928507596
1 0.2524198359433259 0.5642493297587131 0.0022296793437733037 0.00874888293118856
15 0.2951193139448173 0.5642917783735478 0.00261744966442953 0.007046470062555853
1 0.2777293064876957 0.5648123324396782 0.0028859060402684563 0.010768543342269885
1 0.2169649515287099 0.5652658623771225 0.0029082774049217002 0.00988829311885612
1 0.19705630126771065 0.56562109025916 0.003359433258762118 0.010598748882931188
15 0.9107997762863534 0.5690527256478999 0.0042990305741983596 0.008525469168900804
15 0.8998974645786727 0.5692917783735478 0.0018829231916480237 0.009897229669347632
15 0.918027591349739 0.5694660411081323 0.002348993288590604 0.006671134941912422
15 0.9056879194630871 0.5697497765862377 0.00302386278896346 0.007238605898123324
1 0.4957774049217002 0.5704356568364611 0.004977628635346756 0.011291331546023235
1 0.4883463832960477 0.5707529043789098 0.004284116331096197 0.011925826630920466
1 0.6658985831469053 0.5712131367292225 0.006666666666666666 0.0030160857908847183
1 0.335917225950783 0.5725290437890974 0.003676360924683072 0.01100983020554066
15 0.3226677852348993 0.5730071492403932 0.0032774049217002233 0.009285075960679179
1 0.3112583892617449 0.5732260947274352 0.0020842654735272184 0.01061662198391421
1 0.31685495898583144 0.5739387846291331 0.002837434750186428 0.01114834673815907
1 0.33000932140193884 0.5745487042001787 0.0023005219985085756 0.00968722073279714
1 0.665065249813572 0.5763650580875782 0.006491424310216256 0.0025960679177837354
15 0.033407904548844146 0.5784562109025916 0.010141685309470544 0.004097408400357462
15 0.9060234899328858 0.5818945487042002 0.0036950037285607756 0.008293118856121537
15 0.9000316927665922 0.5832707774798928 0.00215137956748695 0.009258266309204646
15 0.032643549589858316 0.5836729222520107 0.006375838926174497 0.00291331546023235
1 0.36878076062639825 0.5847140303842716 0.006017897091722595 0.013038427167113495
1 0.5438683818046234 0.5866711349419125 0.002725577926920209 0.009803395889186774
1 0.5386465324384788 0.5865214477211796 0.00197613721103654 0.00950402144772118
15 0.6183407904548844 0.5873257372654155 0.0017822520507084266 0.009325290437890975
15 0.5728504847129008 0.5878127792672029 0.002524235645041014 0.009405719392314566
1 0.6115883668903803 0.5885344057193923 0.0024459358687546604 0.009061662198391421
1 0.032266964951528705 0.5894839142091153 0.0086055182699478 0.0029177837354781057
1 0.18848434004474274 0.5908914209115281 0.002621178225205071 0.008413762287756926
1 0.19847129008202832 0.5939678284182306 0.005443698732289336 0.0029490616621983914
15 0.1988199105145414 0.5992292225201072 0.005395227442207308 0.003641644325290438
15 0.5377647278150635 0.6004691689008043 0.0024496644295302016 0.007908847184986596
15 0.5433985831469053 0.6006948168007149 0.0025316927665920957 0.0065728328865058095
1 0.5733314690529455 0.601476764968722 0.001994780014914243 0.00724307417336908
1 0.6172706935123042 0.6025737265415549 0.0033706189410887396 0.008543342269883826
15 0.6127945563012678 0.6024709562109025 0.002621178225205071 0.009231456657730116
15 0.327362043251305 0.6030205540661304 0.0067002237136465324 0.004075067024128686
1 0.45535421327367637 0.603648346738159 0.002431021625652498 0.008011617515638962
1 0.45140566741237886 0.6037176050044682 0.0027367636092468306 0.009043789097408399
1 0.47995898583146906 0.6038650580875782 0.002423564504101417 0.008445040214477211
1 0.46319910514541385 0.6042649687220732 0.0032065622669649515 0.009244861483467382
1 0.46851043997017155 0.6041018766756032 0.0018978374347501865 0.009812332439678285
1 0.500755033557047 0.6041756032171581 0.0030014914243102165 0.00727882037533512
1 0.47489000745712157 0.6043923145665774 0.0019798657718120803 0.007712243074173369
1 0.49193325876211785 0.6043833780160858 0.00325503355704698 0.005907059874888293
1 0.4867244593586875 0.6045755138516532 0.0025316927665920957 0.00807864164432529
1 0.49660887397464576 0.6053865058087579 0.0021662938105891125 0.007913315460232351
15 0.19874347501864278 0.6059159964253797 0.005988068605518269 0.0027167113494191244
15 0.27875279642058165 0.061092493297587126 0.007170022371364653 0.0033288650580875784
15 0.3270395227442207 0.609159964253798 0.006055182699478001 0.0029490616621983914
1 0.19764727815063388 0.6150201072386059 0.008269947800149143 0.004839142091152815
1 0.4073695003728561 0.06199061662198392 0.005641312453392991 0.003337801608579088
1 0.3333799403430276 0.06199061662198392 0.007550335570469799 0.003337801608579088
1 0.31667598806860553 0.618686327077748 0.006208053691275167 0.004128686327077748
1 0.32778523489932887 0.6197899910634495 0.006800894854586129 0.003655049151027703
15 0.33720171513795677 0.6197564789991064 0.00848247576435496 0.006268990169794459
15 0.3945637583892618 0.0619615728328865 0.006129753914988815 0.004173369079535299
15 0.19913870246085014 0.6233065236818588 0.007524235645041014 0.0035388739946380695
1 0.4961092468307234 0.6234830205540661 0.004895600298284862 0.012828418230563004
15 0.33630872483221474 0.6270598748882931 0.006696495152870992 0.003896336014298481
1 0.016355331841909022 0.6283735478105451 0.01332214765100671 0.010991957104557642
1 0.31677479492915733 0.6316487935656837 0.0064056674123788215 0.004137622877569258
15 0.3153337061894109 0.6372229669347632 0.006506338553318418 0.0018811438784629134
1 0.3290268456375839 0.6376139410187668 0.00779269202087994 0.0035567470956210903
1 0.34442766592095453 0.640017873100983 0.013240119313944816 0.006577301161751564
1 0.4658575689783744 0.6433154602323503 0.004794929157345264 0.013172475424486149
1 0.3288516032811335 0.643538873994638 0.007442207307979121 0.0028954423592493297
1 0.476834451901566 0.6436639857015192 0.005123042505592841 0.012975871313672923
1 0.4866703952274422 0.6437310098302056 0.006152125279642058 0.013109919571045577
15 0.3154604772557793 0.6440437890974083 0.004522744220730798 0.0030116175156389637
1 0.45657904548844147 0.644050491510277 0.004880686055182699 0.01464253798033959
20 0.39959172259507825 0.6490974084003575 0.023642803877703206 0.024736371760500447
1 0.3269649515287099 0.6493498659517426 0.005906040268456376 0.002899910634495085
15 0.31652311707680836 0.6503038427167114 0.008885160328113347 0.002126899016979446
15 0.31535607755406414 0.6556948168007148 0.008042505592841163 0.00307864164432529
15 0.025583519761372107 0.6579289544235924 0.007915734526472781 0.003972296693476318
1 0.3422949291573453 0.658612600536193 0.009720357941834451 0.00533958891867739
1 0.3151342281879195 0.6614164432529044 0.00610738255033557 0.00290437890974084
1 0.3278094705443699 0.6619839142091153 0.00610365398956003 0.00225201072386059
1 0.2790510812826249 0.06680965147453083 0.006275167785234899 0.0031456657730116176
1 0.024265473527218494 0.6671090259159964 0.007516778523489933 0.002672028596961573
1 0.3151342281879195 0.6675848972296694 0.00610738255033557 0.0036237712243074173
1 0.19653803131991052 0.6701988382484361 0.006797166293810589 0.003489722966934763
1 0.1814000745712155 0.6702256478999106 0.008586875466070098 0.00533065236818588
1 0.34301081282624907 0.6710969615728328 0.012643549589858314 0.007073279714030384
1 0.31456375838926176 0.6728887399463807 0.006457867263236391 0.003507596067917784
1 0.02456562266964952 0.6734249329758714 0.006625652498135719 0.003686327077747989
1 0.38528523489932887 0.6744459338695264 0.012181208053691276 0.006621983914209115
1 0.3329082774049217 0.0677591599642538 0.0036241610738255037 0.0014700625558534406
15 0.40071029082774046 0.6760991957104557 0.006491424310216256 0.004566577301161752
15 0.18162378821774794 0.6784226988382485 0.008288590604026846 0.0029579982126899016
1 0.3152087994034303 0.6786974977658624 0.007002237136465325 0.003507596067917784
15 0.19502237136465322 0.6785991957104557 0.006002982848620433 0.004204647006255585
1 0.3442561521252796 0.6813471849865952 0.010659955257270693 0.006126005361930295
1 0.02657531692766592 0.6821246648793566 0.009899328859060403 0.004106344950848972
15 0.39946868008948544 0.682627345844504 0.005499627143922446 0.0033243967828418233
15 0.37538590604026845 0.6833132260947274 0.00505965697240865 0.002908847184986595
15 0.1814765100671141 0.6848882931188561 0.0072483221476510075 0.0033780160857908846
1 0.3151342281879195 0.6851050044682753 0.00610738255033557 0.0029177837354781057
15 0.19589299030574198 0.6852167113494192 0.006252796420581655 0.002247542448614835
15 0.4016032811334824 0.6889745308310992 0.006785980611483967 0.0017202859696157284
15 0.37714951528709917 0.6895688114387847 0.005604026845637584 0.002908847184986595
1 0.19613907531692765 0.6900134048257373 0.007490678598061148 0.0037980339588918675
15 0.18122856077554064 0.6906992850759607 0.00749813571961223 0.00338248436103664
1 0.5284209545115585 0.6921760500446827 0.0031506338553318417 0.009910634495084896
15 0.39546793437733035 0.06974977658623771 0.005700969425801641 0.003663985701519213
15 0.4011334824757643 0.6929959785522788 0.005100671140939597 0.0026139410187667558
1 0.6873527218493661 0.693248436103664 0.003340790454884415 0.01384271671134942
1 0.5825577926920209 0.6936572832886506 0.0025503355704697985 0.01019213583556747
1 0.6504026845637584 0.6943409294012511 0.00401193139448173 0.009772117962466489
15 0.7084619686800895 0.6942314566577301 0.002307979120059657 0.0059785522788203755
15 0.7141219239373602 0.6946983914209115 0.0031879194630872487 0.007806076854334226
15 0.7036614466815809 0.6948480786416443 0.0038926174496644295 0.008999106344950849
9 0.4197278150633855 0.6954267202859696 0.01395227442207308 0.0253485254691689
15 0.195941461595824 0.6957953529937444 0.007095451155853841 0.0028507596067917783
1 0.17963832960477258 0.6961505808757819 0.006554809843400447 0.0035612153708668454
15 0.7188217747949291 0.6965817694369973 0.0028933631618195377 0.0071045576407506705
1 0.781664802386279 0.6963293118856122 0.0032997762863534673 0.009280607685433423
1 0.7373825503355705 0.6967314566577302 0.0034750186428038777 0.008297587131367292
15 0.32877889634601043 0.6968297587131368 0.006551081282624907 0.003132260947274352
1 0.8253784489187174 0.6970017873100983 0.0034787472035794184 0.007944593386952636
15 0.34189970171513795 0.6969504021447721 0.0074384787472035795 0.0033735478105451295
15 0.3766778523489933 0.697553619302949 0.006152125279642058 0.004579982126899017
1 0.911631245339299 0.6992627345844504 0.0022334079045488444 0.0071045576407506705
1 0.9291517524235645 0.6994034852546918 0.002225950782997763 0.007386058981233245
1 0.9236856823266218 0.6991510277033065 0.0032252050708426547 0.009562109025915996
1 0.9184880686055183 0.6994995531724755 0.002524235645041014 0.0066845397676496875
1 0.40065809097688293 0.6997006255585344 0.007878448918717374 0.003512064343163539
1 0.9350372856077555 0.7001809651474531 0.0028113348247576437 0.006260053619302949
1 0.9413087248322148 0.7007238605898124 0.001931394481730052 0.0055585344057193925
15 0.03475577926920209 0.7005697050938338 0.0061260253542132735 0.0034629133154602323
15 0.18142617449664428 0.701096961572833 0.00789336316181954 0.004517426273458445
15 0.40778150633855337 0.07026139410187668 0.007956748695003728 0.003793565683646113
15 0.04492170022371365 0.7021805183199286 0.005577926920208799 0.0031099195710455763
15 0.19656413124533928 0.7027345844504022 0.00610365398956003 0.004218051831992851
15 0.3281841909023117 0.7029982126899017 0.005361670395227443 0.003851653261840929
15 0.3407084265473527 0.7044883824843611 0.006547352721849366 0.003257372654155496
15 0.4447762863534676 0.7059003574620197 0.006629381058911261 0.0034003574620196605
15 0.4585123042505593 0.7062198391420912 0.00651006711409396 0.00225201072386059
15 0.4005108128262491 0.7067627345844504 0.006092468307233408 0.003337801608579088
15 0.3283314690529456 0.7084517426273459 0.00714765100671141 0.0031411974977658625
15 0.3762807606263982 0.7091756032171582 0.005357941834451901 0.0028016085790884718
15 0.34118381804623416 0.7091979445933869 0.004515287099179716 0.0019526362823949956
15 0.180137956748695 0.7090527256478999 0.005316927665920955 0.004343163538873995
15 0.0479269202087994 0.710730563002681 0.007114093959731543 0.004124218051831993
15 0.40115771812080536 0.712097855227882 0.0066405667412378815 0.002390527256478999
1 0.19445563012677106 0.71202636282395 0.0026323639075316926 0.010290437890974084
15 0.4450521998508576 0.7120643431635388 0.006435495898583147 0.0032171581769436996
1 0.1886428038777032 0.712117962466488 0.0014466815809097689 0.00868632707774799
15 0.45741051454138704 0.7123972296693476 0.00505219985085757 0.0029892761394101877
15 0.25920581655480984 0.7127591599642538 0.003124533929903058 0.009075067024128686
1 0.21258389261744964 0.7127993744414656 0.0016032811334824757 0.00826184092940125
15 0.198806860551827 0.7128306523681859 0.0016405667412378823 0.010111706881143878
15 0.32828299776286357 0.7133087578194817 0.005559284116331096 0.002131367292225201
1 0.21705443698732288 0.713156836461126 0.003087248322147651 0.008976764968722073
15 0.2553318419090231 0.7135053619302949 0.0013422818791946308 0.009673815907059874
1 0.20716442953020134 0.7135411081322609 0.0019500372856077555 0.011532618409294012
15 0.34125466070096944 0.7139343163538875 0.006894108873974646 0.002488829311885612
1 0.22930835197613722 0.7140415549597856 0.0029865771812080536 0.009852546916890081
15 0.2809041759880686 0.7144012511170688 0.002524235645041014 0.006103663985701519
15 0.2702665920954512 0.7142806076854334 0.0028747203579418345 0.007649687220732798
15 0.2761055182699478 0.7142806076854334 0.003366890380313199 0.007649687220732798
1 0.2489634601043997 0.7145107238605898 0.005011185682326622 0.015259159964253798
1 0.2657941834451902 0.7148145665773012 0.0021327367636092467 0.01050491510277033
15 0.2846308724832215 0.7146983914209115 0.0025205070842654735 0.0075915996425379795
15 0.3763031319910515 0.7168029490616622 0.006894108873974646 0.0037578194816800716
15 0.04606263982102908 0.7186550491510276 0.007114093959731543 0.004781054512957998
15 0.278920581655481 0.0721425379803396 0.008997017151379566 0.003981233243967828
1 0.3275130499627144 0.7202234137622877 0.005510812826249068 0.0016621983914209117
15 0.34118195376584637 0.7216532618409294 0.006002982848620433 0.001840929401251117
15 0.4299291573452647 0.7227837354781054 0.007509321401938852 0.0032082216264521894
1 0.41902311707680834 0.7244124218051832 0.00732289336316182 0.0028909740840035746
15 0.3420749440715884 0.7259428060768544 0.006297539149888143 0.0032707774798927617
1 0.32887770320656223 0.7268967828418231 0.006748695003728562 0.0024977658623771223
15 0.43016778523489935 0.7312756925826631 0.007240865026099926 0.003212689901697945
1 0.3290268456375839 0.7321693476318142 0.0063012677106636834 0.003212689901697945
15 0.3418530947054437 0.7323793565683646 0.005853840417598807 0.003632707774798928
15 0.2696196868008949 0.7359763181411975 0.0023266219239373603 0.005464700625558535
15 0.20070096942580162 0.7362980339588919 0.003191648023862789 0.009682752457551387
15 0.19024049217002237 0.7362109025915997 0.0024049217002237136 0.008614834673815908
15 0.27474086502609996 0.7365705987488829 0.0021290082028337064 0.006653261840929401
1 0.2653709917971663 0.7366890080428955 0.0020320656226696498 0.006890080428954424
15 0.1861633109619687 0.7370129579982126 0.002453392990305742 0.01111260053619303
15 0.25431021625652495 0.736896782841823 0.0022818791946308727 0.00819928507596068
15 0.19508575689783744 0.7371336014298481 0.0024011931394481733 0.008672922252010724
1 0.3347296793437733 0.07402591599642537 0.005775540641312454 0.0032797140303842715
15 0.2600260999254288 0.7374329758713136 0.002527964205816555 0.008378016085790885
1 0.24976323639075318 0.7377613941018766 0.002136465324384788 0.0072475424486148346
15 0.28574944071588365 0.7377613941018766 0.0025205070842654735 0.0072475424486148346
1 0.3282345264727815 0.7381590705987489 0.004716629381058912 0.002680965147453083
15 0.2802572706935123 0.7383556747095621 0.00197613721103654 0.008436103663985702
1 0.3281096196868009 0.7443878462913316 0.0052125279642058165 0.0026273458445040215
1 0.2369407158836689 0.07498882931188561 0.009302759134973899 0.0043118856121537085
1 0.22625279642058163 0.07510723860589813 0.011043997017151379 0.004548704200178731
15 0.39518642803877707 0.0765236818588025 0.008120805369127517 0.004700625558534405
15 0.4059321401938852 0.07654602323503128 0.005749440715883669 0.0029579982126899016
9 0.307020879940343 0.0772497765862377 0.030149142431021625 0.03474977658623771
1 0.6868773303504847 0.7832908847184987 0.0038814317673378077 0.006260053619302949
15 0.5152162565249814 0.7839432529043788 0.0020954511558538406 0.00756478999106345
15 0.5097706935123042 0.7839432529043788 0.003135719612229679 0.008458445040214478
1 0.6221718866517524 0.7844548704200178 0.007207307979120059 0.004119749776586238
15 0.5295917225950783 0.7852100089365505 0.00325503355704698 0.008310991957104559
1 0.5710029828486205 0.7859673815907059 0.003303504847129008 0.008932082216264521
15 0.05279082774049217 0.785985254691689 0.009384787472035794 0.00628686327077748
1 0.5505686055182699 0.7862645218945488 0.002703206562266965 0.009526362823949955
1 0.5872073079791201 0.7862511170688115 0.003646532438478747 0.009499553172475425
15 0.6045320656226697 0.7864432529043789 0.003993288590604027 0.009883824843610367
15 0.61053504847129 0.7865348525469169 0.0033221476510067113 0.008279714030384272
1 0.6393363161819537 0.7868297587131368 0.0027591349739000746 0.009763181411974978
1 0.6508165548098434 0.7869816800714925 0.003348247576435496 0.008279714030384272
1 0.06607568978374348 0.7872140303842717 0.009108873974645786 0.005169794459338696
1 0.6702777777777778 0.7878150134048257 0.002747949291573453 0.009052725647899912
1 0.6787322893363161 0.7882998212689901 0.00697986577181208 0.013596961572832886
1 0.7698154362416108 0.7889164432529044 0.0034638329604772555 0.008574620196604111
1 0.8020898583146905 0.7895174262734584 0.003135719612229679 0.009776586237712243
1 0.8254977628635347 0.7901563896336014 0.0037173750932140196 0.010160857908847184
1 0.3343027591349739 0.07925603217158177 0.0056674123788217744 0.0021224307417336908
15 0.2783184190902312 0.07941465594280607 0.005555555555555556 0.0024396782841823055
1 0.8788795674869501 0.7913159070598749 0.004589858314690529 0.010692582663092046
1 0.9111707680835198 0.7918029490616623 0.0020581655480984336 0.008092046470062555
1 0.9169090231170769 0.7918029490616623 0.002348993288590604 0.008092046470062555
1 0.9064876957494407 0.7920956210902592 0.003877703206562267 0.009571045576407507
15 0.9232177479492917 0.7921693476318141 0.0022893363161819538 0.0070375335120643435
1 0.9317710663683819 0.7927323503127792 0.0029903057419835943 0.008163538873994639
1 0.9272595078299776 0.792884271671135 0.002170022371364653 0.009361036639857014
1 0.051461595824011934 0.7943297587131367 0.007472035794183445 0.002421805183199285
15 0.05146905294556301 0.8001854334226989 0.005995525727069351 0.0034092940125111707
1 0.1779903057419836 0.0809651474530831 0.004004474272930649 0.011796246648793566
1 0.16524235645041013 0.08209562109025915 0.003117076808351976 0.013163538873994638
15 0.3491946308724832 0.8188337801608578 0.00413124533929903 0.012109025915996425
15 0.24144481730052197 0.8200111706881144 0.0048881431767337806 0.0019526362823949956
1 0.2529697986577181 0.8203016085790885 0.004821029082774049 0.0025335120643431635
15 0.2645003728560775 0.8209584450402145 0.007002237136465325 0.002059874888293119
15 0.43783370618941087 0.8258802502234137 0.004675615212527964 0.010116175156389634
1 0.24016592095451156 0.8264320822162645 0.005313199105145414 0.0031769436997319037
15 0.2643978374347502 0.8269280607685433 0.006051454138702461 0.002381590705987489
1 0.2520973154362416 0.8270285969615728 0.005313199105145414 0.00258266309204647
15 0.15500372856077554 0.8281054512957998 0.007994034302759136 0.004736371760500447
15 0.264610365398956 0.8325424486148347 0.004985085756897837 0.0028865058087578195
15 0.25211409395973156 0.8329222520107238 0.00534675615212528 0.002752457551385165
1 0.24019202087994035 0.8335880250223413 0.00685682326621924 0.002296693476318141
15 0.1549888143176734 0.8366666666666667 0.007218493661446682 0.003985701519213584
1 0.24040082028337062 0.8385299374441466 0.004291573452647278 0.001456657730116175
15 0.2638199105145414 0.8385723860589812 0.004149888143176734 0.0024352100089365504
15 0.2520171513795675 0.8390750670241286 0.00366144668158091 0.002546916890080429
1 0.24061148396718868 0.8441890080428954 0.004712900820283371 0.0020509383378016087
15 0.26430648769574944 0.8439678284182306 0.004377330350484713 0.003395889186773905
15 0.2524906785980611 0.8445487042001787 0.004608501118568233 0.0018766756032171583
9 0.11461968680089485 0.08458891867739053 0.03833706189410887 0.027980339588918678
15 0.39533743475018646 0.08484361036639856 0.006185682326621924 0.00257372654155496
1 0.33376398210290825 0.08497319034852546 0.004589858314690529 0.002832886505808758
15 0.2520171513795675 0.8493118856121536 0.00366144668158091 0.002466487935656836
1 0.24151565995525728 0.8498637176050045 0.005029828486204325 0.0035701519213583556
15 0.2633482475764355 0.8500335120643432 0.005443698732289336 0.0021224307417336908
15 0.2522800149142431 0.8559338695263627 0.00418717375093214 0.0023056300268096516
15 0.2636950037285608 0.856313672922252 0.004645786726323639 0.0021715817694369973
1 0.24009134973900073 0.8561304736371761 0.005909768829231917 0.001805183199285076
1 0.278279269202088 0.08577077747989277 0.006222967934377331 0.002640750670241287
15 0.40913497390007453 0.08628686327077749 0.006935123042505593 0.0036729222520107243
1 0.3630611483967189 0.08672922252010723 0.005764354958985832 0.002770330652368186
15 0.24092468307233406 0.863375781948168 0.006085011185682327 0.0028909740840035746
15 0.25242170022371363 0.8638672922252011 0.004470544369873229 0.0029803395889186775
15 0.2636950037285608 0.8637511170688115 0.004645786726323639 0.0018543342269883828
9 0.19680275913497391 0.8650134048257373 0.0505779269202088 0.08927613941018767
15 0.06270879940343027 0.8654468275245755 0.007595078299776287 0.0034584450402144772
1 0.2398806860551827 0.8701005361930295 0.005488441461595824 0.002935656836461126
15 0.2635868754660701 0.8704758713136729 0.00517524235645041 0.003686327077747989
15 0.2522091722595078 0.8716331546023235 0.0040454884414615954 0.0024262734584450402
1 0.0632475764354959 0.8718141197497765 0.005689783743475019 0.003681858802502234
15 0.0621923937360179 0.8762109025915996 0.005070842654735272 0.002645218945487042
1 0.25260999254287847 0.8784807864164432 0.005592841163310962 0.003610366398570152
1 0.6483090976882924 0.883212689901698 0.002061894108873975 0.008605898123324398
1 0.5131152125279642 0.8833914209115281 0.0038590604026845637 0.010750670241286862
1 0.063417225950783 0.8835969615728329 0.005283370618941088 0.0040125111706881145
1 0.0460738255033557 0.883795799821269 0.007136465324384788 0.0026228775692582664
1 0.7307662192393736 0.8843096514745309 0.002919463087248322 0.009906166219839143
1 0.7500223713646532 0.8842537980339589 0.004146159582401193 0.008007149240393209
1 0.7697632363907532 0.8848168007149241 0.0026137211036539893 0.009133154602323505
1 0.7388497390007457 0.8850335120643431 0.0026808351976137213 0.006885612153708668
1 0.8000988068605518 0.8866041108132261 0.004373601789709173 0.009133154602323505
15 0.25174123788217745 0.8870554066130474 0.00534675615212528 0.0028865058087578195
9 0.23981730052199854 0.8917068811438785 0.006853094705443699 0.01129579982126899
1 0.25181208053691273 0.8934383378016086 0.005488441461595824 0.0031411974977658625
15 0.8412266964951529 0.08964477211796247 0.003855331841909023 0.008601429848078641
15 0.04639634601043997 0.8942247542448615 0.005544369873228933 0.003820375335120644
15 0.06416666666666666 0.8944034852546917 0.00976510067114094 0.005071492403932082
15 0.9447930648769575 0.8959763181411975 0.006662938105891127 0.001961572832886506
20 0.9560775540641312 0.8966644325290437 0.008351976137211036 0.013168007149240393
1 0.1543288590604027 0.8976407506702413 0.00813571961222968 0.004396782841823056
15 0.04579977628635347 0.8985746201966041 0.00807979120059657 0.003583556747095621
1 0.2517524235645041 0.9000111706881143 0.006860551826994779 0.0037756925826630916
15 0.06347129008202833 0.9006903485254691 0.00837434750186428 0.004240393208221627
1 0.5662956748695004 0.900967381590706 0.002837434750186428 0.008369079535299374
1 0.5227460850111857 0.9015102770330652 0.0037322893363161817 0.0076675603217158175
1 0.5340678598061148 0.9017068811438784 0.0032587621178225205 0.009848078641644324
1 0.5523564504101417 0.9022140303842716 0.0025503355704697985 0.009075067024128686
15 0.5596812080536913 0.9020911528150135 0.00377703206562267 0.007935656836461127
15 0.9449925428784488 0.9023547810545129 0.003333333333333333 0.0013136729222520108
15 0.8529996271439224 0.09055406613047363 0.0027926920208799404 0.006845397676496872
1 0.544075316927666 0.902774798927614 0.00313944817300522 0.010196604110813226
1 0.5978020134228188 0.9029155495978551 0.004701715137956749 0.010478105451295799
1 0.576193139448173 0.9027301161751564 0.0032438478747203576 0.009213583556747095
1 0.6283631618195377 0.9028708668453976 0.003929903057419836 0.00949508489722967
1 0.6071607009694258 0.903467381590706 0.0055219985085756896 0.010688114387846292
1 0.6185533184190902 0.903467381590706 0.0036987322893363163 0.010688114387846292
1 0.5858650260999254 0.9038248436103664 0.0039448173005219985 0.00872207327971403
1 0.6965622669649516 0.903958891867739 0.003117076808351976 0.00809651474530831
1 0.6798396718866517 0.9046581769436998 0.0032289336316181955 0.00949508489722967
1 0.6379903057419836 0.9044079535299374 0.0030499627143922444 0.011675603217158177
1 0.7219705443698733 0.9046313672922253 0.0032252050708426547 0.006760500446827525
1 0.7288273676360925 0.9046425379803396 0.0035160328113348245 0.007676496872207328
1 0.6481226696495154 0.9044839142091152 0.003926174496644295 0.009146559428060768
1 0.6883985831469053 0.9047721179624665 0.003941088739746458 0.007042001787310098
1 0.6595898583146905 0.9048949955317247 0.0029977628635346754 0.009075067024128686
1 0.7721812080536912 0.9054691689008043 0.0037211036539895603 0.007542448614834673
1 0.7042151379567486 0.9052792672028598 0.0027628635346756154 0.006268990169794459
1 0.7815082028337063 0.9055630026809652 0.0022408650260999255 0.00773011617515639
1 0.8169780014914244 0.9062823949955318 0.00308351976137211 0.006487935656836461
1 0.8079362416107383 0.9064075067024129 0.0014056674123788218 0.006738159070598749
1 0.8006245339299031 0.906461126005362 0.00244220730797912 0.008632707774798928
1 0.8813255033557047 0.906550491510277 0.0035160328113348245 0.007917783735478105
1 0.7485570469798658 0.9065527256478999 0.004198359433258762 0.0016666666666666666
1 0.8414466815809098 0.9066130473637176 0.002803877703206562 0.00804289544235925
1 0.7918717375093215 0.9067806076854334 0.0028337061894108872 0.007484361036639857
1 0.7124161073825503 0.9067605004468275 0.0027591349739000746 0.006550491510277033
1 0.6688385533184191 0.9068632707774799 0.0043437733035048475 0.013011617515638963
1 0.8244612229679343 0.9067917783735479 0.003135719612229679 0.006613047363717605
15 0.8462192393736018 0.09086461126005362 0.0034004474272930647 0.008360142984807865
1 0.33118568232662193 0.0911058981233244 0.005398956002982849 0.0034807864164432527
15 0.12843400447427292 0.9073637176050044 0.007054436987322894 0.004182305630026809
1 0.8503131991051454 0.9072765862377122 0.0018941088739746457 0.008476318141197496
1 0.8720041014168531 0.9076295799821269 0.0027703206562266964 0.008288650580875783
15 0.7608370618941089 0.9076027703306523 0.004149888143176734 0.002873100983020554
15 0.95498322147651 0.9096246648793566 0.006163310961968681 0.004235924932975871
15 0.9450932140193884 0.9098324396782842 0.003534675615212528 0.002864164432529044
1 0.04607755406413124 0.910183199285076 0.005652498135719612 0.002672028596961573
1 0.865397091722595 0.09140303842716711 0.0022334079045488444 0.008543342269883826
1 0.7476528709917971 0.9131478999106345 0.006118568232662192 0.0032394995531724756
15 0.7606133482475764 0.913777926720286 0.005939597315436242 0.003605898123324397
15 0.11315436241610739 0.9154222520107239 0.006323639075316928 0.003319928507596068
1 0.12698918717375093 0.9172363717605004 0.00714765100671141 0.0033735478105451295
1 0.8445152870991797 0.91812109025916 0.004466815809097689 0.002462019660411081
15 0.7601099925428785 0.9188270777479893 0.005678598061148397 0.003873994638069705
15 0.8322893363161818 0.918923145665773 0.0046234153616703955 0.003172475424486148
15 0.5430723340790454 0.9189343163538873 0.0033706189410887396 0.007663092046470062
15 0.5812733035048471 0.9192068811438784 0.0037099179716629377 0.007314566577301162
15 0.5758407904548845 0.9193565683646112 0.0025391498881431767 0.008507596067917783
15 0.5497837434750187 0.9197140303842718 0.0033706189410887396 0.006541554959785523
1 0.7468847874720358 0.9208512064343163 0.006073825503355704 0.003453976764968722
1 0.045281506338553316 0.9216465594280607 0.009280387770320657 0.005938337801608579
9 0.9519015659955258 0.923355674709562 0.009694258016405667 0.015612153708668452
15 0.3181338553318419 0.9236729222520107 0.007632363907531693 0.004629133154602323
1 0.8451155853840417 0.9244660411081322 0.004175988068605518 0.002640750670241287
1 0.8310477255779268 0.9249888293118856 0.008105891126025354 0.0018990169794459338
15 0.7605947054436987 0.9257953529937444 0.004410887397464579 0.003512064343163539
1 0.7466629381058911 0.9259785522788204 0.007121551081282626 0.00387846291331546
1 0.777127143922446 0.9282886505808758 0.007647278150633856 0.004030384271671135
9 0.5623042505592841 0.9291242180518321 0.015734526472781507 0.018212689901697943
1 0.3939802386278896 0.09277926720285969 0.00645413870246085 0.005933869526362824
1 0.8579455630126772 0.9306456657730116 0.005227442207307979 0.00338248436103664
1 0.8309395973154362 0.9312466487935658 0.004906785980611484 0.0036907953529937442
15 0.21760067114093962 0.9311014298480785 0.003434004474272931 0.008762287756925826
15 0.7610999254287845 0.9313159070598748 0.004675615212527964 0.002935656836461126
1 0.7464895600298285 0.9315259159964254 0.006774794929157346 0.003355674709562109
15 0.09288777032065623 0.9320643431635389 0.002330350484712901 0.008007149240393209
15 0.07596569724086503 0.9319906166219839 0.0027889634601043997 0.007859696157283288
15 0.8446327367636092 0.9324240393208221 0.00395600298284862 0.0024709562109025917
15 0.08110365398956003 0.932464253798034 0.0018791946308724832 0.007019660411081323
15 0.1442337807606264 0.9327390527256478 0.0021140939597315434 0.006675603217158176
15 0.10703392990305742 0.9330227882037534 0.002285607755406413 0.006349419124218052
15 0.08749254287844892 0.9328686327077749 0.002725577926920209 0.009615728328865057
15 0.09792132736763609 0.9332193923145666 0.0019574944071588368 0.007636282394995531
15 0.10218680089485459 0.9332238605898122 0.002285607755406413 0.0058579088471849864
15 0.12705257270693512 0.9332260947274352 0.0020544369873228933 0.006756032171581769
15 0.1392412378821775 0.9336327077747988 0.0018232662192393734 0.006675603217158176
1 0.1318400447427293 0.9338784629133154 0.0026808351976137213 0.006273458445040214
1 0.3640287099179717 0.09378909740840036 0.007699478001491423 0.003485254691689008
15 0.4085999254287845 0.09376005361930295 0.006610738255033557 0.004320822162645219
1 0.5761129753914989 0.9345241286863272 0.0038292319164802383 0.012033065236818588
20 0.6010533184190903 0.9350848972296693 0.018661446681580908 0.0381769436997319
1 0.7456189410887397 0.9360500446827525 0.004287844891871738 0.00257372654155496
20 0.5235700969425802 0.9363806970509383 0.01656599552572707 0.03719392314566577
1 0.8577609992542878 0.9367828418230563 0.0048583146905294555 0.00225201072386059
15 0.7597427293064878 0.9371827524575513 0.0034526472781506337 0.002158176943699732
15 0.8441964951528711 0.9374151027703306 0.00308351976137211 0.0017292225201072386
15 0.9405686055182699 0.938996872207328 0.007162565249813573 0.003999106344950849
15 0.33921140939597316 0.9405361930294907 0.006536167039522744 0.005290437890974084
15 0.8451155853840417 0.9424754244861484 0.004175988068605518 0.00291331546023235
1 0.8295563012677106 0.9427680965147452 0.008105891126025354 0.004392314566577301
15 0.7593922445935869 0.942937890974084 0.0034973900074571217 0.0029445933869526363
1 0.7456338553318419 0.9432506702412868 0.006554809843400447 0.004463806970509384
1 0.8587527964205818 0.9438918677390526 0.004604772557792692 0.0039588918677390525
1 0.7758780760626399 0.9443498659517426 0.00738627889634601 0.004874888293118856
15 0.9407419835943327 0.9461193029490617 0.007509321401938852 0.002158176943699732
1 0.7442803877703207 0.9476720285969615 0.0045935868754660705 0.00258266309204647
15 0.8440790454884415 0.9479244861483467 0.0035943325876211783 0.0013002680965147455
1 0.8573079791200597 0.949343163538874 0.00395227442207308 0.0023503127792672027
15 0.7616219239373602 0.950035746201966 0.005719612229679344 0.0037354781054512957
9 0.8029623415361671 0.9512712243074174 0.02650633855331842 0.05982573726541554
1 0.9402703206562266 0.9538069705093833 0.008057419835943326 0.004128686327077748
15 0.8446607009694258 0.9540728328865059 0.004757643549589859 0.0010857908847184987
15 0.5533557046979866 0.9541890080428954 0.0023117076808351978 0.005786416443252904
1 0.7462453392990306 0.9544749776586237 0.0077777777777777776 0.004571045576407507
1 0.2159246830723341 0.9546090259159964 0.006793437733035048 0.0030518319928507596
15 0.5591237882177479 0.9544705093833781 0.0026621923937360176 0.006349419124218052
15 0.7610123042505593 0.9551653261840929 0.004500372856077554 0.0023771224307417337
1 0.8577982848620431 0.9551407506702413 0.006424310216256525 0.0032216264521894547
15 0.5649422073079791 0.9552949061662197 0.002367636092468307 0.0062109025915996425
1 0.5684601043997016 0.9551831992850759 0.0041834451901566 0.008668453976764969
15 0.5487024608501118 0.9555965147453083 0.004190902311707681 0.008601429848078641
1 0.7750223713646532 0.9558958891867739 0.007166293810589112 0.0029445933869526363
15 0.5751920208799404 0.9561483467381592 0.0034787472035794184 0.008811438784629132
1 0.8306301267710664 0.9597966934763181 0.005779269202087994 0.0027033065236818587
20 0.9123583146905295 0.9598659517426272 0.029787472035794182 0.03858802502234138
15 0.8446010439970171 0.9604289544235926 0.0038926174496644295 0.0021805183199285075
1 0.7452181208053691 0.9612109025915997 0.006469052945563014 0.0028507596067917783
15 0.7593624161073825 0.961423145665773 0.006420581655480984 0.002381590705987489
1 0.858206562266965 0.9621849865951743 0.0064951528709917975 0.0030116175156389637
15 0.32743102162565246 0.9622430741733691 0.007583892617449664 0.003127792672028597
1 0.8436390753169276 0.9665661304736373 0.0056972408650260995 0.002837354781054513
15 0.7611167039522745 0.9666554959785523 0.0062005965697240865 0.0021224307417336908
1 0.7447520507084265 0.9670509383378018 0.008519761372110366 0.001126005361930295
1 0.8321495152870991 0.9683981233243968 0.006580909768829231 0.0029267202859696155
15 0.17048284862043253 0.09700402144772118 0.005395227442207308 0.004553172475424486
15 0.6935794183445191 0.9702837354781054 0.008337061894108874 0.004016979445933869
15 0.32652870991797167 0.9711974977658624 0.008762117822520506 0.0040571939231456655
1 0.7764000745712154 0.9715907059874889 0.009175988068605518 0.003949955317247542
15 0.843758389261745 0.9713963360142985 0.005190156599552573 0.0026675603217158174
1 0.8575447427293065 0.971624218051832 0.004425801640566741 0.002229669347631814
15 0.7607214765100672 0.9722252010723861 0.006901565995525728 0.003431635388739946
1 0.7462266964951529 0.9729110813226095 0.006249067859806116 0.0030160857908847183
20 0.7081450410141685 0.9753485254691688 0.006148396718866517 0.010571939231456658
15 0.7755965697240865 0.9757975871313673 0.006077554064131245 0.003427167113494191
15 0.8429586129753915 0.9775111706881144 0.003590604026845638 0.0032797140303842715
1 0.858124533929903 0.9781434316353887 0.005585384041759881 0.0027569258266309203
1 0.8319127516778524 0.9780138516532618 0.0075988068605518265 0.004285075960679178
1 0.3622856077554064 0.09847408400357462 0.004958985831469053 0.002131367292225201
1 0.3320656226696495 0.09873324396782841 0.0056674123788217744 0.002649687220732797
15 0.40679343773303506 0.10126228775692582 0.007472035794183445 0.004133154602323503
1 0.395341163310962 0.10097184986595174 0.006938851603281134 0.0035522788203753352
15 0.2293903803131991 0.10216487935656837 0.006133482475764355 0.004151027703306523
1 0.8410645041014169 0.10383378016085791 0.002039522744220731 0.009276139410187668
1 0.8524944071588366 0.10383378016085791 0.0017822520507084266 0.009276139410187668
1 0.8473937360178971 0.10431858802502235 0.004258016405667413 0.010245755138516532
1 0.17214951528709918 0.10534405719392315 0.007237136465324385 0.004253798033958892
1 0.33318791946308723 0.10674932975871314 0.006420581655480984 0.003489722966934763
15 0.4068624161073825 0.10659070598748883 0.005372856077554064 0.003172475424486148
1 0.8625149142431021 0.1068029490616622 0.0024347501864280387 0.008065236818588025
1 0.39559843400447425 0.10767202859696157 0.005216256524981358 0.0026541554959785526
1 0.3000447427293065 0.10859472743521001 0.002774049217002237 0.00986148346738159
1 0.31532438478747205 0.10906166219839143 0.0020134228187919465 0.007220732797140304
1 0.28319351230425055 0.10975424486148347 0.004120059656972409 0.009499553172475425
1 0.3199627143922446 0.11035522788203753 0.003087248322147651 0.010701519213583557
1 0.305048471290082 0.11019436997319035 0.002341536167039523 0.010379803395889188
1 0.3107680835197614 0.11032394995531725 0.0011036539895600299 0.010638963360142984
1 0.2960272184936615 0.11115281501340482 0.0036875466070096946 0.010509383378016086
1 0.5301230425055928 0.11187444146559428 0.002080536912751678 0.006590705987488829
1 0.22896346010439972 0.11179177837354781 0.009753914988814318 0.0019571045576407507
15 0.17259694258016406 0.11237488829311885 0.008131991051454138 0.003123324396782842
15 0.5805797912005966 0.11296246648793566 0.003068605518269948 0.006085790884718498
15 0.4081431767337808 0.11287756925826631 0.0056972408650260995 0.0032350312779267205
15 0.5417561521252796 0.1130183199285076 0.002975391498881432 0.007984807864164433
15 0.5505741983594333 0.11305853440571939 0.0019686800894854585 0.00627792672028597
15 0.5719332587621178 0.11314566577301162 0.0014354958985831469 0.008239499553172476
15 0.5363255033557047 0.11323056300268096 0.0025540641312453392 0.010196604110813226
1 0.5202125279642058 0.11377345844504022 0.00313944817300522 0.010388739946380697
1 0.5655648769574945 0.11426720285969615 0.002121551081282625 0.006907953529937444
15 0.556347874720358 0.11398346738159071 0.003076062639821029 0.006340482573726542
1 0.5253262490678597 0.11415773011617517 0.0029269202087994035 0.010263628239499552
1 0.5756040268456376 0.1145218945487042 0.002065622669649515 0.007417336907953531
1 0.5875838926174497 0.1143230563002681 0.0029082774049217002 0.008806970509383378
1 0.3314392244593587 0.11475647899910633 0.0029231916480238628 0.0034182305630026813
1 0.5624739000745712 0.11474307417336908 0.0026510067114093963 0.007859696157283288
1 0.8328952274422072 0.11590929401251115 0.001360924683072334 0.008404825737265415
15 0.827296793437733 0.11670464700625559 0.0028411633109619687 0.009101876675603218
1 0.819765100671141 0.11654602323503127 0.0019463087248322148 0.008784629133154602
15 0.8235197613721104 0.11699955317247544 0.001998508575689784 0.007010723860589812
1 0.4077386278896346 0.11862377122430742 0.0048881431767337806 0.0031099195710455763
15 0.3011856823266219 0.12331322609472745 0.0020730797912005966 0.00980786416443253
15 0.2953560775540641 0.12346514745308311 0.0023452647278150635 0.008324396782841822
15 0.30659955257270693 0.12359472743521002 0.00395227442207308 0.00858355674709562
15 0.3112211036539896 0.12403708668453978 0.0012639821029082775 0.007680965147453083
15 0.3209973900074571 0.1242940125111707 0.002173750932140194 0.008194816800714924
15 0.31607755406413124 0.12464924039320821 0.0035197613721103652 0.008905272564789991
1 0.5515846383296047 0.12648570151921357 0.00249813571961223 0.009003574620196603
1 0.5422371364653243 0.12690571939231457 0.0024459358687546604 0.008056300268096516
1 0.5363982102908277 0.12674709562109027 0.004190902311707681 0.0077390527256479
1 0.5554436987322894 0.1270710455764075 0.0027591349739000746 0.006599642537980339
15 0.5471364653243849 0.12821045576407505 0.0025503355704697985 0.00887846291331546
15 0.17217561521252794 0.12813226094727434 0.007289336316181954 0.003360142984807864
1 0.22901565995525727 0.12990616621983914 0.006875466070096943 0.0024396782841823055
1 0.3440604026845637 0.13145665773011617 0.0028113348247576437 0.009115281501340482
1 0.3430462341536167 0.13352993744414654 0.0022744220730797913 0.008793565683646112
15 0.2948173005219985 0.13668007149240394 0.001267710663683818 0.007944593386952636
15 0.2281972408650261 0.13702859696157285 0.00598434004474273 0.0032797140303842715
15 0.3004697986577181 0.13805406613047363 0.002878448918717375 0.008011617515638962
1 0.8645059656972409 0.1381657730116175 0.0026882923191648023 0.010022341376228776
15 0.3118661446681581 0.13846291331546023 0.0025540641312453392 0.007042001787310098
15 0.30659955257270693 0.13882707774798927 0.00395227442207308 0.009557640750670242
1 0.17142990305741984 0.14109249329758713 0.007289336316181954 0.004258266309204646
15 0.2297352721849366 0.14331322609472744 0.00831469052945563 0.004231456657730117
9 0.11509507829977629 0.1461751563896336 0.036304996271439224 0.030509383378016085
15 0.1956916480238628 0.15068141197497767 0.003612975391498881 0.010031277926720285
15 0.8887248322147651 0.1510165326184093 0.004891871737509321 0.0035522788203753352
15 0.8509079045488442 0.15649016979445934 0.002337807606263982 0.006456657730116175
1 0.8414485458612975 0.15677837354781055 0.003553318419090231 0.008820375335120643
15 0.8464597315436241 0.15684763181411973 0.002390007457121551 0.009852546916890081
15 0.8888441461595824 0.15761394101876677 0.004384787472035794 0.0015549597855227882
1 0.8569537658463833 0.15799151027703306 0.0032438478747203576 0.011246648793565685
15 0.9377181208053691 0.16118856121537087 0.002953020134228188 0.0078105451295799825
15 0.950624533929903 0.1614365504915103 0.001174496644295302 0.0056255585344057195
15 0.9581524981357196 0.1619213583556747 0.003553318419090231 0.006595174262734585
15 0.9439466815809098 0.16216487935656837 0.001987322893363162 0.0070822162645218945
15 0.8902218493661446 0.16308534405719394 0.005648769574944072 0.0035612153708668454
15 0.5210570469798658 0.16594057193923145 0.0048284862043251305 0.0030160857908847183
15 0.4351099925428784 0.16796246648793564 0.0066853094705443695 0.004378909740840036
15 0.42495898583146907 0.16862823949955316 0.00726323639075317 0.003923145665773012
15 0.8899533929903057 0.1698503127792672 0.008840417598806861 0.003686327077747989
20 0.532727442207308 0.17098525469168901 0.008780760626398211 0.012211796246648792
15 0.5206077554064131 0.17172475424486147 0.003929903057419836 0.0020732797140303842
1 0.11001491424310217 0.1729289544235925 0.006756152125279642 0.004481680071492404
15 0.42492542878448925 0.1744392314566577 0.0064504101416853095 0.003927613941018766
15 0.49575130499627146 0.17459115281501342 0.006416853094705444 0.003337801608579088
15 0.4361726323639076 0.17598525469168902 0.005827740492170022 0.002551385165326184
15 0.9447184936614468 0.17681411974977657 0.002039522744220731 0.005996425379803396
15 0.5200428784489187 0.17798257372654155 0.005037285607755407 0.0020777479892761398
15 0.5447427293064877 0.17778373547810544 0.007457121551081283 0.0034673815907059874
15 0.9387975391498882 0.17829311885612154 0.0013832960477255778 0.00806076854334227
15 0.42509880686055185 0.18133154602323504 0.005305741983594333 0.003413762287756926
15 0.43502050708426543 0.18168230563002682 0.005014914243102162 0.002327971403038427
15 0.519772557792692 0.18244414655942806 0.005988068605518269 0.003851653261840929
15 0.49589112602535423 0.18276809651474532 0.005205070842654736 0.0027122430741733693
15 0.5073676360924683 0.1831478999106345 0.005041014168530947 0.0034718498659517425
15 0.5437602535421328 0.18400134048257374 0.006983594332587622 0.005178731009830206
20 0.5334563758389261 0.18504244861483468 0.00651006711409396 0.009941912421805183
20 0.5569891871737509 0.18584897229669348 0.008087248322147652 0.0151295799821269
15 0.4346625652498136 0.18661751563896334 0.0042990305741983596 0.0014745308310991957
15 0.42425801640566735 0.18683869526362823 0.00511558538404176 0.0037042001787310095
1 0.23798098434004475 0.1875804289544236 0.012874720357941835 0.01501787310098302
1 0.48450410141685313 0.1879758713136729 0.00331096196868009 0.007765862377122431
20 0.7339504101416853 0.18814119749776587 0.027930648769574944 0.03401251117068812
15 0.49581096196868013 0.18953529937444147 0.005044742729306487 0.002841823056300268
1 0.45502796420581654 0.18961349419124218 0.00848993288590604 0.0056791778373547815
20 0.8178784489187174 0.18972743521000895 0.024272930648769574 0.03361036639857015
1 0.47610365398956006 0.18990169794459338 0.005898583146905295 0.005361930294906166
15 0.5073676360924683 0.19033065236818586 0.005041014168530947 0.0035388739946380695
1 0.466785980611484 0.19044682752457553 0.005160328113348248 0.0046648793565683645
15 0.9625745712155108 0.19071045576407505 0.0041946308724832215 0.008766756032171582
20 0.6553747203579418 0.19132037533512064 0.023650260999254286 0.031434316353887395
1 0.9571364653243848 0.1917537980339589 0.0030126771066368383 0.010853440571939231
15 0.42419463087248327 0.19272341376228774 0.005734526472781507 0.0029624664879356567
20 0.5214485458612975 0.19322162645218946 0.006357196122296794 0.00842716711349419
1 0.4358594332587621 0.1934182305630027 0.008929903057419836 0.0025647899910634497
1 0.8884358687546606 0.19399016979445932 0.006551081282624907 0.0037086684539767655
15 0.4967654735272185 0.19595174262734585 0.006208053691275167 0.003163538873994638
15 0.5090566741237882 0.19629803395889187 0.008419090231170767 0.0038561215370866847
15 0.5311446681580909 0.19801608579088473 0.005615212527964206 0.00550491510277033
1 0.8866387024608502 0.19886729222520108 0.0066853094705443695 0.003632707774798928
20 0.5445171513795675 0.19931411974977659 0.0047688292319164795 0.00988829311885612
15 0.43526845637583894 0.19931411974977659 0.006256524981357196 0.0027390527256479
20 0.5567393736017897 0.2006948168007149 0.004604772557792692 0.008181411974977659
20 0.973823639075317 0.20118409294012513 0.013269947800149144 0.019883824843610367
1 0.42470171513795674 0.20123324396782843 0.0052572706935123045 0.0021090259159964255
15 0.4956767337807606 0.20192359249329758 0.0055219985085756896 0.0025960679177837354
15 0.5069164802386279 0.2023391420911528 0.00488441461595824 0.0025335120643431635
15 0.5312546607009695 0.20275469168900803 0.005089485458612975 0.0024709562109025917
20 0.7705965697240864 0.20275915996425378 0.02516032811334825 0.02571492403932082
1 0.04405667412378822 0.20399687220732798 0.005339299030574198 0.006742627345844504
20 0.8559973900074571 0.20519213583556747 0.025939597315436238 0.027006255585344058
15 0.4349049217002237 0.2054289544235925 0.007020879940343027 0.0024575513851653264
15 0.8895171513795674 0.2053194816800715 0.007222222222222223 0.005813226094727435
1 0.4229157345264728 0.20589365504915103 0.003922445935868754 0.0015996425379803396
15 0.9861539895600298 0.20553842716711349 0.002136465324384788 0.009825737265415548
20 0.5194220730797912 0.20686550491510275 0.006778523489932886 0.006224307417336908
15 0.9622949291573453 0.2071693476318141 0.002889634601043997 0.006831992850759606
1 0.9525633855331842 0.20708445040214477 0.002815063385533184 0.009343163538873994
15 0.9578989560029829 0.20729445933869528 0.0023005219985085756 0.00886952636282395
15 0.5051659209545115 0.2075089365504915 0.003620432513049963 0.003042895442359249
15 0.4953598061148397 0.2080495978552279 0.0048881431767337806 0.0032305630026809654
15 0.5446979865771813 0.20801385165326186 0.005876211782252051 0.004052725647899911
1 0.2997688292319165 0.20863494191242182 0.0029679343773303503 0.007975871313672923
15 0.5990790454884415 0.2087265415549598 0.004272930648769576 0.009052725647899912
15 0.5947688292319165 0.20873100983020554 0.003855331841909023 0.008168007149240394
20 0.6941573452647278 0.2088762287756926 0.0206785980611484 0.030799821268990172
15 0.5885961968680089 0.2100312779267203 0.002695749440715884 0.009874888293118857
1 0.23932513049962714 0.21052725647899911 0.010343027591349738 0.011760500446827525
1 0.5803225205070842 0.21051161751563896 0.0025540641312453392 0.008154602323503127
15 0.4350149142431022 0.21124888293118854 0.0064951528709917975 0.0033735478105451295
15 0.8866387024608502 0.21222966934763182 0.0066853094705443695 0.005335120643431635
1 0.4225838926174496 0.21217158176943698 0.005495898583146906 0.003431635388739946
15 0.5515622669649515 0.21510723860589814 0.006927665920954511 0.0030473637176050045
15 0.4249086502609993 0.21671581769436996 0.004925428784489187 0.0026899016979445934
15 0.5209973900074572 0.21724307417336908 0.0062005965697240865 0.0037444146559428063
1 0.4344034302759135 0.2172899910634495 0.006017897091722595 0.003838248436103664
15 0.8881301267710664 0.21833109919571045 0.0066853094705443695 0.0032394995531724756
1 0.49389075316927666 0.219671581769437 0.005678598061148397 0.0032394995531724756
1 0.7372427293064877 0.2204066130473637 0.003941088739746458 0.015433422698838248
15 0.5515958240119314 0.22069258266309205 0.005503355704697986 0.0034941912421805185
1 0.6549571215510813 0.22148793565683647 0.001935123042505593 0.011340482573726541
15 0.7506730052199851 0.22194816800714925 0.003210290827740492 0.010473637176050045
15 0.8303057419835944 0.22194816800714925 0.0028933631618195377 0.010473637176050045
1 0.8157680835197614 0.2220017873100983 0.002900820283370619 0.00968722073279714
15 0.42508389261744967 0.2229177837354781 0.0060216256524981355 0.00258266309204647
1 0.9369034302759135 0.22315236818588027 0.002069351230425056 0.009307417336907953
15 0.670941461595824 0.22344950848972295 0.0025838926174496643 0.011689008042895443
1 0.436331096196868 0.22390750670241288 0.005398956002982849 0.003668453976764969
1 0.888230797912006 0.22437667560321714 0.006886651752423564 0.005500446827524576
1 0.09159768829231917 0.22455764075067025 0.00646159582401193 0.003181411974977659
20 0.9836334824757643 0.22482573726541555 0.005298284862043251 0.010866845397676498
20 0.9472352721849366 0.2254579982126899 0.004835943325876212 0.010344057193923145
1 0.5060514541387025 0.22567470956210903 0.007628635346756152 0.002734584450402145
1 0.10978933631618194 0.22551161751563897 0.007050708426547353 0.0024084003574620194
20 0.9729530201342282 0.22583333333333333 0.003325876211782252 0.01020107238605898
15 0.5528653989560031 0.22605451295799822 0.007296793437733035 0.0034941912421805185
9 0.4640287099179717 0.22666890080428953 0.024999999999999998 0.06281054512957998
1 0.5198788217747949 0.2271425379803396 0.0062005965697240865 0.0029892761394101877
1 0.17599739000745712 0.22801161751563898 0.007475764354958986 0.0038337801608579088
1 0.0437061894108874 0.2289365504915103 0.006129753914988815 0.003002680965147453
15 0.4351677852348993 0.22975871313672924 0.007546607009694258 0.004647006255585344
1 0.42406040268456374 0.23061215370866847 0.006211782252050708 0.0036729222520107243
1 0.11038777032065623 0.23081546023235033 0.0060104399701715145 0.002292225201072386
1 0.5195283370618942 0.23155272564789992 0.006991051454138702 0.0019794459338695262
1 0.5069593586875466 0.23192806076854333 0.007207307979120059 0.0036237712243074173
1 0.1558482475764355 0.23205764075067026 0.002971662938105891 0.01013851653261841
1 0.2990771812080537 0.2327703306523682 0.003076062639821029 0.007989276139410187
15 0.49284489187173747 0.23311215370866847 0.007315436241610739 0.0033109919571045576
1 0.28874161073825505 0.233704200178731 0.0025391498881431767 0.009857015192135835
1 0.1756021625652498 0.23447944593386952 0.0066853094705443695 0.0024709562109025917
15 0.42425801640566735 0.23504691689008042 0.00511558538404176 0.0018185880250223415
1 0.04360738255033557 0.23590929401251118 0.00593214019388516 0.0035433422698838246
15 0.43507829977628637 0.23642761394101877 0.005876211782252051 0.0027926720285969616
1 0.11016405667412378 0.23724977658623772 0.006308724832214766 0.0035433422698838246
1 0.17582774049217 0.2407372654155496 0.004899328859060403 0.0033690795352993744
15 0.43546047725577924 0.24108802502234136 0.0066405667412378815 0.002283288650580876
1 0.423741610738255 0.24135612153708666 0.0048284862043251305 0.002819481680071492
1 0.956249067859806 0.24148346738159074 0.0027293064876957496 0.008436103663985702
15 0.4922762863534676 0.24167560321715817 0.003941088739746458 0.0016711349419124219
1 0.9038087248322147 0.24206434316353886 0.003739746457867263 0.0078105451295799825
1 0.31194817300522 0.24230563002680963 0.004209545115585384 0.01097408400357462
15 0.9792580164056673 0.2424798927613941 0.0025130499627143924 0.00774798927613941
1 0.9734768829231916 0.2421983914209115 0.002882177479492916 0.007184986595174262
1 0.9164261744966443 0.24236371760500444 0.0013832960477255778 0.006621983914209115
15 0.9295842654735272 0.24265415549597852 0.0038366890380313197 0.0063092046470062555
1 0.9861185682326622 0.24252680965147452 0.0035570469798657713 0.009629133154602324
15 0.9103616703952275 0.24269213583556745 0.0034228187919463087 0.009066130473637175
1 0.9361372110365398 0.24248659517426271 0.0035197613721103652 0.01044235924932976
15 0.9684731543624162 0.24302949061662196 0.0025689783743475018 0.0070598748882931195
1 0.9514876957494407 0.2431546023235031 0.0021551081282624907 0.007310098302055406
15 0.9220227442207307 0.24303842716711346 0.003627889634601044 0.006184092940125112
15 0.9402386278896345 0.2432797140303843 0.0035197613721103652 0.007560321715817695
15 0.962272557792692 0.2434048257372654 0.002099179716629381 0.0078105451295799825
15 0.9467915734526473 0.24370420017873098 0.0032028337061894108 0.006621983914209115
15 0.4355872483221476 0.2468230563002681 0.007639821029082773 0.003029490616621984
1 0.4237695749440716 0.24723413762287755 0.007121551081282626 0.003851653261840929
15 0.4358090976882923 0.2519325290437891 0.006592095451155854 0.0052055406613047365
1 0.4231636838180462 0.2529781054512958 0.005164056674123788 0.002828418230563003
15 0.49497576435495905 0.2544392314566577 0.007102908277404922 0.0030697050938337804
15 0.8986390753169277 0.2571246648793566 0.0030947054436987324 0.009334226988382485
1 0.31282811334824756 0.2578261840929401 0.0029865771812080536 0.010737265415549598
1 0.42214578672632364 0.2597966934763181 0.0038739746457867267 0.00306076854334227
1 0.4338870246085011 0.26097631814119754 0.005730797912005966 0.003632707774798928
15 0.17980611483967188 0.26105004468275245 0.003161819537658464 0.010035746201966041
15 0.45295488441461595 0.26364611260053616 0.0021066368381804624 0.007184986595174262
1 0.44661633109619686 0.2644414655942806 0.0021066368381804624 0.007882037533512064
15 0.4616648023862789 0.26498212689901696 0.0016293810589112603 0.00806970509383378
15 0.4724533929903057 0.26527256478999106 0.0008351976137211038 0.00775692582663092
1 0.4564149888143177 0.2649865951742627 0.002315436241610738 0.007184986595174262
1 0.46730984340044746 0.26561885612153713 0.0017337807606263983 0.008449508489722967
15 0.48075503355704696 0.26607015192135836 0.0017785234899328857 0.00756478999106345
1 0.47697613721103654 0.2660344057193923 0.0016778523489932886 0.008386952636282394
15 0.24559656972408653 0.26594280607685433 0.002005965697240865 0.010884718498659518
1 0.5071159582401193 0.2660746201966041 0.0023005219985085756 0.006680071492403932
15 0.49678970917225956 0.2666689008042895 0.0010365398956002983 0.009655942806076854
1 0.487410514541387 0.2666711349419124 0.0024123788217747947 0.008766756032171582
1 0.5012043251304996 0.2669615728328865 0.0024086502609992544 0.008453976764968722
9 0.9796905294556302 0.26817247542448613 0.010089485458612974 0.015344057193923148
15 0.8992095451155854 0.26953083109919573 0.00348993288590604 0.005549597855227882
15 0.0434862043251305 0.2720531724754245 0.004198359433258762 0.003445040214477212
15 0.3130462341536167 0.27302055406613046 0.004168530947054437 0.009848078641644324
1 0.15574944071588367 0.2728507596067918 0.002774049217002237 0.009508489722966935
1 0.09209358687546607 0.2730965147453083 0.007453392990305742 0.0037444146559428063
15 0.11023676360924682 0.27330205540661306 0.007199850857568978 0.005049151027703307
1 0.17925988068605517 0.27565236818588024 0.002815063385533184 0.008856121537086684
1 0.042367636092468304 0.2790862377122431 0.004198359433258762 0.003212689901697945
1 0.546793437733035 0.2825714924039321 0.0018642803877703207 0.008395889186773905
1 0.244951528709918 0.28289320822162645 0.0014615958240119314 0.013507596067917784
1 0.5513460104399702 0.2832104557640751 0.0020208799403430276 0.008780160857908847
1 0.49157531692766593 0.2855004468275246 0.0055219985085756896 0.0035299374441465597
15 0.31231357196122295 0.28655942806076856 0.002703206562266965 0.009222520107238607
1 0.3027964205816555 0.2869749776586238 0.006785980611483967 0.00290437890974084
1 0.15609433258762118 0.28944816800714923 0.004209545115585384 0.008744414655942806
1 0.44118941088739744 0.2905138516532618 0.0024384787472035794 0.007301161751563897
15 0.44636092468307237 0.29047140303842717 0.002341536167039523 0.010790884718498659
15 0.3040417598806861 0.293011617515639 0.005548098434004474 0.003360142984807864
1 0.4914429530201342 0.2937354781054513 0.0052572706935123045 0.0039142091152815014
15 0.5508911260253542 0.29594057193923146 0.002602535421327368 0.007430741733690795
15 0.5455667412378822 0.2959740840035746 0.002393736017897092 0.010178731009830206
1 0.2447986577181208 0.2995241286863271 0.004138702460850112 0.0101295799821269
15 0.30335384041759883 0.30007149240393205 0.006409395973154363 0.004075067024128686
15 0.9569183445190156 0.302062109025916 0.0025764354958985832 0.008949955317247543
15 0.9517393736017897 0.30196380697050934 0.0026584638329604773 0.007859696157283288
15 0.9461241610738256 0.3023458445040214 0.0018680089485458612 0.009517426273458446
1 0.9613348247576436 0.3025759606791778 0.0032065622669649515 0.008190348525469168
15 0.9664522744220732 0.3026720285969616 0.002255779269202088 0.00838248436103664
15 0.9703560775540641 0.3029714030384271 0.0018605518269947802 0.007193923145665773
15 0.9801081282624907 0.3036058981233244 0.00197613721103654 0.006675603217158176
15 0.9759507829977628 0.30369973190348526 0.002609992542878449 0.006863270777479892
15 0.9848750932140193 0.3043096514745308 0.0018158090976882924 0.00629579982126899
1 0.17931394481730054 0.30532618409294016 0.003668903803131991 0.01100983020554066
1 0.04129567486950037 0.306021000893655 0.005782997762863534 0.00435656836461126
1 0.09154735272184937 0.3069436997319035 0.007106636838180462 0.004414655942806077
15 0.44290641312453394 0.3074419124218052 0.00587248322147651 0.0027301161751563897
1 0.6480238627889635 0.3080361930294906 0.0022371364653243847 0.009280607685433423
1 0.1098434004474273 0.3079870420017873 0.004175988068605518 0.004714030384271671
1 0.6426938851603281 0.3086550491510277 0.0027628635346756154 0.009624664879356568
15 0.4287024608501118 0.3102792672028597 0.006547352721849366 0.003936550491510277
1 0.5515902311707681 0.31298480786416444 0.001017897091722595 0.008453976764968722
15 0.44234712900820283 0.31313896336014296 0.007736763609246831 0.002506702412868633
1 0.5381058911260254 0.31295352993744413 0.003131991051454139 0.00839142091152815
1 0.5450354213273677 0.3133646112600536 0.0020768083519761373 0.009213583556747095
15 0.09092654735272185 0.31722520107238605 0.006610738255033557 0.0035299374441465597
15 0.10956562266964952 0.31737488829311883 0.007348993288590604 0.002935656836461126
15 0.9518381804623415 0.31870643431635387 0.002856077554064131 0.006492403932082216
15 0.9758892617449665 0.3188963360142985 0.0017412378821774794 0.0068722073279714035
15 0.9612733035048472 0.3189924039320822 0.002337807606263982 0.007064343163538874
15 0.9657084265473528 0.31906389633601434 0.0022595078299776283 0.007207327971403038
15 0.9554436987322893 0.31936997319034854 0.0018642803877703207 0.007819481680071492
15 0.24597874720357943 0.31943699731903485 0.0027703206562266964 0.01063449508489723
15 0.17717747949291573 0.3191823056300268 0.003870246085011186 0.009231456657730116
15 0.936217375093214 0.3196693476318141 0.0021886651752423564 0.005737265415549597
15 0.9703392990305741 0.31967605004468275 0.0025727069351230425 0.007537980339588919
15 0.9407494407158837 0.31969615728328865 0.0023042505592841163 0.0066845397676496875
15 0.9462658463832961 0.31969615728328865 0.002897091722595078 0.0066845397676496875
15 0.980365398956003 0.3197899910634495 0.0024906785980611484 0.0068722073279714035
20 0.2980555555555556 0.3196916890080429 0.01743847874720358 0.029016979445933868
15 0.4424179716629381 0.3201005361930295 0.007878448918717374 0.0030250223413762285
1 0.1550316927665921 0.3202256478999106 0.005067114093959732 0.009530831099195709
15 0.9851118568232663 0.320420017873101 0.0022893363161819538 0.005451295799821268
1 0.491469052945563 0.324269436997319 0.008292319164802386 0.005107238605898123
15 0.3131077554064131 0.3254512957998213 0.0028001491424310214 0.010151921358355675
15 0.4298303504847129 0.3266912421805183 0.007311707680835197 0.0028016085790884718
1 0.4423527218493662 0.32719392314566575 0.006256524981357196 0.00291331546023235
4 0.26313758389261743 0.32895218945487037 0.022173750932140194 0.3209964253798034
4 0.12631431767337806 0.33028596961572837 0.018475018642803875 0.3227703306523682
4 0.06433258762117822 0.33024352100089366 0.02873974645786726 0.3253663985701519
1 0.4903113348247577 0.3340549597855228 0.006722595078299777 0.0032305630026809654
4 0.197110365398956 0.3366867739052726 0.015398956002982847 0.32395442359249327
4 0.33072520507084263 0.3372408400357462 0.019392244593586874 0.3197006255585344
15 0.38427479492915734 0.33817470956210904 0.0019574944071588368 0.00789544235924933
15 0.39431953765846384 0.33839588918677393 0.0026584638329604773 0.009231456657730116
1 0.3796868008948546 0.3383802502234137 0.0032214765100671144 0.00920017873100983
15 0.41503542132736765 0.3383802502234137 0.002330350484712901 0.00920017873100983
1 0.42042132736763604 0.33842046470062553 0.0019164802386278895 0.008386952636282394
1 0.38964019388516036 0.3386215370866846 0.002248322147651007 0.00789544235924933
1 0.4054157345264728 0.3389209115281501 0.0024794929157345266 0.008494191242180519
15 0.40016219239373596 0.3393319928507596 0.0031580909768829236 0.01110366398570152
15 0.40963460104399707 0.33971403038427167 0.002714392244593587 0.010080428954423591
1 0.4912136465324385 0.34088248436103663 0.00703579418344519 0.002587131367292225
1 0.31388516032811337 0.34256478999106343 0.003609246830723341 0.010420017873100982
1 0.09202460850111857 0.3448212689901698 0.008061148396718867 0.006890080428954424
15 0.5591237882177479 0.345840035746202 0.0019164802386278895 0.007140303842716711
1 0.5527535421327368 0.34634718498659517 0.0033445190156599553 0.008154602323503127
1 0.5396234153616704 0.34643431635388744 0.003929903057419836 0.010116175156389634
1 0.5251957494407159 0.3464387846291332 0.0026659209545115588 0.009231456657730116
15 0.5331077554064132 0.3469436997319035 0.0020842654735272184 0.010241286863270778
15 0.5462080536912752 0.34718275245755137 0.002184936614466816 0.007144772117962467
1 0.3795115585384042 0.3532171581769437 0.0028709917971662937 0.00938337801608579
15 0.384407158836689 0.3534696157283289 0.0022222222222222222 0.008994638069705093
1 0.3893698732289336 0.3535991957104558 0.002453392990305742 0.008360142984807865
15 0.48955443698732287 0.3535455764075067 0.0067002237136465324 0.0037846291331546027
15 0.41445563012677106 0.3539633601429848 0.0019164802386278895 0.007301161751563897
15 0.4052535421327368 0.35424709562109025 0.0021551081282624907 0.0078686327077748
15 0.4001528709917972 0.35455764075067026 0.002393736017897092 0.00938337801608579
15 0.49011185682326625 0.3596403038427167 0.006323639075316928 0.0034629133154602323
1 0.10875279642058167 0.36011170688114386 0.005723340790454884 0.003512064343163539
1 0.24475018642803875 0.3651653261840929 0.003296047725577927 0.010044682752457552
1 0.17789895600298286 0.365529490616622 0.003076062639821029 0.008092046470062555
15 0.4902815063385533 0.36580205540661304 0.005917225950782997 0.0032752457551385164
1 0.35445190156599554 0.3664946380697051 0.008680089485458613 0.003766756032171582
1 0.3117039522744221 0.3682730116175157 0.0037211036539895603 0.010898123324396783
1 0.572086129753915 0.3685098302055407 0.0024869500372856077 0.009584450402144772
15 0.41946495152870994 0.36876452189454867 0.005969425801640568 0.0020509383378016087
1 0.5968642803877703 0.36867292225201076 0.0013348247576435495 0.008123324396782842
1 0.5771662938105891 0.3687176050044683 0.0022073079791200597 0.009106344950848971
1 0.5680052199850858 0.3690750670241287 0.002527964205816555 0.007140303842716711
1 0.5820115585384041 0.36893878462913315 0.002203579418344519 0.007761394101876676
1 0.593010812826249 0.3690571939231457 0.0025764354958985832 0.008891867739052725
1 0.60222408650261 0.3695911528150134 0.0038516032811334827 0.008172475424486148
1 0.610989932885906 0.36992850759606793 0.001994780014914243 0.007953529937444147
1 0.5878504847129008 0.3702412868632708 0.003441461595824012 0.008579088471849865
1 0.6071290082028337 0.37027256478999104 0.002475764354958986 0.006854334226988382
15 0.41894481730052197 0.3746291331546023 0.005674869500372856 0.0030563002680965147
1 0.4303318419090231 0.3750022341376229 0.00831469052945563 0.0038025022341376226
1 0.15736577181208053 0.374890527256479 0.006752423564504101 0.003579088471849866
1 0.09061148396718867 0.3760254691689008 0.005980611483967189 0.0022743521000893655
1 0.5441088739746458 0.37722520107238605 0.0032065622669649515 0.008248436103663987
1 0.5437938105891126 0.3788538873994638 0.0025764354958985832 0.008824843610366399
1 0.5489093959731544 0.3788293118856122 0.002367636092468307 0.008775692582663093
1 0.42892058165548097 0.38235701519213583 0.006237882177479493 0.003319928507596068
15 0.41927106636838174 0.3828954423592493 0.004835943325876212 0.0026094727435210007
15 0.5820991797166294 0.38404825737265413 0.003124533929903058 0.008489722966934763
15 0.5765809097688293 0.38436773905272564 0.002527964205816555 0.007341376228775692
1 0.5921979865771813 0.3844481680071492 0.00244220730797912 0.008395889186773905
15 0.5715734526472782 0.38484584450402143 0.0022073079791200597 0.008297587131367292
1 0.5672073079791201 0.38486148346738164 0.003169276659209545 0.0074352100089365505
1 0.5867785234899329 0.38521447721179625 0.0020432513049962716 0.009928507596067917
15 0.6094220730797912 0.3854468275245755 0.001841909023117077 0.009499553172475425
15 0.626193139448173 0.3855183199285076 0.003318419090231171 0.009642537980339589
15 0.6306319910514542 0.3855183199285076 0.001756152125279642 0.009642537980339589
15 0.5997371364653243 0.3859405719392315 0.0026062639821029083 0.009593386952636281
1 0.6149310216256525 0.38602770330652364 0.001674123788217748 0.008873994638069704
1 0.6191853094705444 0.386260053619303 0.0012341536167039522 0.008445040214477211
15 0.4193530947054437 0.3883065236818588 0.005 0.0027077747989276138
1 0.4281692766592095 0.3885835567470956 0.005480984340044743 0.003261840929401251
15 0.44151752423564505 0.38889857015192136 0.006823266219239374 0.003891867739052726
15 0.922434750186428 0.3895732797140304 0.002214765100671141 0.009709562109025916
15 0.9251715137956749 0.38953976764968723 0.003959731543624161 0.007855227882037533
9 0.38637024608501114 0.39123100983020553 0.03523117076808352 0.04787756925826631
1 0.35428970917225955 0.3918208221626452 0.006118568232662192 0.0034807864164432527
15 0.767272557792692 0.3939030384271671 0.005089485458612975 0.004070598748882931
15 0.4196495152870992 0.39416666666666667 0.005592841163310962 0.002810545129579982
1 0.4293307233407904 0.39497542448614836 0.007803877703206562 0.004428060768543342
15 0.9325130499627144 0.39536639857015193 0.007457121551081283 0.003422698838248436
1 0.44176733780760624 0.3951697944593387 0.00732289336316182 0.003029490616621984
1 0.9708146905294556 0.3954781054512958 0.006506338553318418 0.008114387846291331
1 0.5359228187919464 0.39899240393208224 0.0032401193139448173 0.007100089365504915
1 0.5495395227442207 0.39905272564789995 0.002136465324384788 0.008114387846291331
15 0.9345190156599553 0.3994302949061662 0.005503355704697986 0.003507596067917784
15 0.5983184190902312 0.3995643431635389 0.002005965697240865 0.007350312779267202
15 0.4187322893363162 0.3998525469168901 0.0037583892617449664 0.0034584450402144772
15 0.5934116331096196 0.39995531724754246 0.0018866517524235645 0.009025915996425379
15 0.5675727069351231 0.3997564789991063 0.0024086502609992544 0.0077345844504021445
15 0.5766126025354213 0.40000223413762287 0.0018456375838926174 0.006438784629133155
1 0.5558053691275168 0.4000134048257373 0.0034824757643549587 0.010035746201966041
15 0.572158836689038 0.40023458445040216 0.0018866517524235645 0.008690795352993745
1 0.5559433258762118 0.4003306523681859 0.0030126771066368383 0.008882931188561215
15 0.6248676360924683 0.4005630026809652 0.0021588366890380314 0.008453976764968722
15 0.7700149142431021 0.400565236818588 0.005354213273676361 0.003990169794459339
15 0.6096625652498135 0.40052278820375337 0.0023228933631618195 0.009267202859696157
15 0.7571327367636093 0.40097184986595175 0.006435495898583147 0.003909740840035746
1 0.44107568978374345 0.40120866845397674 0.0066853094705443695 0.0025960679177837354
1 0.6150708426547352 0.4015527256478999 0.001953765846383296 0.008646112600536193
1 0.620089485458613 0.40187890974084 0.001551081282624907 0.008404825737265415
15 0.6305592841163311 0.4019749776586238 0.0023564504101416853 0.008596961572832885
15 0.9680126771066369 0.4040705987488829 0.003885160328113348 0.0029579982126899016
15 0.3540678598061148 0.4051295799821269 0.007166293810589112 0.003288650580875782
15 0.9339765100671141 0.4064633601429848 0.005909768829231917 0.002381590705987489
15 0.4197520507084266 0.4069660411081322 0.00505219985085757 0.002493297587131367
1 0.4291051454138702 0.40672028596961574 0.0058612975391498885 0.0037890974084003578
1 0.44173937360178966 0.40670241286863273 0.007266964951528709 0.001966041108132261
1 0.15711782252050707 0.40754915102770334 0.005510812826249068 0.002765862377122431
15 0.7686167039522743 0.40837354781054513 0.0077777777777777776 0.0026273458445040215
15 0.7560570469798658 0.4084562109025916 0.004284116331096197 0.0018990169794459338
1 0.5141368381804623 0.40991510277033066 0.006648023862788963 0.003029490616621984
15 0.35373601789709175 0.41120196604110815 0.007994034302759136 0.003815907059874888
1 0.4419351230425056 0.4119369973190348 0.0076584638329604765 0.0026050044682752456
15 0.41835570469798655 0.41297140303842717 0.005242356450410142 0.0028865058087578195
1 0.4291275167785235 0.41303619302949063 0.007397464578672633 0.0030160857908847183
15 0.9330294556301268 0.4132886505808758 0.0055070842654735275 0.0026273458445040215
15 0.7690622669649515 0.4145017873100983 0.006431767337807606 0.004159964253798034
15 0.7560570469798658 0.41507819481680075 0.004284116331096197 0.0026318141197497766
15 0.490617076808352 0.41509606791778375 0.007334079045488442 0.0035612153708668454
9 0.2986521252796421 0.4165437890974084 0.014157345264727814 0.013605898123324396
15 0.35373601789709175 0.41703976764968725 0.007994034302759136 0.0029803395889186775
1 0.4419183445190156 0.41756702412868635 0.006879194630872483 0.0031411974977658625
15 0.41870246085011187 0.418340035746202 0.005190156599552573 0.003793565683646113
15 0.9338348247576436 0.4196648793565684 0.007117822520507084 0.0037622877569258267
15 0.49029828486204324 0.4220151921358356 0.006696495152870992 0.003994638069705093
1 0.9687266964951529 0.42227211796246644 0.003076062639821029 0.003614834673815907
1 0.4289504101416853 0.42426720285969616 0.004806114839671887 0.0022430741733690794
15 0.41868754660700974 0.4246559428060768 0.005160328113348248 0.0030205540661304734
1 0.44209358687546607 0.4243856121537087 0.005738255033557047 0.002479892761394102
1 0.35203952274422073 0.4264924039320822 0.0023639075316927664 0.008480786416443254
15 0.9324198359433259 0.42689678284182303 0.0050335570469798654 0.003927613941018766
15 0.36717002237136465 0.4269325290437891 0.002796420581655481 0.008467381590705987
15 0.3822986577181208 0.4275424486148347 0.0017337807606263983 0.007899910634495085
15 0.3772632363907532 0.4277546916890081 0.0028486204325130497 0.007430741733690795
15 0.3724832214765101 0.4276764968722073 0.0022371364653243847 0.008168007149240394
1 0.490137956748695 0.4276251117068811 0.006375838926174497 0.0027033065236818587
1 0.38717561521252797 0.42751340482573724 0.0025391498881431767 0.008735478105451297
1 0.3603094705443699 0.4299218051831993 0.003989560029828486 0.014445933869526362
1 0.4182568978374348 0.4312734584450402 0.0042990305741983596 0.0019571045576407507
1 0.4280574198359433 0.4317426273458445 0.004511558538404176 0.0028954423592493297
15 0.9758743475018643 0.43297587131367293 0.003948545861297539 0.009830205540661306
1 0.4447986577181208 0.433576854334227 0.0021998508575689787 0.0065638963360142985
1 0.33307606263982104 0.043827077747989274 0.005451155853840418 0.0036505808757819483
1 0.21982102908277404 0.441387399463807 0.004891871737509321 0.010567470956210903
1 0.348230797912006 0.04433646112600536 0.00593214019388516 0.0037756925826630916
15 0.37738814317673375 0.44260053619302947 0.003098434004474273 0.010312779267202858
15 0.3675 0.4428261840929401 0.002710663683818046 0.008976764968722073
15 0.3818176733780761 0.4427390527256479 0.0022632363907531695 0.007908847184986596
1 0.17747203579418344 0.4428574620196604 0.003713646532438479 0.009932975871313672
15 0.3721793437733035 0.4429311885612154 0.0023750932140193886 0.010080428954423591
15 0.38689970171513793 0.44299374441465594 0.00273303504847129 0.009311885612153709
1 0.5147706935123042 0.4443565683646113 0.009407158836689038 0.005781948168007149
1 0.8551323639075318 0.4448525469168901 0.007058165548098434 0.003199285075960679
1 0.44481357196122295 0.44553172475424485 0.0022296793437733037 0.007238605898123324
1 0.8161241610738255 0.44533958891867736 0.008087248322147652 0.004173369079535299