4 0.26789386401326704 0.5350213333333333 0.250547263681592 0.04604266666666666
1 0.5124792703150912 0.5449226666666667 0.006716417910447761 0.017845333333333335
15 0.7199419568822554 0.5519786666666667 0.0057213930348258705 0.015957333333333334
15 0.7105273631840795 0.5519333333333334 0.006129353233830846 0.019066666666666666
15 0.7279601990049752 0.5522 0.005174129353233831 0.0164
15 0.7359651741293533 0.5526213333333333 0.007253731343283582 0.016176
15 0.7435555555555556 0.5532666666666667 0.008504145936981757 0.0164
1 0.5619734660033168 0.5559626666666667 0.012835820895522388 0.010058666666666667
15 0.060849087893864014 0.5608106666666667 0.005611940298507463 0.017621333333333333
1 0.045779436152570484 0.5612533333333333 0.0053233830845771145 0.018506666666666668
15 0.05341127694859038 0.56212 0.0053300165837479275 0.019173333333333334
15 0.1894278606965174 0.5665733333333334 0.014676616915422885 0.011013333333333333
15 0.2050497512437811 0.5672400000000001 0.012752902155887232 0.012346666666666666
1 0.6533963515754561 0.5697813333333333 0.011933665008291874 0.007829333333333334
15 0.9381227197346601 0.574232 0.006262023217247097 0.016730666666666668
1 0.9457545605306799 0.5751813333333333 0.00626865671641791 0.018629333333333335
15 0.6185572139303482 0.5759813333333333 0.011907131011608623 0.008496
15 0.6330729684908789 0.5764026666666667 0.011087893864013267 0.008272
1 0.10965174129353235 0.058397333333333336 0.013665008291873965 0.010128
1 0.12198341625207296 0.05862133333333333 0.01312106135986733 0.010575999999999999
1 0.7448275290215589 0.5912533333333333 0.005741293532338308 0.01770666666666667
1 0.7864394693200663 0.5970080000000001 0.0060464344941956885 0.017482666666666667
4 0.2971127694859038 0.6038 0.40915091210613597 0.047066666666666666
15 0.9375970149253732 0.6048453333333333 0.006537313432835821 0.017157333333333333
1 0.698514096185738 0.6052266666666667 0.0059834162520729685 0.017920000000000002
1 0.9461409618573797 0.6055733333333334 0.005714759535655058 0.018613333333333332
1 0.6815107794361526 0.611472 0.011777777777777778 0.010144
1 0.06794029850746269 0.062648 0.005200663349917081 0.018629333333333335
15 0.5548109452736318 0.6251813333333333 0.006470978441127696 0.013029333333333334
15 0.698485903814262 0.6283973333333333 0.0046003316749585405 0.019461333333333334
15 0.7146616915422885 0.6303333333333333 0.010417910447761193 0.009466666666666667
15 0.9438059701492537 0.6346586666666666 0.01165837479270315 0.009583999999999999
1 0.07508789386401327 0.06391466666666668 0.007555555555555556 0.017962666666666665
1 0.5198507462686567 0.644008 0.012172470978441128 0.008015999999999999
1 0.9435290215588722 0.6462266666666666 0.011104477611940297 0.009253333333333334
15 0.16482587064676615 0.6484293333333334 0.014560530679933665 0.008325333333333334
15 0.2937363184079602 0.06547733333333333 0.005051409618573798 0.016821333333333334
15 0.7057777777777778 0.651616 0.006580431177446102 0.017898666666666667
15 0.5523366500829188 0.6519946666666667 0.005502487562189054 0.015456000000000001
15 0.712726368159204 0.6523466666666667 0.006547263681592039 0.017226666666666664
15 0.8553001658374793 0.6524933333333333 0.012424543946932006 0.00792
15 0.5665621890547263 0.652728 0.0067562189054726374 0.014789333333333333
1 0.7272421227197348 0.652568 0.0057280265339966835 0.017669333333333336
15 0.720771144278607 0.6532800000000001 0.00406301824212272 0.015893333333333332
15 0.5592205638474295 0.6540613333333334 0.004676616915422886 0.012122666666666667
1 0.08285737976782753 0.065736 0.00452072968490879 0.018405333333333333
1 0.9435157545605306 0.6582906666666667 0.010414593698175788 0.009914666666666667
1 0.13306799336650083 0.6606693333333334 0.006102819237147595 0.017872
15 0.3770514096185738 0.6616266666666667 0.010487562189054727 0.006986666666666666
15 0.35682918739635155 0.6642426666666666 0.013160862354892205 0.009018666666666666
1 0.285592039800995 0.067032 0.00600995024875622 0.019930666666666666
1 0.8557412935323383 0.6678 0.0113167495854063 0.0108
1 0.24187064676616915 0.6686906666666667 0.011436152570480928 0.008314666666666666
15 0.2561111111111111 0.6693573333333334 0.013383084577114429 0.009648
15 0.9442338308457711 0.6693546666666667 0.009860696517412936 0.008575999999999999
1 0.37391873963515754 0.06752 0.006212271973466003 0.01770666666666667
15 0.7055505804311775 0.674784 0.006126036484245439 0.019434666666666666
15 0.7203432835820895 0.674784 0.005860696517412936 0.019434666666666666
15 0.7134444444444444 0.6756960000000001 0.005993366500829187 0.016992
15 0.7278225538971809 0.675672 0.00821558872305141 0.015877333333333334
1 0.30522388059701494 0.067944 0.005472636815920398 0.017488
9 0.6242520729684908 0.6788 0.09361194029850746 0.15013333333333334
15 0.9442072968490879 0.6817733333333333 0.011797678275290215 0.011013333333333333
1 0.24103482587064678 0.06812 0.00445771144278607 0.015706666666666667
1 0.679547263681592 0.687448 0.006524046434494196 0.018096
1 0.34831674958540626 0.068808 0.0067495854063018244 0.018149333333333333
1 0.21504477611940298 0.06907466666666666 0.005545605306799336 0.020816
15 0.6867213930348259 0.6885813333333333 0.006941956882255389 0.016096
1 0.8553416252072968 0.691592 0.014497512437810946 0.011450666666666666
15 0.943792703150912 0.6924800000000001 0.01096849087893864 0.007893333333333334
1 0.12129187396351575 0.06968266666666667 0.011737976782752903 0.009231999999999999
1 0.10969320066334992 0.06966133333333334 0.0124212271973466 0.013456000000000001
15 0.5496815920398009 0.696248 0.005499170812603648 0.015429333333333333
15 0.541787728026534 0.6971146666666667 0.005631840796019901 0.016096
1 0.7039071310116087 0.6974906666666667 0.010135986733001657 0.008314666666666666
15 0.5348756218905473 0.697536 0.005074626865671642 0.015872
15 0.5588341625207297 0.6986906666666667 0.005230514096185738 0.014981333333333333
9 0.06501492537313432 0.6989786666666666 0.04711111111111111 0.23315733333333336
4 0.2976567164179104 0.7014986666666666 0.40625870646766166 0.05153066666666667
9 0.8849187396351577 0.7028346666666667 0.027217247097844115 0.023269333333333336
4 0.5511525704809287 0.07056000000000001 0.3407794361525705 0.04405333333333333
9 0.8096849087893864 0.7055226666666666 0.03131011608623549 0.029712
1 0.9439585406301824 0.706032 0.012626865671641792 0.008330666666666667
1 0.7443383084577114 0.07174666666666667 0.011396351575456053 0.01016
1 0.7789469320066336 0.7176906666666667 0.009635157545605308 0.009248
15 0.9443316749585405 0.717784 0.011383084577114427 0.009434666666666668
15 0.5440265339966832 0.7215733333333334 0.004802653399668325 0.01808
15 0.566257048092869 0.7213066666666667 0.004819237147595357 0.015413333333333333
15 0.5508009950248756 0.7228613333333334 0.005084577114427861 0.013189333333333334
15 0.5578242122719734 0.723128 0.007854063018242123 0.015856
15 0.09841127694859038 0.7288453333333333 0.013074626865671643 0.011290666666666668
15 0.7437213930348259 0.7292426666666666 0.006845771144278607 0.016352
15 0.7529701492537313 0.729488 0.004779436152570481 0.017909333333333333
1 0.9361873963515754 0.7342426666666666 0.005708126036484245 0.016752
15 0.9662155887230514 0.737776 0.010706467661691543 0.012085333333333333
1 0.20133665008291873 0.7398026666666667 0.011960199004975126 0.007605333333333333
1 0.4747379767827529 0.740192 0.010835820895522388 0.010517333333333333
15 0.09881260364842455 0.7419520000000001 0.009897180762852405 0.010837333333333334
15 0.5593582089552238 0.7448773333333333 0.004951907131011609 0.015621333333333333
15 0.5660082918739635 0.746256 0.005648424543946933 0.015178666666666667
1 0.7944593698175788 0.7474373333333333 0.012135986733001659 0.009008
1 0.20122553897180764 0.7526639999999999 0.009747927031509122 0.010927999999999998
15 0.7526799336650083 0.7567893333333333 0.00685240464344942 0.018112
15 0.7435837479270315 0.7577226666666667 0.006570480928689884 0.016778666666666667
15 0.6155008291873963 0.7695813333333333 0.0051310116086235496 0.019162666666666668
1 0.532 0.7695146666666666 0.010600331674958541 0.010496
1 0.946709784411277 0.7775653333333333 0.010832504145936981 0.007397333333333333
9 0.19616749585406304 0.07777866666666668 0.014225538971807629 0.035024
9 0.16201990049751244 0.07846666666666667 0.015582089552238805 0.03746666666666667
4 0.3000547263681592 0.7904506666666666 0.40641127694859036 0.042768
1 0.7460597014925373 0.7952026666666667 0.014175787728026535 0.008538666666666668
1 0.7220182421227198 0.7960906666666667 0.013190713101160864 0.010314666666666666
1 0.9498756218905473 0.7966693333333333 0.01318407960199005 0.008272
15 0.6620912106135987 0.8026826666666667 0.008759535655058043 0.016031999999999998
15 0.6807280265339967 0.802616 0.008222222222222223 0.012698666666666665
15 0.6712155887230514 0.8041706666666666 0.007107794361525705 0.015808
1 0.12279933665008293 0.08105866666666667 0.010772802653399667 0.012784
1 0.10940298507462687 0.08121333333333333 0.011177446102819238 0.009893333333333334
15 0.520665008291874 0.818832 0.01114759535655058 0.013130666666666667
1 0.9494742951907131 0.8217973333333333 0.013044776119402985 0.006261333333333333
15 0.7464593698175788 0.8261466666666667 0.01099502487562189 0.009626666666666667
15 0.07225373134328358 0.8334773333333333 0.005867330016583749 0.017888
1 0.717966832504146 0.8350106666666667 0.00973134328358209 0.010288
15 0.7314046434494196 0.835856 0.011399668325041459 0.009845333333333334
15 0.746334991708126 0.8374773333333333 0.011409618573797678 0.010954666666666666
1 0.5059817578772803 0.8399813333333332 0.01030514096185738 0.009562666666666667
1 0.17071475953565507 0.841232 0.011744610281923714 0.010997333333333335
15 0.2283648424543947 0.8423413333333334 0.007641791044776119 0.018549333333333334
1 0.13971973466003318 0.8426106666666666 0.011446102819237147 0.010554666666666667
15 0.18214759535655056 0.84232 0.006086235489220564 0.01744
1 0.9504892205638474 0.8457653333333333 0.01043117744610282 0.008330666666666667
15 0.2513134328358209 0.851272 0.007104477611940299 0.01721066666666667
1 0.2431558872305141 0.8512266666666667 0.0073731343283582095 0.02032
1 0.6299170812603648 0.8554506666666667 0.010082918739635157 0.008501333333333333
15 0.07297346600331675 0.8570479999999999 0.005316749585406302 0.018096
1 0.6817446102819237 0.857448 0.006938640132669984 0.017829333333333332
1 0.9495223880597015 0.8711573333333333 0.011814262023217247 0.008981333333333332
9 0.7092835820895521 0.8742639999999999 0.03813598673300166 0.04826133333333333
9 0.7524842454394692 0.876384 0.03962852404643449 0.05570133333333333
9 0.657771144278607 0.8773066666666667 0.039257048092868986 0.05328
1 0.8792918739635158 0.8804186666666667 0.007339966832504145 0.018970666666666667
15 0.8870331674958541 0.8809093333333333 0.0062388059701492535 0.016752
1 0.9069402985074627 0.880888 0.0062520729684908795 0.015642666666666666
4 0.3003648424543947 0.8850346666666667 0.4050414593698176 0.058069333333333334
1 0.9501028192371476 0.8957733333333333 0.010985074626865671 0.00808
1 0.7830995024875622 0.8962373333333333 0.011970149253731344 0.010074666666666668
1 0.9502139303482587 0.9089013333333333 0.013197346600331675 0.008735999999999999
1 0.3327827529021559 0.9186639999999999 0.012829187396351575 0.010128
15 0.7588905472636815 0.923784 0.006006633499170812 0.017168
1 0.7670746268656716 0.9251173333333333 0.007117744610281924 0.019834666666666667
1 0.10951243781094527 0.09349866666666667 0.010069651741293532 0.010997333333333335
15 0.4489237147595357 0.9304826666666667 0.0069684908789386405 0.014565333333333333
1 0.4912537313432836 0.9310666666666667 0.01136318407960199 0.011466666666666667
15 0.4345456053067993 0.931616 0.004746268656716418 0.017898666666666667
15 0.42681923714759534 0.931592 0.006540630182421227 0.016784
15 0.46410447761194035 0.9318373333333333 0.0061525704809286905 0.018341333333333334
15 0.4200033167495854 0.931816 0.007502487562189055 0.017232
15 0.40538971807628527 0.931792 0.0067993366500829185 0.016117333333333334
15 0.44228855721393034 0.9320373333333333 0.006965174129353234 0.01767466666666667
1 0.36073631840796017 0.9322586666666666 0.007044776119402985 0.018117333333333333
1 0.37523880597014925 0.9319919999999999 0.0055356550580431185 0.015450666666666666
1 0.17927197346600332 0.932336 0.004978441127694859 0.018272
15 0.3826898839137645 0.9322373333333333 0.0065074626865671645 0.017008
1 0.3898922056384743 0.9322373333333333 0.004991708126036484 0.017008
1 0.3329485903814262 0.9322159999999999 0.011170812603648425 0.010565333333333333
15 0.353407960199005 0.9322159999999999 0.005655058043117745 0.015898666666666665
15 0.36774461028192373 0.9327253333333333 0.005804311774461028 0.020117333333333334
1 0.24571310116086237 0.9324586666666667 0.005854063018242122 0.017450666666666666
15 0.2604228855721393 0.932536 0.004759535655058043 0.017605333333333334
15 0.20927197346600332 0.9327813333333332 0.005276948590381426 0.019162666666666668
15 0.30397180762852405 0.9327813333333332 0.0056218905472636815 0.019162666666666668
1 0.2890961857379768 0.9329253333333333 0.00505804311774461 0.014117333333333332
15 0.23790215588723052 0.933248 0.00681592039800995 0.015829333333333334
1 0.296077943615257 0.9329813333333333 0.005754560530679934 0.018496
15 0.15475787728026535 0.9328746666666667 0.005038142620232173 0.017216000000000002
1 0.41212271973466 0.93288 0.005008291873963516 0.017226666666666664
15 0.4572338308457711 0.93288 0.00766832504145937 0.017226666666666664
1 0.1333598673300166 0.9332026666666667 0.0053598673300165834 0.018938666666666666
15 0.18661359867330016 0.9334693333333334 0.007058043117744611 0.016272000000000002
1 0.12223217247097844 0.093208 0.012291873963515755 0.012549333333333334
4 0.30007462686567166 0.09362666666666668 0.1543781094527363 0.024053333333333333
15 0.2823913764510779 0.9334026666666667 0.004915422885572139 0.018272
15 0.21629519071310116 0.9339146666666667 0.004729684908789386 0.017162666666666666
1 0.2674179104477612 0.9338133333333334 0.0061459369817578775 0.015893333333333332
1 0.39806301824212276 0.93428 0.005412935323383085 0.01789333333333333
15 0.27408291873963514 0.9340906666666667 0.004218905472636816 0.015381333333333334
1 0.25301326699834165 0.9339919999999999 0.005860696517412936 0.019450666666666665
15 0.1488441127694859 0.9340693333333334 0.006477611940298508 0.019605333333333332
15 0.23040961857379766 0.934336 0.007087893864013268 0.016938666666666668
15 0.22283416252072968 0.9343146666666666 0.006530679933665008 0.015829333333333334
1 0.14096019900497514 0.9344746666666667 0.005303482587064676 0.017216000000000002
15 0.10792205638474295 0.9370240000000001 0.007552238805970149 0.018048
15 0.6933996683250414 0.942128 0.012338308457711444 0.010122666666666667
15 0.6665804311774461 0.9443493333333334 0.011767827529021557 0.009231999999999999
9 0.8383946932006634 0.9463306666666667 0.1252139303482587 0.08786133333333333
1 0.7059519071310116 0.9583893333333333 0.006265339966832505 0.018112
1 0.1092653399668325 0.009968 0.014218905472636816 0.009269333333333333
1 0.12127860696517412 0.009968 0.011048092868988392 0.009269333333333333
15 0.6667180762852405 0.9654773333333333 0.012043117744610282 0.009888
1 0.8152321724709785 0.10169333333333334 0.012553897180762852 0.009253333333333334
1 0.1223698175787728 0.10482933333333334 0.012567164179104478 0.012325333333333332
1 0.11009286898839138 0.10593866666666667 0.009240464344941957 0.009210666666666666
1 0.24493532338308457 0.11148533333333333 0.01026865671641791 0.008570666666666667
15 0.20691708126036484 0.11193066666666666 0.010517412935323383 0.009461333333333332
15 0.22057545605306797 0.112152 0.00997346600331675 0.009904
15 0.23373631840796022 0.112152 0.011087893864013267 0.009904
1 0.1226882255389718 0.11655733333333333 0.011877280265339967 0.012314666666666666
1 0.11050746268656716 0.11766933333333333 0.010069651741293532 0.009205333333333334
4 0.552106135986733 0.12195733333333335 0.3413598673300166 0.043381333333333334
1 0.10938805970149254 0.127864 0.01048424543946932 0.012528
1 0.12223217247097844 0.128576 0.012291873963515755 0.010752
1 0.15112437810945273 0.13190666666666667 0.007058043117744611 0.017413333333333333
1 0.10969320066334992 0.13941599999999998 0.0124212271973466 0.014298666666666666
1 0.1229502487562189 0.14126133333333335 0.011737976782752903 0.010522666666666666
4 0.3101243781094527 0.143384 0.13202321724709784 0.024367999999999997
1 0.1108955223880597 0.15212533333333333 0.009519071310116086 0.015184
1 0.1229502487562189 0.1532133333333333 0.011737976782752903 0.010960000000000001
1 0.12266003316749585 0.16432000000000002 0.010494195688225539 0.01184
1 0.11020398009950248 0.165232 0.011452736318407961 0.009397333333333334
4 0.5524129353233831 0.16686133333333333 0.34131011608623546 0.04892266666666667
9 0.19729684908789388 0.16818666666666668 0.0602653399668325 0.08250666666666666
1 0.27908126036484243 0.1685866666666667 0.005592039800995025 0.020373333333333334
15 0.2699568822553897 0.16949866666666666 0.007243781094527363 0.017930666666666664
1 0.3310630182421227 0.17218666666666668 0.006736318407960198 0.01904
9 0.14244941956882257 0.17439466666666667 0.01690547263681592 0.039456000000000005
15 0.25972636815920397 0.17411733333333335 0.006683250414593698 0.01970133333333333
15 0.25101658374792707 0.17485066666666668 0.00584742951907131 0.019034666666666665
1 0.17835986733001657 0.017453333333333335 0.005144278606965174 0.015706666666666667
1 0.12336650082918739 0.17585066666666668 0.012570480928689884 0.012501333333333335
1 0.10940298507462687 0.17656266666666667 0.011177446102819238 0.010725333333333333
4 0.875072968490879 0.18373066666666668 0.18596683250414595 0.029328
1 0.1103698175787728 0.187624 0.00979436152570481 0.009381333333333334
1 0.12278441127694859 0.189024 0.010079601990049751 0.010048
9 0.30361857379767826 0.19069866666666666 0.03808291873963515 0.04539733333333334
1 0.260681592039801 0.191224 0.011247097844112769 0.011248
1 0.24604145936981758 0.191736 0.012480928689883914 0.010138666666666667
9 0.3574212271973466 0.19365600000000002 0.03955223880597015 0.04917866666666666
1 0.10966500829187396 0.19990933333333333 0.011038142620232174 0.010485333333333333
1 0.41540796019900494 0.20859733333333333 0.010252072968490879 0.010794666666666666
15 0.13609784411276948 0.20881333333333332 0.01216252072968491 0.01016
1 0.14796019900497512 0.20948 0.011343283582089553 0.011493333333333335
15 0.12239800995024874 0.20990133333333333 0.010633499170812605 0.011269333333333333
1 0.12197014925373134 0.021965333333333333 0.012431177446102818 0.011930666666666668
15 0.9177396351575456 0.219136 0.011930348258706468 0.013738666666666668
1 0.10965174129353235 0.022586666666666668 0.013665008291873965 0.01104
15 0.13052736318407962 0.22436533333333333 0.012298507462686566 0.009264
4 0.5500398009950248 0.023754666666666667 0.33590049751243783 0.04430933333333333
9 0.6360812603648425 0.2528533333333333 0.038331674958540625 0.043840000000000004
9 0.7248789386401328 0.2535653333333333 0.038812603648424544 0.042064000000000004
9 0.6807512437810945 0.25401066666666666 0.04209950248756219 0.04295466666666667
15 0.13453565505804313 0.2547973333333333 0.007048092868988391 0.022128000000000002
15 0.09170646766169155 0.25482933333333335 0.005635157545605307 0.016858666666666668
15 0.10566832504145936 0.2557626666666667 0.007024875621890547 0.020858666666666668
15 0.11284411276948592 0.25685066666666667 0.007446102819237147 0.021967999999999998
9 0.1609436152570481 0.027616 0.021389718076285237 0.038165333333333336
9 0.19687396351575456 0.027349333333333333 0.019618573797678274 0.040832
15 0.8902404643449419 0.27645333333333333 0.01066334991708126 0.01104
1 0.9034859038142621 0.27738666666666667 0.01261028192371476 0.009706666666666666
15 0.8773698175787727 0.27756533333333333 0.010792703150912106 0.007930666666666666
1 0.9163432835820896 0.27756533333333333 0.011791044776119402 0.007930666666666666
1 0.8641127694859039 0.2777866666666667 0.011475953565505804 0.008373333333333333
1 0.1339950248756219 0.2778133333333333 0.005966832504145937 0.01909333333333333
15 0.5388391376451077 0.2819706666666667 0.011674958540630184 0.009274666666666667
15 0.5519452736318408 0.2826346666666667 0.013343283582089551 0.010602666666666666
4 0.29408291873963516 0.028650666666666665 0.14438474295190712 0.049834666666666666
1 0.5870878938640133 0.2950773333333333 0.011986733001658374 0.008821333333333332
15 0.14202653399668325 0.29629599999999995 0.006109452736318409 0.020858666666666668
1 0.15419237147595355 0.29669599999999996 0.007223880597014926 0.019525333333333332
15 0.6313266998341626 0.2997413333333333 0.010912106135986732 0.007482666666666666
15 0.5711890547263682 0.2999653333333333 0.010039800995024875 0.007930666666666666
15 0.26049253731343286 0.3086933333333333 0.006888888888888889 0.016853333333333335
15 0.3060033167495854 0.3091386666666667 0.006368159203980099 0.017744000000000003
15 0.32804477611940297 0.309792 0.007333333333333333 0.019050666666666667
1 0.1843582089552239 0.310072 0.005864013266998341 0.016410666666666667
15 0.3657728026533997 0.310304 0.005840796019900498 0.017941333333333333
15 0.22859701492537315 0.3102933333333333 0.0047893864013267 0.016853333333333335
15 0.373804311774461 0.310504 0.0059834162520729685 0.017274666666666667
15 0.27488391376451077 0.31051466666666666 0.00648424543946932 0.017296
1 0.3374593698175788 0.31094666666666665 0.006925373134328358 0.01816
15 0.1995655058043118 0.31095999999999996 0.006427860696517413 0.018186666666666667
15 0.2975704809286899 0.31095999999999996 0.006086235489220564 0.012853333333333335
15 0.3196898839137645 0.31093866666666664 0.007207296849087894 0.017077333333333337
15 0.6304560530679933 0.3112933333333333 0.010497512437810944 0.009253333333333334
15 0.26824709784411277 0.31118133333333337 0.006477611940298508 0.018629333333333335
1 0.19139469320066332 0.31142666666666663 0.006006633499170812 0.02018666666666667
15 0.3126252072968491 0.31116 0.005681592039800995 0.01752
15 0.2140398009950249 0.31140266666666666 0.00685240464344942 0.019072
15 0.2361608623548922 0.31138133333333334 0.007976782752902156 0.017962666666666665
15 0.2068507462686567 0.3115813333333334 0.005741293532338308 0.017296
15 0.2830547263681592 0.3115813333333334 0.0069054726368159205 0.017296
9 0.5476981757877281 0.31207466666666667 0.02740298507462687 0.026816
15 0.22151907131011608 0.3123146666666667 0.0058905472636815925 0.016629333333333333
15 0.29035323383084577 0.312248 0.006908789386401326 0.018629333333333335
15 0.5710497512437811 0.31285066666666667 0.009761194029850746 0.0070346666666666665
15 0.5868109452736318 0.313072 0.011432835820895522 0.007477333333333333
9 0.6095771144278607 0.31305866666666665 0.023797678275290217 0.03091733333333333
9 0.6586169154228856 0.3172773333333333 0.03696849087893864 0.050021333333333334
9 0.6594593698175788 0.319568 0.036000000000000004 0.04180266666666666
15 0.6300414593698176 0.32300266666666666 0.009668325041459369 0.008138666666666667
15 0.41833499170812605 0.3234106666666667 0.006155887230514096 0.017488
15 0.42714096185737976 0.32312 0.005194029850746269 0.01904
15 0.4094726368159204 0.323632 0.00766832504145937 0.017930666666666664
15 0.45068490878938644 0.32449866666666666 0.007837479270315091 0.01859733333333333
15 0.44303980099502493 0.32469866666666664 0.007140961857379768 0.017930666666666664
15 0.5855671641791045 0.326112 0.012262023217247097 0.009024
15 0.09461028192371476 0.3312506666666667 0.011442786069651741 0.009701333333333334
15 0.6311890547263682 0.33544266666666667 0.01063681592039801 0.006352
1 0.11024543946932006 0.033917333333333334 0.010208955223880597 0.012368
15 0.905988391376451 0.33762133333333333 0.011645107794361526 0.007509333333333333
4 0.26669154228855724 0.34059733333333336 0.25145936981757877 0.04226133333333333
1 0.12112603648424544 0.034405333333333336 0.013396351575456053 0.010144
1 0.0962686567164179 0.3490666666666667 0.011442786069651741 0.010133333333333333
15 0.47324378109452736 0.3569573333333333 0.005857379767827529 0.01951466666666667
1 0.48361359867330017 0.356912 0.006696517412935324 0.017290666666666666
1 0.6741194029850747 0.35718133333333335 0.01291542288557214 0.009296
15 0.6869635157545606 0.36069066666666666 0.011406301824212272 0.008848
15 0.6560082918739635 0.3611786666666667 0.0065439469320066335 0.017290666666666666
1 0.6633084577114428 0.36204533333333333 0.0065505804311774465 0.017957333333333336
1 0.21711940298507462 0.03753066666666667 0.006378109452736319 0.016394666666666665
15 0.6736915422885572 0.36868799999999996 0.011396351575456053 0.008842666666666665
1 0.7280862354892205 0.3690853333333333 0.011396351575456053 0.007504
15 0.2103217247097844 0.3802933333333333 0.006713101160862355 0.019253333333333334
1 0.7687180762852405 0.38148 0.012394693200663349 0.008826666666666667
1 0.49080265339966833 0.38297333333333333 0.011124378109452736 0.008613333333333332
1 0.5156882255389718 0.38297333333333333 0.011144278606965175 0.008613333333333332
15 0.5314461028192371 0.38561599999999996 0.006175787728026534 0.018165333333333335
1 0.5388839137645107 0.38674933333333333 0.00645771144278607 0.016165333333333334
9 0.4355538971807628 0.388776 0.038603648424543946 0.038352
15 0.36224709784411274 0.392048 0.012056384742951908 0.009696
15 0.37476285240464347 0.39237333333333335 0.011880597014925373 0.008213333333333333
15 0.17755721393034826 0.39335733333333334 0.0042023217247097846 0.016581333333333333
15 0.1700912106135987 0.39382399999999995 0.005854063018242122 0.018581333333333335
1 0.19193532338308456 0.394 0.006424543946932007 0.0168
15 0.15477280265339965 0.39422399999999996 0.00639469320066335 0.017248000000000003
1 0.18491210613598674 0.39444533333333337 0.006971807628524046 0.017690666666666667
1 0.08245605306799336 0.040210666666666665 0.004381426202321725 0.016421333333333333
15 0.16279104477611941 0.3951786666666667 0.00584742951907131 0.017024
1 0.6417694859038142 0.39601333333333333 0.011233830845771144 0.01016
15 0.6687412935323384 0.39668 0.012772802653399667 0.011493333333333335
1 0.713681592039801 0.39929866666666664 0.011111111111111112 0.009264
15 0.9213963515754561 0.40068533333333334 0.01261028192371476 0.008837333333333334
1 0.6550132669983416 0.4028986666666666 0.0065439469320066335 0.01859733333333333
15 0.6411890547263681 0.4082773333333333 0.01206301824212272 0.010154666666666666
15 0.6684660033167495 0.408232 0.012222222222222223 0.007930666666666666
15 0.7341824212271973 0.41102666666666665 0.010985074626865671 0.009253333333333334
15 0.9218109452736319 0.4115706666666667 0.010122719734660033 0.009274666666666667
15 0.09322719734660033 0.41352266666666665 0.011993366500829186 0.011045333333333334
1 0.07677611940298507 0.414368 0.012258706467661692 0.010602666666666666
15 0.8484145936981757 0.4164586666666667 0.0066135986733001665 0.019050666666666667
1 0.8607048092868989 0.4167226666666667 0.007313432835820896 0.021712000000000002
1 0.7737213930348259 0.41655733333333334 0.007144278606965174 0.019248
15 0.8334825870646766 0.41668 0.0066003316749585405 0.01949333333333333
1 0.8257412935323384 0.417192 0.007701492537313432 0.018384
15 0.8399800995024875 0.417392 0.006328358208955223 0.01771733333333333
15 0.8185389718076285 0.4178346666666667 0.00590049751243781 0.018602666666666667
15 0.5817694859038143 0.418072 0.01063681592039801 0.009477333333333332
15 0.595318407960199 0.418072 0.011200663349917083 0.009477333333333332
15 0.7142106135986732 0.423184 0.010179104477611941 0.009034666666666667
15 0.7338789386401326 0.4239573333333333 0.012368159203980099 0.005248
9 0.7965621890547264 0.425616 0.024965174129353233 0.028832
15 0.6074842454394693 0.426272 0.0123150912106136 0.008810666666666666
15 0.408240464344942 0.4267146666666667 0.01051077943615257 0.004362666666666667
9 0.8850414593698176 0.42692800000000003 0.026135986733001656 0.025056
15 0.42639137645107794 0.42800266666666664 0.0056849087893864015 0.015472000000000001
15 0.41889883913764514 0.42844533333333334 0.005956882255389718 0.016357333333333335
15 0.4410464344941957 0.4296026666666667 0.005144278606965174 0.015472000000000001
15 0.44805638474295195 0.4296026666666667 0.007223880597014926 0.015472000000000001
15 0.4338573797678275 0.43029066666666665 0.007349917081260365 0.01791466666666667
15 0.9561575456053069 0.43048 0.00518407960199005 0.017226666666666664
1 0.9478623548922056 0.43116800000000005 0.008494195688225539 0.019669333333333334
15 0.5891111111111111 0.4320693333333333 0.012716417910447763 0.010805333333333333
15 0.7143499170812603 0.43444533333333335 0.01045771144278607 0.007024
15 0.7334643449419569 0.43499733333333335 0.011538971807628523 0.008128
4 0.2673233830845771 0.438784 0.2540497512437811 0.04770133333333333
15 0.76469320066335 0.44017333333333336 0.006998341625207297 0.016346666666666666
15 0.7728507462686567 0.44039466666666666 0.006729684908789386 0.016789333333333333
1 0.11614759535655059 0.441736 0.0067562189054726374 0.019472
9 0.0903698175787728 0.4435866666666667 0.014902155887230513 0.03917333333333334
9 0.06122719734660033 0.44469866666666663 0.017645107794361528 0.041397333333333335
15 0.7147512437810944 0.4464426666666667 0.010597014925373134 0.009685333333333334
15 0.7342935323383084 0.4474613333333333 0.009880597014925373 0.007456
1 0.12156882255389717 0.045936 0.012291873963515755 0.010805333333333333
1 0.40057877280265336 0.45824800000000004 0.010444444444444444 0.008762666666666667
15 0.7145986733001658 0.45799466666666666 0.009628524046434495 0.006122666666666667
1 0.10898839137645108 0.046157333333333335 0.013665008291873965 0.011248
15 0.7348474295190713 0.4603893333333333 0.010988391376451079 0.008778666666666667
15 0.9509800995024875 0.4638213333333333 0.005442786069651742 0.01990933333333333
9 0.5161094527363184 0.464864 0.051787728026533995 0.11586133333333334
1 0.5555174129353234 0.465104 0.011864013266998343 0.009674666666666666
15 0.20686733001658375 0.46913333333333335 0.013071310116086234 0.0092
1 0.22123051409618574 0.4693573333333333 0.01128358208955224 0.009648
1 0.7143217247097844 0.4720346666666667 0.012391376451077943 0.009669333333333334
15 0.7339071310116086 0.472832 0.010434494195688225 0.006997333333333333
1 0.08366003316749586 0.477016 0.011432835820895522 0.007898666666666667
15 0.05826533996683251 0.47834666666666664 0.012384742951907132 0.01056
1 0.14356218905472637 0.4819946666666667 0.006527363184079602 0.017855999999999997
15 0.7343067993366501 0.48387199999999997 0.010570480928689884 0.009877333333333333
15 0.7143499170812603 0.4842746666666667 0.01045771144278607 0.008549333333333334
1 0.8148341625207297 0.48510400000000004 0.006451077943615257 0.01767466666666667
1 0.8643117744610282 0.48510400000000004 0.005240464344941957 0.01767466666666667
15 0.8563084577114428 0.485992 0.006480928689883913 0.019450666666666665
1 0.7735555555555556 0.48726933333333333 0.005485903814262023 0.019871999999999997
1 0.4732587064676617 0.487096 0.01318407960199005 0.010992
1 0.18489718076285241 0.4875706666666667 0.006278606965174129 0.019408
1 0.1673266998341625 0.48819466666666667 0.006958540630182421 0.018522666666666666
1 0.19265339966832504 0.48819466666666667 0.005870646766169154 0.018522666666666666
15 0.2079850746268657 0.48846133333333336 0.006019900497512437 0.015856
15 0.10316749585406303 0.4897226666666667 0.01131011608623549 0.008778666666666667
1 0.19995356550580431 0.48954933333333334 0.0058772802653399665 0.016965333333333332
15 0.08341127694859038 0.490344 0.012262023217247097 0.007888
1 0.06502487562189055 0.4905893333333333 0.01197346600331675 0.009445333333333333
15 0.2397960199004975 0.49219466666666667 0.010603648424543947 0.010522666666666666
15 0.7341558872305141 0.49502399999999996 0.00960530679933665 0.007648
15 0.7143217247097844 0.49560533333333334 0.012391376451077943 0.009877333333333333
9 0.8839353233830846 0.49561866666666665 0.027240464344941956 0.025904
9 0.8355771144278606 0.49557333333333337 0.024719734660033167 0.02368
15 0.22666334991708126 0.4960373333333334 0.010872305140961857 0.010741333333333334
9 0.7936600331674959 0.49826133333333333 0.02911111111111111 0.024789333333333333
15 0.08367495854063019 0.502384 0.01212603648424544 0.007434666666666667
15 0.5517412935323384 0.5071546666666666 0.005638474295190713 0.016975999999999998
1 0.5666716417910448 0.5071333333333333 0.005648424543946933 0.015866666666666668
15 0.7345704809286899 0.5072186666666666 0.010434494195688225 0.009637333333333333
1 0.5596633499170812 0.5075786666666667 0.006888888888888889 0.016757333333333336
1 0.13168656716417912 0.51112 0.006656716417910448 0.018506666666666668
1 0.08395190713101161 0.513936 0.01267993366500829 0.009205333333333334
15 0.715077943615257 0.5191013333333334 0.011250414593698176 0.008869333333333333
1 0.46951243781094526 0.519352 0.011661691542288556 0.008304
15 0.5943648424543947 0.5195973333333334 0.01327363184079602 0.009861333333333333
15 0.9515605306799336 0.5204266666666666 0.007930348258706468 0.01898666666666667
9 0.062071310116086235 0.5219413333333334 0.016679933665008292 0.038016
9 0.10351741293532339 0.5221626666666667 0.018643449419568824 0.03845866666666667
1 0.41794693200663346 0.5255733333333333 0.011349917081260364 0.010079999999999999
15 0.8493548922056384 0.5297786666666667 0.007167495854063018 0.017424000000000002
15 0.7336301824212272 0.5306293333333333 0.013197346600331675 0.009525333333333334
15 0.7148009950248756 0.530608 0.010696517412935324 0.008416
15 0.7950646766169154 0.5311573333333333 0.006713101160862355 0.016981333333333334
1 0.8116533996683251 0.5311573333333333 0.006723051409618573 0.016981333333333334
15 0.8263084577114428 0.531088 0.0061824212271973464 0.018976
15 0.8409203980099502 0.5313573333333333 0.006882255389718077 0.01631466666666667
15 0.8671873963515755 0.5313573333333333 0.006348258706467662 0.01631466666666667
15 0.7878756218905473 0.5313333333333333 0.005601990049751244 0.020533333333333334
15 0.8338839137645108 0.5318 0.006739635157545606 0.0172
15 0.8188009950248756 0.5320213333333333 0.005761194029850747 0.017642666666666664
15 0.8598739635157545 0.5320213333333333 0.005651741293532338 0.017642666666666664
15 0.8027910447761194 0.5326906666666666 0.004918739635157546 0.013648