17 0.7294880952380952 0.09353624535315985 0.010166666666666666 0.027221189591078065
1 0.23149404761904763 0.09579460966542751 0.01417857142857143 0.024302973977695166
15 0.7157559523809524 0.10143587360594795 0.020797619047619047 0.022574349442379182
9 0.3648541666666667 0.10223048327137546 0.021374999999999998 0.03903345724907063
15 0.3449196428571429 0.10687732342007435 0.016029761904761904 0.013011152416356878
1 0.8539107142857143 0.11510687732342008 0.011392857142857144 0.023894052044609666
15 0.6816636904761905 0.12307620817843867 0.00975595238095238 0.0212453531598513
15 0.6535833333333333 0.12287639405204462 0.013119047619047619 0.015269516728624534
1 0.6309285714285715 0.12845260223048327 0.011857142857142858 0.024563197026022304
9 0.8264464285714286 0.1299767657992565 0.044559523809523806 0.05177509293680298
1 0.8641160714285714 0.13230018587360595 0.00799404761904762 0.11218401486988847
1 0.6441904761904762 0.1437221189591078 0.01695238095238095 0.017927509293680297
9 0.7752738095238095 0.1461756505576208 0.05054761904761905 0.11019516728624534
15 0.09651488095238096 0.14690055762081783 0.00850595238095238 0.016849442379182154
15 0.6287172619047618 0.1487639405204461 0.01100595238095238 0.011282527881040894
9 0.16480654761904762 0.1496282527881041 0.012946428571428572 0.027881040892193308
15 0.8529761904761904 0.14989312267657992 0.013095238095238096 0.026552044609665426
22 0.5883779761904762 0.16098048327137546 0.06961309523809524 0.15467472118959108
1 0.6293124999999999 0.17060408921933085 0.01100595238095238 0.034516728624535316
1 0.5505625000000001 0.17263011152416358 0.010648809523809524 0.006970260223048327
9 0.2372142857142857 0.1732899628252788 0.019666666666666666 0.034312267657992564
1 0.17455059523809524 0.17826672862453533 0.0062440476190476196 0.023819702602230482
1 0.5313541666666667 0.17867100371747213 0.016279761904761905 0.04321561338289963
1 0.9178869047619047 0.17810873605947955 0.014345238095238097 0.017927509293680297
1 0.163875 0.1783224907063197 0.011083333333333334 0.022072490706319704
15 0.6614494047619047 0.1842146840148699 0.010994047619047619 0.024563197026022304
1 0.49802678571428566 0.1854089219330855 0.015101190476190476 0.03066914498141264
1 0.6407470238095238 0.18613847583643123 0.008875000000000001 0.026552044609665426
1 0.8420089285714286 0.18759758364312268 0.017351190476190475 0.05177509293680298
15 0.8813303571428571 0.18786710037174723 0.0067083333333333335 0.013280669144981412
1 0.8969732142857143 0.18813197026022305 0.011803571428571427 0.01195167286245353
1 0.5504136904761905 0.19005576208178437 0.006779761904761905 0.010223048327137546
1 0.5142440476190476 0.19121747211895912 0.011821428571428571 0.014405204460966542
1 0.7572410714285714 0.20027881040892193 0.05733928571428571 0.013940520446096654
1 0.11719642857142856 0.20150092936802974 0.012964285714285715 0.014526022304832714
1 0.23350892857142858 0.20507899628252788 0.012255952380952381 0.016105947955390332
1 0.5004077380952381 0.20724907063197026 0.009148809523809523 0.016728624535315983
1 0.6404077380952381 0.2087081784386617 0.004625 0.015929368029739776
1 0.6532440476190476 0.20983736059479555 0.01482142857142857 0.021905204460966544
15 0.871764880952381 0.21203066914498142 0.011386904761904761 0.022574349442379182
1 0.5212380952380952 0.2121282527881041 0.009142857142857142 0.03020446096654275
15 0.9184404761904762 0.21335501858736058 0.013071428571428572 0.05310408921933085
1 0.5517529761904763 0.21398698884758363 0.014220238095238095 0.020910780669144983
15 0.20355059523809527 0.21530204460966543 0.047577380952380954 0.023540892193308547
15 0.09283333333333334 0.21886617100371747 0.005904761904761905 0.013940520446096654
15 0.4428452380952381 0.22188661710037175 0.00830952380952381 0.019981412639405203
1 0.5344791666666666 0.2232806691449814 0.013005952380952382 0.05065055762081784
15 0.06288988095238095 0.22455855018587362 0.005541666666666667 0.01974907063197026
17 0.6779851190476192 0.22484200743494426 0.01906547619047619 0.016598513011152415
1 0.032910714285714286 0.2271747211895911 0.0062976190476190476 0.015687732342007436
15 0.5013005952380952 0.22769516728624536 0.00974404761904762 0.01858736059479554
1 0.4535565476190476 0.23025092936802974 0.01306547619047619 0.032992565055762084
1 0.8891934523809524 0.23034851301115242 0.02838690476190476 0.014600371747211897
1 0.465889880952381 0.23071561338289961 0.013922619047619048 0.02648698884758364
1 0.15019047619047618 0.23141263940520446 0.017047619047619048 0.048327137546468404
15 0.09283333333333334 0.2317053903345725 0.005904761904761905 0.00987918215613383
1 0.550264880952381 0.24024163568773235 0.013625 0.03810408921933085
15 0.6665089285714285 0.2433596654275093 0.008017857142857143 0.014600371747211897
15 0.03387797619047619 0.24384293680297398 0.0070416666666666666 0.01742565055762082
17 0.6946488095238095 0.24475371747211896 0.013107142857142857 0.01924721189591078
1 0.9189077380952382 0.24588289962825277 0.015196428571428573 0.015929368029739776
1 0.0899702380952381 0.24866171003717472 0.014464285714285714 0.021486988847583644
15 0.8361398809523809 0.24947026022304833 0.025851190476190476 0.05842007434944238
15 0.9189077380952382 0.2641403345724907 0.015196428571428573 0.024563197026022304
15 0.7666696428571429 0.2679879182156134 0.03095833333333333 0.02854089219330855
15 0.09286904761904763 0.268703531598513 0.0047857142857142855 0.015102230483271376
1 0.5505625000000001 0.27067843866171004 0.007077380952380953 0.009758364312267658
1 0.2589136904761905 0.2747351301115242 0.005922619047619047 0.01787174721189591
15 0.27320535714285715 0.2760223048327137 0.016648809523809524 0.016728624535315983
15 0.44552380952380954 0.27648698884758366 0.010095238095238096 0.010223048327137546
1 0.4578988095238095 0.2767193308550186 0.011035714285714286 0.01254646840148699
1 0.32914880952380954 0.27764869888475835 0.007107142857142857 0.01812267657992565
15 0.0745327380952381 0.2778252788104089 0.007398809523809524 0.020334572490706318
15 0.4687321428571429 0.2781133828996282 0.007702380952380952 0.011617100371747211
15 0.03852678571428571 0.2788708178438662 0.004434523809523809 0.016849442379182154
15 0.34283630952380956 0.28066914498141265 0.016625 0.016728624535315983
15 0.549967261904762 0.2829925650557621 0.008267857142857143 0.017657992565055763
1 0.4464136904761905 0.28601301115241634 0.01306547619047619 0.008828996282527882
1 0.9151250000000001 0.28943308550185876 0.008821428571428572 0.0212453531598513
15 0.4580208333333333 0.291589219330855 0.007708333333333333 0.01812267657992565
1 0.5504136904761905 0.30111524163568776 0.007970238095238096 0.01858736059479554
1 0.5623184523809525 0.30529739776951675 0.009160714285714286 0.008364312267657992
1 0.0956607142857143 0.3083782527881041 0.022273809523809526 0.023819702602230482
15 0.4458214285714286 0.3097118959107807 0.011880952380952381 0.03949814126394052
15 0.48286607142857146 0.31714684014869887 0.016922619047619047 0.022769516728624536
15 0.4687321428571429 0.3187732342007435 0.007702380952380952 0.040892193308550186
9 0.4102559523809524 0.32179368029739774 0.057416666666666664 0.056226765799256506
15 0.3516488095238095 0.3552184014869888 0.014011904761904762 0.015269516728624534
15 0.48786904761904765 0.35601301115241635 0.011452380952380952 0.020576208178438662
15 0.5014732142857143 0.3584061338289963 0.008898809523809524 0.017927509293680297
1 0.3508839285714286 0.3711477695167286 0.014863095238095238 0.01924721189591078
15 0.4864672619047619 0.37665892193308553 0.011029761904761905 0.017258364312267658
15 0.505297619047619 0.37665892193308553 0.010595238095238095 0.017258364312267658
1 0.4953095238095238 0.37792286245353157 0.002523809523809524 0.017927509293680297
15 0.5233630952380952 0.3936524163568773 0.02886904761904762 0.015929368029739776
15 0.5003244047619048 0.3937221189591078 0.010172619047619048 0.017927509293680297
1 0.489952380952381 0.39511617100371743 0.014428571428571428 0.013280669144981412
1 0.4858720238095238 0.4076626394052044 0.011029761904761905 0.017927509293680297
15 0.7558958333333333 0.4096514869888476 0.010601190476190476 0.012611524163568774
15 0.7825267857142857 0.40945167286245354 0.006720238095238095 0.015929368029739776
1 0.5009613095238096 0.4091868029739777 0.005494047619047619 0.017258364312267658
1 0.7695833333333334 0.4097862453531599 0.010595238095238095 0.016598513011152415
15 0.4939494047619048 0.4103159851301115 0.003375 0.013940520446096654
15 0.5181339285714286 0.4100511152416357 0.03269642857142857 0.015269516728624534
22 0.4221607142857143 0.4099860594795539 0.12408333333333334 0.13409851301115241
15 0.8061607142857142 0.43421468401486985 0.007559523809523809 0.033856877323420076
15 0.7912202380952381 0.43560873605947953 0.011011904761904763 0.01991635687732342
15 0.7653749999999999 0.43600836431226764 0.015273809523809525 0.013280669144981412
1 0.7522827380952382 0.43633828996282525 0.003375 0.013940520446096654
9 0.14536011904761903 0.43691914498141265 0.049053571428571426 0.03368959107806691
1 0.7645654761904762 0.45067843866171003 0.03270238095238095 0.016598513011152415
9 0.8377648809523809 0.4642193308550186 0.038625 0.05111524163568773
15 0.7605267857142857 0.4680018587360595 0.012720238095238095 0.015929368029739776
1 0.7756190476190477 0.4692657992565056 0.013142857142857142 0.025892193308550186
1 0.19085416666666666 0.46892657992565057 0.017422619047619048 0.02149628252788104
15 0.791092261904762 0.47371282527881037 0.013136904761904763 0.03850371747211896
1 0.10849404761904763 0.4737453531598513 0.01817857142857143 0.016263940520446097
1 0.6645208333333333 0.48413568773234195 0.01356547619047619 0.016598513011152415
1 0.1903690476190476 0.48896375464684017 0.014071428571428572 0.015102230483271376
15 0.15328571428571428 0.49105483271375466 0.0077619047619047615 0.01742565055762082
1 0.10875595238095238 0.4921003717472119 0.016321428571428574 0.013940520446096654
15 0.1419047619047619 0.4919842007434944 0.004047619047619047 0.01742565055762082
15 0.14766964285714287 0.4917518587360595 0.0036726190476190474 0.015102230483271376
1 0.1678690476190476 0.4929739776951673 0.0047857142857142855 0.015687732342007436
1 0.130375 0.49326208178438663 0.004797619047619048 0.016263940520446097
15 0.16224999999999998 0.4941914498141264 0.006642857142857143 0.016263940520446097
17 0.6593333333333333 0.49681226765799263 0.018666666666666665 0.015929368029739776
1 0.6828005952380952 0.49707713754646843 0.014410714285714285 0.023894052044609666
1 0.702610119047619 0.4974767657992565 0.007601190476190476 0.026552044609665426
1 0.10946130952380953 0.5051719330855019 0.012970238095238095 0.012202602230483271
1 0.7214404761904761 0.508763940520446 0.013119047619047619 0.0212453531598513
15 0.6276220238095238 0.5124814126394052 0.007625000000000001 0.03983271375464684
9 0.5722886904761905 0.5135408921933086 0.020767857142857143 0.034516728624535316
17 0.6874315476190476 0.5140752788104089 0.02248214285714286 0.013280669144981412
1 0.17363392857142856 0.5166124535315985 0.004410714285714286 0.012778810408921933
1 0.1805892857142857 0.5189962825278811 0.004035714285714286 0.015687732342007436
1 0.18557440476190476 0.5202741635687733 0.0032916666666666667 0.014526022304832714
1 0.6668154761904762 0.5205808550185873 0.00505952380952381 0.013280669144981412
1 0.754577380952381 0.5255576208178439 0.018678571428571426 0.05111524163568773
1 0.7379345238095238 0.5318633828996282 0.008011904761904762 0.017258364312267658
1 0.7098363095238096 0.5337871747211896 0.010148809523809523 0.01924721189591078
15 0.7805922619047619 0.5336570631970261 0.007613095238095237 0.024563197026022304
1 0.17716666666666667 0.5363057620817845 0.011476190476190477 0.016849442379182154
17 0.6676666666666667 0.5373094795539033 0.0067619047619047615 0.022574349442379182
1 0.7855238095238095 0.5390334572490706 0.0067619047619047615 0.01858736059479554
15 0.10332738095238095 0.5413568773234201 0.006654761904761905 0.023234200743494422
1 0.11243750000000001 0.5429832713754646 0.0070178571428571425 0.020910780669144983
15 0.6419464285714286 0.5452741635687732 0.02675 0.02921003717472119
9 0.8412916666666665 0.5456737918215613 0.049249999999999995 0.05045539033457249
1 0.1763154761904762 0.5571003717472119 0.013345238095238096 0.015687732342007436
9 0.19527678571428572 0.5669749070631971 0.015553571428571429 0.0354368029739777
1 0.1083452380952381 0.5679600371747212 0.01669047619047619 0.015102230483271376
1 0.722047619047619 0.577932156133829 0.042904761904761904 0.033187732342007434
1 0.17594345238095238 0.5840520446096655 0.006648809523809524 0.015687732342007436
1 0.10879166666666668 0.5841078066914498 0.015202380952380952 0.013940520446096654
15 0.6330625000000001 0.5859014869888476 0.022077380952380956 0.0212453531598513
1 0.7643898809523809 0.588224907063197 0.009732142857142858 0.04447955390334572
1 0.16072916666666665 0.591775092936803 0.01669642857142857 0.016263940520446097
1 0.12851785714285713 0.5936942379182156 0.012988095238095238 0.014526022304832714
1 0.7095535714285715 0.5971840148698885 0.007202380952380952 0.006635687732342007
15 0.7230714285714286 0.596389405204461 0.014 0.01062267657992565
1 0.7390535714285714 0.6067425650557621 0.01144047619047619 0.033187732342007434
1 0.1754970238095238 0.6075185873605948 0.008136904761904762 0.027304832713754647
15 0.7091696428571428 0.608271375464684 0.013577380952380952 0.013940520446096654
1 0.7231964285714286 0.6127184014869889 0.01186904761904762 0.017258364312267658
1 0.1056815476190476 0.6139079925650558 0.007791666666666666 0.02149628252788104
15 0.15741369047619047 0.6150697026022305 0.008875000000000001 0.023819702602230482
15 0.14495238095238097 0.6153578066914498 0.0077619047619047615 0.024395910780669144
15 0.12136904761904763 0.615185873605948 0.007023809523809524 0.020334572490706318
1 0.5722440476190476 0.6172351301115242 0.031392857142857146 0.04116171003717472
9 0.8006875 0.6309061338289963 0.04542261904761905 0.0703624535315985
22 0.6684285714285715 0.6362174721189592 0.029714285714285714 0.04381040892193309
15 0.9346815476190476 0.6461756505576208 0.012220238095238097 0.017258364312267658
15 0.7467470238095238 0.6466403345724907 0.010160714285714285 0.031198884758364312
1 0.957422619047619 0.6477695167286245 0.02794047619047619 0.01858736059479554
1 0.9112142857142856 0.6490985130111524 0.02838095238095238 0.0212453531598513
22 0.6234136904761906 0.6583921933085501 0.024208333333333335 0.03983271375464684
22 0.722092261904762 0.6622397769516729 0.0322797619047619 0.05310408921933085
15 0.6438184523809524 0.6662221189591079 0.011446428571428571 0.014600371747211897
22 0.6704285714285714 0.6681505576208178 0.02419047619047619 0.025892193308550186
9 0.1849375 0.6696096654275093 0.02225595238095238 0.041821561338289966
1 0.7473422619047619 0.6745213754646839 0.010160714285714285 0.021905204460966544
1 0.1287470238095238 0.6891263940520446 0.006303571428571428 0.023234200743494422
1 0.10475595238095238 0.6894191449814127 0.0059404761904761905 0.023819702602230482
1 0.13856845238095236 0.6894191449814127 0.009279761904761905 0.023819702602230482
1 0.11628869047619048 0.6906970260223049 0.011148809523809524 0.03195167286245353
1 0.15024702380952382 0.6909851301115242 0.010017857142857143 0.023234200743494422
1 0.1623720238095238 0.6929042750929368 0.009267857142857144 0.02149628252788104
22 0.6727232142857142 0.6965613382899628 0.021636904761904763 0.032527881040892194
22 0.6244761904761904 0.6980901486988847 0.026333333333333334 0.04116171003717472
1 0.647047619047619 0.699149628252788 0.019095238095238096 0.04513940520446097
9 0.9084047619047618 0.699814126394052 0.045380952380952376 0.08364312267657993
22 0.9574196428571428 0.7022026022304834 0.039839285714285716 0.09027881040892194
1 0.5791726190476191 0.708842936802974 0.03691666666666667 0.047797397769516727
9 0.8646934523809523 0.7131133828996282 0.036529761904761905 0.06934944237918216
1 0.7895982142857143 0.7144191449814127 0.010148809523809523 0.01062267657992565
17 0.6862559523809524 0.7195957249070631 0.02251190476190476 0.026552044609665426
1 0.174375 0.723689591078067 0.005892857142857143 0.018011152416356875
15 0.1809613095238095 0.7245585501858736 0.004779761904761905 0.01974907063197026
1 0.18613095238095237 0.7240938661710037 0.004404761904761905 0.015102230483271376
1 0.6677083333333333 0.7247723048327138 0.013988095238095239 0.023894052044609666
17 0.7905327380952382 0.7298187732342007 0.008446428571428572 0.017258364312267658
1 0.7634107142857143 0.7316124535315985 0.016107142857142858 0.015269516728624534
1 0.6600982142857142 0.7457527881040892 0.01781547619047619 0.0212453531598513
17 0.7761190476190477 0.7468122676579926 0.04033333333333334 0.015929368029739776
1 0.18030059523809522 0.7518587360594795 0.018934523809523807 0.027881040892193308
1 0.5860178571428571 0.7525882899628252 0.033940476190476195 0.031198884758364312
1 0.9232440476190475 0.7594284386617101 0.014345238095238097 0.022574349442379182
15 0.9085386904761905 0.7622165427509293 0.007553571428571429 0.022574349442379182
1 0.9733660714285715 0.7620167286245353 0.024113095238095236 0.025892193308550186
15 0.9567857142857144 0.7632760223048327 0.00880952380952381 0.017258364312267658
15 0.15629761904761905 0.7892100371747213 0.006642857142857143 0.02265799256505576
15 0.17016964285714284 0.7904275092936803 0.007005952380952381 0.023234200743494422
15 0.1800654761904762 0.7904879182156135 0.00775 0.02149628252788104
15 0.11303869047619047 0.7929275092936804 0.007029761904761905 0.02265799256505576
15 0.12248511904761905 0.7925789962825279 0.009255952380952382 0.023819702602230482
15 0.14822619047619048 0.7937407063197026 0.0047857142857142855 0.016849442379182154
15 0.104 0.7946096654275093 0.010380952380952381 0.01858736059479554
1 0.8024761904761906 0.08158457249070632 0.009714285714285715 0.031198884758364312
1 0.828110119047619 0.08603159851301115 0.005029761904761904 0.015929368029739776
1 0.6421041666666666 0.0904135687732342 0.04373214285714286 0.0358457249070632