9 0.5341838801134062 0.519021123132406 0.11656541109761037 0.1529314786192684
15 0.02685095180234913 0.5243147861926842 0.013199675982179021 0.009989696032972695
1 0.6057027136492508 0.5263601236476043 0.01658971243418388 0.0068675940236991246
1 0.677106115836371 0.5282071097372488 0.017638720129607127 0.021895929933024215
15 0.6906419603078169 0.5295801133436373 0.005828270554880518 0.018459556929417826
15 0.6611684892669096 0.5303967027305513 0.006824625354394492 0.018031942297784646
1 0.6750020251113811 0.05339000515198351 0.006950182260024302 0.02022668727460072
1 0.6520210611583637 0.5321561051004636 0.0071607938436614015 0.02361154044307058
1 0.6427359254759012 0.5330164863472437 0.008841636289995949 0.020180319422977846
1 0.8584325637910084 0.5332689335394127 0.008481166464155528 0.028928387429160225
1 0.8770048602673146 0.5341009788768676 0.007553665451599838 0.02337970118495621
1 0.823311057108141 0.5341808346213293 0.006281895504252734 0.024569809376609995
1 0.8403888213851762 0.5340236991241628 0.007225597407857432 0.022194744976816075
1 0.8947063588497368 0.5343791859866048 0.009744835965978128 0.02496651210716126
1 0.9124706358849736 0.5346960329726945 0.008821385176184691 0.024569809376609995
4 0.28985014175779666 0.5344744976816074 0.31238558120696636 0.045765069551777435
15 0.6045200486026732 0.535118495620814 0.014224382341028756 0.0068675940236991246
15 0.028217901984609155 0.5350721277691911 0.0143134872417983 0.007805255023183926
15 0.6962474686107736 0.5548248325605358 0.006508707978938842 0.018459556929417826
1 0.6806824625354394 0.5553838227717671 0.006160388821385176 0.020607934054611025
15 0.6883799108950992 0.5559428129829985 0.006164439044147429 0.01760432766615147
15 0.7037748076144188 0.5559428129829985 0.006172539489671932 0.01760432766615147
15 0.6706561360874848 0.5561566202988151 0.007168894289185905 0.018031942297784646
1 0.6442547590117457 0.5561128284389489 0.007829080599432969 0.0210355486862442
1 0.6535398946942081 0.5561128284389489 0.0061482381530984205 0.0210355486862442
15 0.985113406237343 0.5574446161772282 0.01477926285945727 0.010303967027305513
15 0.09085459700283516 0.05628541988665636 0.015650060753341435 0.01056156620298815
15 0.6051620089104901 0.5637995878413189 0.013888213851761847 0.008588356517259145
15 0.4147185095180235 0.5640288511076764 0.015342243823410288 0.012138073158165893
15 0.19434993924665858 0.5658938691396188 0.007168894289185905 0.019989696032972692
15 0.18491089509923048 0.566066460587326 0.007731875253138922 0.018274085522926326
1 0.2030579181855002 0.5663704276146316 0.005953827460510328 0.01888201957753735
1 0.2116383151073309 0.5667594023699124 0.006913730255164034 0.019659969088098916
1 0.07090927501012555 0.05723338485316847 0.017881733495342243 0.010396702730551263
1 0.876881328473066 0.5678284389489954 0.009736735520453624 0.02695002575991757
1 0.8946759821790198 0.5679082946934569 0.011304171729445119 0.028140133951571354
15 0.17630012150668287 0.5684904688304998 0.006711219117051438 0.02003091190108192
15 0.984117051437829 0.5686991241628027 0.016026731470230864 0.009113858835651727
15 0.06949372215471851 0.5688433797011849 0.015050627784528148 0.010432766615146832
1 0.8239023896314297 0.5690159711488924 0.005034426893479141 0.024173106646058734
1 0.8585581206966384 0.5694126738794436 0.010352369380315916 0.02496651210716126
1 0.9120028351559336 0.5696110252447192 0.011936006480356419 0.02536321483771252
1 0.8411684892669096 0.5702447192168986 0.008784933171324423 0.024569809376609995
15 0.6035743215876873 0.5748763523956724 0.015573106520858648 0.011164348274085524
1 0.06284933171324424 0.5849046883049974 0.00905224787363305 0.02091705306543019
1 0.07210814094775213 0.5851210716125709 0.0073187525313892264 0.02134981968057702
22 0.3828189550425274 0.5875296239052035 0.05441879303361685 0.05810922205048944
15 0.6049594977723775 0.5877975270479134 0.01591332523288781 0.008155589902112313
9 0.32406844876468205 0.5877794951056157 0.04951397326852977 0.05860896445131376
15 0.7285560955852572 0.5903735188047398 0.005512353179424868 0.018459556929417826
15 0.6046881328473066 0.598101494075219 0.014560550830295668 0.008155589902112313
1 0.9136857027136492 0.6016331787738279 0.008821385176184691 0.026553323029366305
1 0.8590866747671122 0.6022282328696548 0.012219522073714056 0.027743431221020094
1 0.8411988659376266 0.6023853683668212 0.011275820170109356 0.02496651210716126
1 0.8240907249898745 0.6030190623390005 0.007841231267719724 0.024173106646058734
1 0.24866140137707576 0.6031761978361669 0.008055893074119077 0.02242658423493045
9 0.672251923855812 0.6030396702730552 0.07435398946942082 0.0592478104070067
1 0.876848926690968 0.6031787738279237 0.007241798298906439 0.026553323029366305
1 0.24050830295666265 0.6037480680061824 0.007140542729850141 0.02253992787223081
1 0.8942385581206966 0.6041293147861927 0.008809234507897935 0.02536321483771252
1 0.20314702308626975 0.6042916022668727 0.008562170919400567 0.02259659969088099
15 0.41153098420413126 0.6049046883049973 0.008157148643175375 0.01867078825347759
1 0.22128189550425276 0.6046058732612055 0.0075698663426488465 0.024255538382277175
1 0.19525516403402185 0.6053760947964967 0.008169299311462132 0.022704791344667696
1 0.18493317132442286 0.6053142709943328 0.007776427703523693 0.024641937145801134
1 0.15930943701903605 0.6056156620298815 0.005941676792223572 0.02215352910870685
1 0.149212231672742 0.6056336939721794 0.006808424463345483 0.02115919629057187
1 0.21246253543944918 0.6057083977331272 0.006132037262049413 0.0233693972179289
1 0.35332725799918996 0.6055383822771767 0.007586067233697854 0.024059763008758374
1 0.1673106520858647 0.6058268933539414 0.006553260429323613 0.021545595054095826
1 0.2668955042527339 0.6062622359608449 0.006452004860267315 0.024477073673364245
1 0.17647428108545968 0.6063317877382793 0.006249493722154718 0.020494590417310665
1 0.2752794653705954 0.6062854198866563 0.007019036046982583 0.021432251416795466
1 0.23082219522073713 0.6068495620814013 0.00639935196435804 0.02359093250901597
1 0.2562008910490077 0.6065249871200412 0.009364115026326449 0.02088098918083462
1 0.1309659781287971 0.6068856259659968 0.0067679222357229655 0.021602266872746006
1 0.13980761441879302 0.6067465224111283 0.006630214661806399 0.02132405976300876
15 0.4213001215066829 0.6077331272539928 0.00825435398946942 0.019175682637815557
15 0.43979141352774404 0.6077331272539928 0.007164844066423654 0.019175682637815557
15 0.4303341433778857 0.608485316846986 0.010121506682867557 0.020680061823802165
1 0.4469724584852167 0.6091164348274086 0.0077561765897124334 0.026063884595569294
15 0.6047893884163629 0.6096522411128285 0.015573106520858648 0.008588356517259145
15 0.7285560955852572 0.6108526532715095 0.009562575941676792 0.017171561051004636
15 0.59030579181855 0.6188382277176713 0.008477116241393277 0.019747552807831015
15 0.7292304576751721 0.6322771767130345 0.00686107735925476 0.016743946419371457
15 0.07486634264884569 0.6346651210716125 0.007164844066423654 0.01739824832560536
15 0.08191778047792628 0.6353194229778465 0.008307006885378696 0.01870685213807316
1 0.912845281490482 0.6365481710458526 0.01038072093965168 0.02734672849046883
1 0.8580579181855003 0.6371020092735703 0.006921830700688538 0.02536321483771252
1 0.841012555690563 0.6371406491499227 0.008473066018631025 0.02337970118495621
15 0.9797833130822196 0.6374987120041216 0.005739165654110976 0.01585265327150953
1 0.8240279465370596 0.6378954147346728 0.006905629809639531 0.021798042246264814
1 0.8950182260024302 0.6376970633693972 0.010368570271364926 0.026553323029366305
1 0.876350749291211 0.6381710458526533 0.007865532604293237 0.02337970118495621
4 0.30792223572296473 0.638413189077795 0.33151883353584444 0.04035033487892838
1 0.6302106115836371 0.6541731066460588 0.006472255974078574 0.024471921689850594
15 0.6564418793033617 0.6547733127253993 0.005471850951802349 0.018459556929417826
15 0.6652875658161199 0.6545595054095827 0.006152288375860672 0.018031942297784646
15 0.6479688132847307 0.6548608964451313 0.00715674362089915 0.01760432766615147
1 0.696077359254759 0.6550309119010819 0.00616848926690968 0.0210355486862442
15 0.7062049412717699 0.655504894384338 0.006172539489671932 0.01889232354456466
15 0.6753483191575537 0.6566202988150438 0.006832725799918996 0.018031942297784646
15 0.68287768327258 0.6562776919113859 0.006500607533414338 0.01631633178773828
1 0.7211279870392872 0.6579933024214323 0.006857027136492507 0.019747552807831015
1 0.730546780072904 0.6580808861411643 0.00787363304981774 0.024044307058217414
15 0.6196091535034427 0.6588948995363214 0.007140542729850141 0.018459556929417826
15 0.9806561360874847 0.6781607418856259 0.00667476711219117 0.01783616692426584
15 0.5883475091130013 0.6801056156620299 0.007800729040097206 0.01760432766615147
15 0.5960105305791819 0.6803632148377126 0.006115836371000405 0.020180319422977846
4 0.32718104495747263 0.6924317362184441 0.5012636695018226 0.0401957753735188
15 0.6333171324422844 0.6955177743431221 0.015925475901174563 0.010303967027305513
15 0.6698460915350344 0.7115739309634209 0.007168894289185905 0.014595569294178257
15 0.6787586067233697 0.711231324059763 0.007172944511948157 0.018031942297784646
15 0.6878392061563386 0.7129057187017002 0.007513163223977319 0.019319938176197836
9 0.6425030376670716 0.7217078825347759 0.03348724179829891 0.036924265842349306
15 0.6826751721344674 0.734629057187017 0.016626164439044147 0.008155589902112313
1 0.7054961522883758 0.7347166409067492 0.007185095180234912 0.022756311179804225
1 0.6642750101255569 0.7348454404945904 0.008177399756986635 0.024044307058217414
15 0.6112029161603888 0.7361746522411128 0.00814904819765087 0.018459556929417826
15 0.5847691373025516 0.736689850592478 0.007124341838801134 0.018459556929417826
15 0.592330903199676 0.7371200412158682 0.008477116241393277 0.019319938176197836
15 0.6024260834345889 0.737506439979392 0.006796273795058728 0.018031942297784646
1 0.2843398136897529 0.7417774343122102 0.010558930741190766 0.02348274085522926
1 0.4580376670716889 0.7441859866048428 0.005585257189145403 0.02623905203503349
9 0.03862089914945322 0.7450695517774344 0.0642810854597003 0.23820710973724885
1 0.679131227217497 0.7456646058732612 0.017638720129607127 0.008588356517259145
15 0.9803442689347913 0.7476326635754765 0.006051032806804374 0.016646058732612056
1 0.9804374240583231 0.7692709943328181 0.005427298501417578 0.021798042246264814
9 0.5966909680032402 0.7706929417825863 0.03582827055488052 0.03906749098402885
9 0.6880457675172135 0.7723673364245234 0.033847711624139326 0.035203503348789286
9 0.6415573106520859 0.773397733127254 0.030785743215876876 0.035203503348789286
15 0.962330903199676 0.7745801133436373 0.00728635074929121 0.019021123132405976
15 0.9442871607938438 0.7754121586810923 0.006030781692993115 0.018624420401854712
15 0.9351883353584447 0.7753348789283874 0.0072742000810044555 0.01743946419371458
15 0.9534183880113405 0.7755332302936631 0.0072823005265289596 0.01783616692426584
15 0.9717739975698663 0.7763240597630088 0.009161603888213852 0.019417825862957237
1 0.6196435803969219 0.7817284904688305 0.008829485621709194 0.024044307058217414
1 0.6657270149858242 0.7819860896445131 0.007841231267719724 0.021468315301391035
4 0.32658768732280274 0.7862751159196291 0.5000769542324828 0.04653271509531169
4 0.3229019846091535 0.07904430705821743 0.40927095990279466 0.03650180319422978
15 0.9618023491292021 0.7951494075218959 0.005419198055893074 0.01585265327150953
15 0.9543539894694208 0.7955461102524471 0.005103280680437424 0.016646058732612056
15 0.9166767922235723 0.7987557959814529 0.005083029566626165 0.01585265327150953
15 0.908730255164034 0.7992323544564657 0.005390846496557311 0.01783616692426584
15 0.9258707978938842 0.7989541473467284 0.007270149858242203 0.016249356002060792
15 0.5974969623329284 0.7995878413189078 0.015569056298096394 0.010303967027305513
15 0.8523876063183475 0.7995079855744461 0.015022276225192387 0.009113858835651727
15 0.9353746456055083 0.8001416795466255 0.006026731470230863 0.018624420401854712
15 0.6921952207371406 0.8043534260690366 0.006504657756176589 0.016743946419371457
15 0.6559356014580803 0.8047398248325606 0.008509518023491293 0.020607934054611025
1 0.6831125961927906 0.8049536321483771 0.006160388821385176 0.0210355486862442
1 0.7012778452814904 0.8050824317362184 0.006848926690968003 0.02232354456465739
1 0.6654576751721345 0.8056414219474498 0.006492507087889834 0.019319938176197836
15 0.6742345078979344 0.8059428129829985 0.007845281490481977 0.01889232354456466
15 0.7101903604698259 0.8058552292632664 0.006852976913730256 0.019747552807831015
15 0.7197448359659782 0.8062416280267903 0.006520858647225598 0.018459556929417826
1 0.7281510733090321 0.8062854198866564 0.005512353179424868 0.020607934054611025
9 0.8064580801944107 0.8144899536321484 0.06330093155123531 0.0380473982483256
1 0.9825901174564601 0.08279495105615661 0.011352774402592143 0.023395157135497165
15 0.3028797083839611 0.8280860381246781 0.007946537059538275 0.0199021123132406
15 0.5099250708788984 0.8282869654817104 0.008914540299716485 0.01927357032457496
15 0.2942102065613609 0.8285394126738794 0.0051883353584447145 0.01977846470891293
15 0.2301093560145808 0.829005667181865 0.008213851761846903 0.01865018031942298
15 0.31256379100850545 0.8287892838742916 0.007063588497367356 0.02027820710973725
15 0.27536249493722154 0.8292555383822772 0.004754961522883759 0.019149922720247296
15 0.21278047792628596 0.8296599690880989 0.00595787768327258 0.017897990726429676
15 0.24812474686107736 0.8296110252447193 0.008602673147023086 0.01676970633693972
15 0.49328675577156744 0.8302344152498712 0.01127987039287161 0.02729005667181865
1 0.14909275010125558 0.8302575991756826 0.00656946132037262 0.02115404430705822
15 0.2863041717294451 0.8302575991756826 0.005577156743620899 0.02115404430705822
15 0.14039489671931957 0.8302086553323029 0.009424868367760226 0.02002575991756826
1 0.8502673147023087 0.8304997424008244 0.007541514783313083 0.020607934054611025
15 0.8373349534224382 0.8484930448222565 0.005978128797083839 0.01743946419371458
15 0.850048602673147 0.85059247810407 0.006294046172539489 0.015455950540958269
9 0.6744977723774808 0.8542426584234931 0.15336978533819362 0.0866409067490984
15 0.9266200891049007 0.8612519319938177 0.014439044147428108 0.00792375064399794
15 0.9446638315107331 0.8617671303451829 0.015694613203726206 0.00792375064399794
1 0.8264277035236938 0.8660870685213807 0.00846496557310652 0.02377640391550747
1 0.7515309842041312 0.8685445646573932 0.004479546375050628 0.019417825862957237
15 0.8366180639935197 0.868426069036579 0.009404617253948967 0.02021123132405976
15 0.8499250708788983 0.868426069036579 0.008477116241393277 0.02021123132405976
1 0.7643701903604698 0.8689412673879444 0.006666666666666667 0.02021123132405976
1 0.03986431753746456 0.8766280267903143 0.007634669906844877 0.02115919629057187
4 0.32745646010530577 0.8766743946419372 0.5058647225597408 0.050103039670273054
15 0.02098420413122722 0.8767568263781557 0.00551640340218712 0.018325605358062855
15 0.012108140947752127 0.8769268418341062 0.0072053462940461725 0.018665636269963936
15 0.030259214256784125 0.8774909840288512 0.0070554880518428524 0.01876352395672334
1 0.9500222762251924 0.8795620814013395 0.006970433373835561 0.0198145285935085
15 0.9404556500607534 0.8795620814013395 0.007278250303766707 0.0198145285935085
1 0.9309497772377481 0.8799201442555383 0.008517618469015796 0.022591447707367335
15 0.9221931956257594 0.8803142709943328 0.008825435398946941 0.018227717671303455
1 0.7509376265694614 0.892403400309119 0.005722964763061968 0.021798042246264814
15 0.7604110976103685 0.8924832560535806 0.006038882138517618 0.01783616692426584
15 0.8068144997974889 0.8974368882019578 0.007310652085864723 0.01743946419371458
15 0.7949108950992304 0.8974368882019578 0.0069947347104090726 0.01743946419371458
1 0.9792223572296476 0.9020736733642453 0.009477521263669502 0.022591447707367335
1 0.7600384771162414 0.9142787223080886 0.008533819360064804 0.02021123132405976
15 0.8068144997974889 0.9171329211746523 0.007310652085864723 0.016646058732612056
1 0.9789104900769542 0.9261669242658424 0.008853786958282706 0.02337970118495621
15 0.4386249493722154 0.9258578052550231 0.007262049412717699 0.01657908294693457
15 0.42978736330498174 0.9261076764554353 0.005787768327257999 0.017078825347758887
15 0.4036289995949777 0.9266074188562597 0.008554070473876064 0.018078310149407525
9 0.9293661401377076 0.0930164863472437 0.07501417577966789 0.10875321998969603
15 0.5563851761846901 0.9274085522926326 0.009489671931956257 0.02071097372488408
15 0.44917982989064403 0.9276584234930448 0.008930741190765493 0.0212107161257084
15 0.45827055488051843 0.9280293663060278 0.00686107735925476 0.01783101494075219
15 0.4117739975698663 0.9283281813498196 0.005402997164844066 0.01945904173106646
15 0.47457877683272576 0.9283281813498196 0.006265694613203726 0.01945904173106646
15 0.5295706763872013 0.9282792375064399 0.008513568246253544 0.018330757341576506
15 0.2565795868772783 0.9284595569294178 0.008501417577966788 0.023843379701184955
15 0.09197448359659782 0.928827923750644 0.01140947752126367 0.020458526532715095
15 0.12067233697853381 0.9286604842864503 0.008051842851356824 0.02321483771251932
15 0.17627379505872823 0.9287326120556415 0.006658566221142163 0.01820710973724884
1 0.1671445929526124 0.9289592993302421 0.007841231267719724 0.02484286450283359
1 0.8545686512758202 0.9290623390005152 0.007233697853381936 0.022988150437918596
15 0.15830903199675983 0.9288768675940238 0.006371000405022276 0.02158681092220505
15 0.42192385581206965 0.9293302421432251 0.00707168894289186 0.02146316331787738
1 0.13095585257189143 0.9298299845440494 0.00755771567436209 0.02246264811952602
15 0.8356196840826245 0.9301700154559506 0.006597812879708384 0.019021123132405976
15 0.8446881328473066 0.930607934054611 0.006913730255164034 0.01783616692426584
1 0.8633880113406237 0.9308037094281298 0.007861482381530985 0.02337970118495621
15 0.8718955042527339 0.9314786192684184 0.007865532604293237 0.020607934054611025
1 0.7508140947752127 0.9405151983513652 0.007906034831915756 0.022194744976816075
1 0.7781125961927906 0.9421792890262751 0.008230052652895909 0.02140133951571355
9 0.6884386391251519 0.9474111282843894 0.12535844471445928 0.08441524987120042
9 0.6297488861887404 0.09531942297784646 0.07197245848521668 0.12366306027820712
4 0.3246415552855407 0.9685033487892839 0.49132442284325634 0.039015971148892326
1 0.7517274200081004 0.9720994332818135 0.0040623734305386796 0.019417825862957237
15 0.620081004455245 0.9793122102009274 0.005654110976103686 0.019417825862957237
1 0.07512758201701093 0.10565945388974755 0.015787768327258 0.00936115404430706
15 0.10287160793843662 0.10793405461102525 0.015382746051032806 0.008758371973209686
1 0.9798967193195625 0.10954662545079856 0.0156865127582017 0.00992272024729521
1 0.7213446739570676 0.11263523956723338 0.01863102470635885 0.007856774858320453
1 0.10204941271769948 0.11899278722308089 0.01616848926690968 0.009237506439979393
1 0.07595382746051033 0.11917310664605874 0.019060348319157556 0.010628541988665636
15 0.9815735115431349 0.12132663575476559 0.014989874443094369 0.010814013395157135
1 0.8362413932766302 0.12325862957238537 0.007841231267719724 0.02086038124678001
4 0.32501620089104905 0.12309634209170531 0.42078979343863915 0.04629572385368367
1 0.8726589712434183 0.12493560020607934 0.01587282300526529 0.010819165378670788
1 0.9803604698258405 0.13149407521895928 0.016614013770757392 0.014662545079855744
1 0.5839833940866748 0.1388176197836167 0.007982989064398541 0.02106646058732612
15 0.9799129202106117 0.16785935085007728 0.013288780882948563 0.013204533745492015
4 0.3249655731065208 0.1706362699639361 0.4101579586877278 0.03833590932509016
15 0.9792993114621303 0.17855229263266356 0.016921830700688537 0.006769706336939722
1 0.6722640745240988 0.1809763008758372 0.007954637505062779 0.020891293147861926
1 0.5824038072093964 0.18951571354971666 0.00968408262454435 0.019422977846470894
15 0.9792770352369381 0.19010303967027306 0.014447144592952613 0.006172076249356002
9 0.7640704738760632 0.19686244204018546 0.12109356014580802 0.15673364245234417
15 0.9786593762656945 0.20046367851622876 0.013211826650465774 0.01246780010303967
15 0.9827116241393277 0.21151983513652756 0.016456055083029567 0.00882019577537352
4 0.3100567031186715 0.2123235445646574 0.5690805994329687 0.03721792890262751
15 0.9824443094370191 0.22699381761978363 0.017541514783313082 0.007825862957238536
1 0.6921648440664236 0.23625450798557443 0.007253948967193196 0.02016486347243689
1 0.7025010125556905 0.23630602782071097 0.006055083029566626 0.02232869654817105
9 0.6284973673552046 0.23643225141679547 0.07594977723774808 0.1101648634724369
15 0.9828108545970028 0.23729263266357548 0.017464560550830295 0.005754765584750129
1 0.8704718509518025 0.24084492529623905 0.009878493317132442 0.030376094796496653
9 0.9321587687322803 0.24159196290571872 0.06601863102470636 0.11842349304482226
15 0.14070068853786957 0.2444925296239052 0.008416362899959498 0.017063369397217927
15 0.5650465775617659 0.24484544049459042 0.007371405427298501 0.02086038124678001
1 0.15063993519643581 0.2452163833075734 0.008853786958282706 0.021602266872746006
15 0.9834852166869178 0.2477434312210201 0.0180032401782098 0.008109222050489438
4 0.09866747671121913 0.25249613601236476 0.07339813689752936 0.041313755795981455
4 0.4388011340623735 0.2559556929417826 0.21336573511543133 0.04102009273570325
15 0.7002814904819764 0.2576713034518289 0.006476306196840826 0.016630602782071097
15 0.5653564196030781 0.26876609994848016 0.007991089509923046 0.018212261720762495
15 0.574339813689753 0.26876609994848016 0.005706763872012961 0.018212261720762495
15 0.5469866342648846 0.27049716640906746 0.014183880113406239 0.010340030911901082
1 0.023363710004050225 0.27408552292632665 0.008655326042932362 0.02266872746007213
1 0.01597812879708384 0.2737480680061824 0.006844876468205751 0.01890262751159196
1 0.05613001215066829 0.27441267387944357 0.007764277035236938 0.02332302936630603
1 0.0472620494127177 0.2752215352910871 0.007849331713244229 0.021849562081401337
1 0.5829991899554475 0.275741885625966 0.006824625354394492 0.021859866048428645
15 0.32201093560145805 0.2770530654301906 0.01542729850141758 0.01005667181865018
4 0.22736938031591739 0.27902627511591965 0.17203321182665046 0.04594538897475529
15 0.5486938031591737 0.28130602782071096 0.0127379505872823 0.008258629572385368
1 0.8130072904009721 0.28575991756826374 0.009975698663426487 0.018196805770221536
15 0.7056622114216282 0.2858217413704276 0.006707168894289186 0.0183204533745492
15 0.3202652895909275 0.29106903657908295 0.00707573916565411 0.01645028335909325
15 0.5499270959902794 0.29246780010303963 0.011964358039692183 0.008943843379701185
15 0.8847367355204536 0.29436888201957756 0.006006480356419603 0.015837197320968572
4 0.09717496962332929 0.296705306543019 0.07770352369380315 0.03184441009788769
15 0.05565006075334144 0.2971870170015456 0.006804374240583232 0.018382277176713036
15 0.5467112191170515 0.29826635754765585 0.016063183475091128 0.016419371458011336
4 0.4371749696233293 0.29939979392065946 0.2117334953422438 0.03826378155589902
15 0.9866403402187119 0.30832560535806286 0.007302551640340219 0.019021123132405976
4 0.3235074929121102 0.03147089129314786 0.41372215471850954 0.045425038639876354
15 0.32040097205346296 0.31010819165378667 0.005727014985824221 0.01743431221020093
15 0.7555609558525719 0.31039670273055125 0.006869177804779263 0.018011334363730036
9 0.5734305386796273 0.31071354971664095 0.033049817739975694 0.0382225656877898
15 0.7457816929931146 0.310935085007728 0.008371810449574727 0.017027305512622357
1 0.9572255974078574 0.31464708912931477 0.007606318347509113 0.02136012364760433
15 0.30795058728230057 0.31830499742400825 0.014038072093965166 0.007037609479649665
15 0.15420818144997975 0.3187223080886141 0.014370190360469824 0.010963420917053065
15 0.29133252328878084 0.31956723338485316 0.012393681652490888 0.008531684698608964
15 0.18834953422438236 0.31970376094796493 0.01622924260834346 0.00880473982483256
15 0.17066626164439044 0.3199433281813498 0.01488456865127582 0.008253477588871716
1 0.03434183880113406 0.321929417825863 0.00874038072093965 0.02149922720247295
1 0.058485216686917786 0.32242400824317363 0.006804374240583232 0.018366821226172076
1 0.015670311867152693 0.32255538382277177 0.008659376265694612 0.02275115919629057
1 0.02508505467800729 0.32249613601236476 0.006427703523693803 0.020571870170015456
15 0.9358606723369784 0.3229366306027821 0.005378695828270555 0.01733127253992787
1 0.041948157148643174 0.3233101494075219 0.007752126366950183 0.02116950025759918
15 0.8201478331308222 0.32410613086038126 0.014536249493722155 0.011427099433281813
15 0.9111563385986229 0.3241190108191654 0.007002835155933576 0.019696032972694486
15 0.9277055488051843 0.3251236476043277 0.007699473471040908 0.01861411643482741
15 0.920048602673147 0.32664605873261204 0.009396516808424463 0.019598145285935085
15 0.7461482381530984 0.3315558990211231 0.00829485621709194 0.02117465224111283
15 0.7550222762251925 0.3320427614631633 0.007411907654921021 0.018026790314270996
9 0.63393884163629 0.33186244204018545 0.030939651680842447 0.035182895414734676
15 0.5356784123126772 0.3335033487892839 0.00776832725799919 0.017856774858320452
1 0.6545119481571486 0.33634209170530655 0.008092345078979345 0.02147346728490469
15 0.8099473471040908 0.3409402369912416 0.014386391251518835 0.012122617207624937
1 0.8685398946942082 0.03488665636269964 0.006824625354394492 0.020314270994332816
15 0.8944511948157149 0.3454997424008243 0.016524908869987847 0.0088768675940237
4 0.2890907249898744 0.3474394641937146 0.3060064803564196 0.03748583204533746
15 0.8852227622519238 0.03537351880473982 0.008598622924260835 0.017166409067490986
15 0.5694390441474281 0.3507753735188047 0.005625759416767922 0.015306543019062339
15 0.5618388011340624 0.3511695002575992 0.0050060753341433775 0.01609479649665121
15 0.8004212231672742 0.35213034518289543 0.014775212636695017 0.01183410613086038
15 0.5543458890238964 0.35337712519319936 0.009461320372620494 0.014327666151468315
15 0.6425111381125962 0.3551468315301391 0.017302551640340218 0.0106543019062339
15 0.8595362494937222 0.03562081401339516 0.0074483596597812885 0.01972179289026275
15 0.8792628594572702 0.03581916537867079 0.007209396516808425 0.02011849562081401
15 0.5371121911705145 0.3561772282328697 0.0073957067638720135 0.015806285419886656
15 0.5122053462940461 0.3573055126223596 0.005374645605508303 0.01600206079340546
15 0.5207513163223977 0.35807315816589386 0.005455650060753342 0.020628541988665636
15 0.5280052652895909 0.35875579598145285 0.005382746051032806 0.01787223080886141
15 0.7933049817739976 0.3611025244719217 0.0143134872417983 0.008140133951571355
9 0.09455042527339004 0.36168469860896446 0.061113811259619275 0.07834106130860381
15 0.046379100850546785 0.3841061308603812 0.014993924665856624 0.009840288511076765
15 0.16590724989874442 0.3867516743946419 0.0069866342648845685 0.01925296239052035
15 0.15639327663021466 0.38676970633693974 0.009019846091535035 0.018258629572385367
15 0.04582422033211827 0.39611798042246266 0.01469420818144998 0.009134466769706338
1 0.22011340623734307 0.40053838227717675 0.006042932361279871 0.02003606388459557
15 0.2510064803564196 0.4016486347243689 0.00707573916565411 0.01710458526532715
15 0.23243620899149453 0.40220247295208655 0.006387201296071284 0.018212261720762495
15 0.24105710814094775 0.40267903142709943 0.007428108545970028 0.01710458526532715
15 0.16014378290805995 0.40636269963936117 0.00842041312272175 0.019319938176197836
1 0.1817861482381531 0.4065842349304482 0.005532604293236128 0.01976300875837197
15 0.16786755771567435 0.40727202472952084 0.006857027136492507 0.018047398248325606
1 0.19205751316322398 0.4077846470891293 0.007444309437019036 0.02319422977846471
1 0.20112798703928716 0.4076532715095312 0.006954232482786554 0.020870685213807316
15 0.1494005670311867 0.40749356002060794 0.008805184285135681 0.01849046883049974
15 0.11574524098825434 0.41319165378670786 0.006298096395301742 0.019582689335394126
15 0.09739773187525314 0.4145131375579598 0.007675172134467396 0.017073673364245236
15 0.5941899554475496 0.43748840803709427 0.016245443499392467 0.009443585780525501
4 0.29059538274605107 0.4405435342606904 0.3049655731065209 0.046465739309634206
1 0.46676184690157957 0.456246780010304 0.006832725799918996 0.01913961875321999
1 0.02751721344673957 0.45763266357547655 0.015342243823410288 0.008516228748068008
1 0.4576954232482786 0.45828696548171044 0.008950992304576752 0.02218959299330242
1 0.5845605508302957 0.046197836166924265 0.00751721344673957 0.019237506439979395
15 0.027345078979343865 0.4690082431736219 0.014997974888618874 0.00859866048428645
15 0.6384487646820575 0.4799922720247295 0.0051275820170109355 0.017171561051004636
15 0.026745646010530578 0.48074961360123647 0.013799108950992305 0.009412673879443586
15 0.6225131632239773 0.48342864502833593 0.006468205751316323 0.01889232354456466
15 0.6140724989874443 0.4838150437918599 0.005787768327257999 0.01760432766615147
15 0.6043499392466586 0.4839850592478104 0.005783718104495747 0.015883565172591447
15 0.20310044552450385 0.4874987120041216 0.006038882138517618 0.020850077279752705
9 0.6651903604698258 0.49025502318392583 0.03349939246658566 0.03048428645028336
15 0.027575941676792226 0.490994332818135 0.013839611178614824 0.009294178258629573
15 0.9758890238963143 0.4940365790829469 0.006051032806804374 0.01743946419371458
1 0.687974888618874 0.493946419371458 0.006164439044147429 0.019319938176197836
9 0.0864115026326448 0.49460329726944874 0.09505872823005265 0.09379185986604843
15 0.17227217496962333 0.49880473982483253 0.005945727014985824 0.01770221535291087
15 0.15742203321182666 0.49868366821226173 0.007027136492507089 0.01642967542503864
15 0.1479080599432969 0.49974240082431737 0.006630214661806399 0.01648634724368882
15 0.1648055893074119 0.4995878413189078 0.005593357634669907 0.017207624935600206
15 0.6103604698258405 0.49987120041215866 0.014564601053057919 0.006439979392065945
15 0.1402430133657351 0.49990211231324055 0.005070878898339408 0.01886656362699639
15 0.02766302146618064 0.502730551262236 0.014013770757391656 0.0080370942812983
15 0.027089914945321994 0.513219989696033 0.015297691373025517 0.008408037094281298
15 0.9753260429323612 0.5140880989180835 0.005735115431348724 0.019417825862957237