1 0.4191256830601093 0.5542231404958677 0.02877959927140255 0.042881542699724516
1 0.12722768670309653 0.5564407713498623 0.03951912568306011 0.039603305785123964
1 0.8563989071038252 0.5600881542699724 0.02172313296903461 0.04689807162534435
1 0.9122823315118398 0.5619228650137741 0.035129326047358835 0.05607713498622589
1 0.9551020036429873 0.5628429752066115 0.03333697632058288 0.05240771349862259
1 0.2619872495446266 0.05955922865013774 0.04164298724954463 0.030964187327823692
1 0.326936247723133 0.06267768595041322 0.03966484517304189 0.04932231404958677
1 0.058715846994535525 0.6304435261707989 0.02344262295081967 0.038848484848484854
1 0.13864663023679416 0.6403608815426998 0.02592714025500911 0.03223691460055096
1 0.0418287795992714 0.6454986225895316 0.020269581056466302 0.038104683195592286
1 0.33897814207650273 0.700366391184573 0.025861566484517304 0.0332396694214876
1 0.05094353369763206 0.7029641873278237 0.042870673952641165 0.04504683195592287
1 0.1303861566484517 0.7035151515151515 0.02689253187613843 0.04835261707988981
1 0.2759326047358834 0.7045867768595041 0.026546448087431694 0.03506887052341598
1 0.30350819672131146 0.7053223140495868 0.027781420765027324 0.027724517906336087
1 0.3683752276867031 0.707159779614325 0.023453551912568305 0.031399449035812675
1 0.6412131147540984 0.7128512396694215 0.021224043715846994 0.03176308539944903
1 0.7201730418943534 0.7132148760330578 0.027595628415300548 0.045713498622589534
1 0.5624972677595629 0.7133994490358126 0.026998178506375228 0.03947107438016529
1 0.4067613843351548 0.7152369146005509 0.021537340619307833 0.034330578512396695
1 0.5993041894353369 0.71633608815427 0.026295081967213117 0.040936639118457296
1 0.7524863387978141 0.7181735537190083 0.022276867030965392 0.0402038567493113
1 0.4500109289617486 0.7227630853994491 0.035176684881602915 0.04277134986225895
1 0.5374735883424409 0.7273526170798899 0.03523861566484517 0.040931129476584026
1 0.7184735883424408 0.07399449035812673 0.03075409836065574 0.03118457300275482
1 0.3307194899817851 0.7633388429752066 0.03265938069216758 0.03356473829201102
1 0.2794553734061931 0.7646253443526171 0.023391621129326044 0.033933884297520665
1 0.5631038251366121 0.7783939393939394 0.023839708561020037 0.03722865013774104
1 0.36910382513661205 0.7811460055096419 0.021996357012750455 0.0449366391184573
1 0.5962659380692168 0.7866584022038567 0.015846994535519125 0.025107438016528927
1 0.6323460837887067 0.7873911845730027 0.025347905282331513 0.039796143250688705
1 0.4032386156648452 0.7895950413223141 0.021777777777777778 0.030980716253443525
4 0.20199635701275045 0.7903223140495867 0.023664845173041894 0.10295867768595042
1 0.4502495446265938 0.7912451790633608 0.01816757741347905 0.03648484848484848
1 0.7144663023679417 0.7927134986225896 0.03804007285974499 0.039421487603305785
1 0.7523861566484518 0.7945619834710744 0.022076502732240436 0.038710743801652896
1 0.7781384335154826 0.795297520661157 0.02403642987249545 0.04018181818181819
1 0.5231384335154827 0.801892561983471 0.02696903460837887 0.0445564738292011
20 0.8704371584699453 0.0813388429752066 0.017012750455373406 0.026038567493112945
1 0.2817632058287796 0.8187851239669421 0.023635701275045537 0.03426446280991735
1 0.5026010928961749 0.08323691460055095 0.03543897996357013 0.043057851239669424
1 0.5588506375227686 0.8356776859504133 0.019704918032786886 0.03719559228650138
20 0.908888888888889 0.08403030303030302 0.012313296903460837 0.035829201101928373
1 0.7778943533697633 0.8450550964187329 0.017719489981785064 0.03170798898071625
1 0.7556666666666666 0.8501928374655647 0.03009471766848816 0.04198347107438017
1 0.8006120218579235 0.8505592286501378 0.02089617486338798 0.04271625344352617
1 0.36825318761384335 0.8529366391184573 0.021752276867030965 0.03204407713498622
1 0.7308852459016393 0.8540495867768595 0.027162112932604735 0.04308539944903581
4 0.17344990892531875 0.8582341597796143 0.03214571948998178 0.031619834710743804
1 0.6387832422586521 0.8611955922865013 0.025107468123861568 0.0419504132231405
1 0.6668196721311476 0.08686501377410469 0.03746448087431694 0.031581267217630854
1 0.4071293260473588 0.8668898071625344 0.0324735883424408 0.03791184573002755
1 0.6025865209471767 0.8681707988980716 0.031402550091074684 0.049289256198347106
1 0.45183242258652095 0.8696418732782369 0.03736247723132969 0.05002754820936639
1 0.28322040072859744 0.8722148760330578 0.026550091074681238 0.033134986225895315
1 0.5281183970856101 0.8729476584022039 0.029642987249544627 0.043415977961432504
1 0.04498542805100182 0.08958126721763085 0.03459744990892532 0.032606060606060604
1 0.8026775956284152 0.8973801652892561 0.026484517304189437 0.037184573002754816
20 0.8320619307832423 0.09168044077134986 0.008750455373406192 0.03460055096418733
1 0.14399453551912567 0.9157575757575757 0.04245173041894353 0.03647382920110193
1 0.0720601092896175 0.09317079889807162 0.028273224043715846 0.036479338842975204
1 0.7895883424408014 0.09562809917355372 0.030178506375227687 0.056820936639118455
1 0.9323224043715846 0.0979228650137741 0.01692167577413479 0.06141046831955922
1 0.10083788706739527 0.0983305785123967 0.030455373406193077 0.042391184573002755
1 0.3174863387978142 0.10570523415977962 0.03169398907103825 0.028490358126721762
1 0.8567049180327869 0.11306887052341598 0.025978142076502734 0.06415426997245179
1 0.23241165755919854 0.12174931129476584 0.03203642987249544 0.0462534435261708
1 0.12619854280510018 0.12197520661157024 0.02871766848816029 0.04890909090909091
1 0.911367941712204 0.12362809917355372 0.02237158469945355 0.041195592286501374
1 0.888287795992714 0.12450137741046832 0.02721311475409836 0.04624793388429752
1 0.024792349726775957 0.13450137741046833 0.025540983606557377 0.038699724517906334
1 0.2986539162112932 0.1408870523415978 0.019530054644808743 0.036044077134986224
1 0.16080510018214936 0.15341046831955923 0.02361384335154827 0.04235812672176308
1 0.9549599271402549 0.16686776859504132 0.02285245901639344 0.05053994490358127
9 0.11746630236794171 0.17044903581267218 0.06516939890710383 0.0488870523415978
1 0.47162295081967215 0.17916528925619835 0.02448451730418943 0.04758677685950413
1 0.3104262295081967 0.17936914600550966 0.024131147540983604 0.03477134986225895
1 0.6423460837887067 0.19087878787878787 0.048990892531876135 0.05228099173553719
9 0.8880437158469945 0.19789256198347108 0.12654280510018215 0.09275482093663912
1 0.7240382513661202 0.2037796143250689 0.04115482695810565 0.03620936639118457
1 0.08940437158469945 0.2137961432506887 0.026531876138433514 0.030898071625344352
1 0.06424408014571949 0.21799724517906338 0.021384335154826958 0.03599449035812672
1 0.2767103825136612 0.2181212121212121 0.0324735883424408 0.03844628099173554
1 0.479488160291439 0.22828099173553718 0.0278287795992714 0.041134986225895315
1 0.3120473588342441 0.22830853994490358 0.031016393442622952 0.03127272727272727
1 0.21401092896174864 0.24494765840220384 0.016364298724954464 0.03700275482093664
1 0.6274207650273224 0.25536088154269976 0.05192714025500911 0.04019834710743801
1 0.19562841530054645 0.2587603305785124 0.024043715846994537 0.024958677685950413
1 0.8402750455373406 0.28519283746556473 0.028091074681238615 0.05578512396694215
9 0.337943533697632 0.29020110192837467 0.18772677595628412 0.10987878787878788
1 0.20693078324225864 0.29266942148760333 0.04227686703096539 0.046495867768595045
1 0.9304699453551912 0.2934573002754821 0.01904553734061931 0.044765840220385676
1 0.8895045537340619 0.2939146005509642 0.033289617486338796 0.056699724517906336
1 0.6705446265938069 0.29708539944903584 0.04710018214936247 0.03879889807162534
1 0.7884207650273225 0.3134325068870523 0.04241530054644809 0.038435261707988985
1 0.7303879781420765 0.31623415977961433 0.056040072859744994 0.03522314049586777
1 0.8925100182149363 0.32099724517906336 0.0269143897996357 0.0392396694214876
1 0.9371821493624772 0.3265068870523416 0.022998178506375228 0.0392396694214876
1 0.8512367941712204 0.33384848484848484 0.022327868852459017 0.04841322314049587
1 0.1813806921675774 0.3536501377410468 0.025420765027322406 0.04504132231404959
4 0.021353369763205825 0.37600275482093665 0.02230601092896175 0.06440220385674932
1 0.45253187613843354 0.3862258953168044 0.030018214936247727 0.07052341597796143
1 0.20598724954462658 0.3862314049586777 0.02436065573770492 0.026457300275482095
1 0.38659927140255007 0.3907768595041322 0.027843351548269585 0.033344352617079895
1 0.3149289617486339 0.39678787878787874 0.03022222222222222 0.036550964187327825
1 0.40819125683060103 0.3995426997245179 0.028768670309653917 0.036550964187327825
1 0.20054826958105645 0.41484848484848486 0.03096903460837887 0.05173553719008265
1 0.7962732240437158 0.4178457300275482 0.05083424408014572 0.051118457300275484
1 0.05008925318761385 0.4277382920110193 0.038247723132969036 0.03784573002754821
1 0.9794663023679417 0.4495785123966942 0.036163934426229505 0.04846831955922865
1 0.4273260473588342 0.46793388429752064 0.037894353369763205 0.030082644628099175
1 0.21866120218579235 0.4717272727272727 0.022750455373406194 0.03436363636363636
1 0.2519471766848816 0.4752341597796143 0.03249180327868852 0.04027548209366391
1 0.027413479052823316 0.4819807162534435 0.03296903460837887 0.04495316804407714
1 0.05722768670309654 0.4852837465564738 0.029209471766848818 0.05045730027548209
1 0.33885610200364297 0.4887575757575758 0.026346083788706738 0.05740495867768595
1 0.09096174863387978 0.492831955922865 0.0478615664845173 0.038005509641873284
15 0.2996757741347905 0.4939146005509642 0.03978870673952641 0.01703030303030303
1 0.979087431693989 0.5117768595041322 0.038320582877959926 0.049449035812672175
1 0.2717741347905282 0.5187465564738292 0.02332969034608379 0.03473829201101928
1 0.5342276867030965 0.5266363636363637 0.04769034608378871 0.05712947658402204
1 0.787735883424408 0.5362203856749311 0.02501639344262295 0.0432396694214876
1 0.7619526411657559 0.5380578512396694 0.025908925318761385 0.041404958677685955
1 0.7309781420765028 0.5417768595041322 0.03681967213114754 0.03451790633608815
9 0.07566848816029142 0.5455068870523416 0.08066302367941712 0.05409917355371901
1 0.3402185792349727 0.5455316804407714 0.023242258652094717 0.050842975206611574
1 0.24583242258652094 0.5497162534435261 0.026819672131147543 0.031663911845730024