1 0.6808638059701492 0.473585694379935 0.0072499999999999995 0.022879702740362284
1 0.41796828358208954 0.5170181142591733 0.005339552238805971 0.016850905712958664
1 0.37353171641791044 0.5206850905712959 0.00601865671641791 0.01768230376219229
1 0.9440708955223881 0.522724105898746 0.013514925373134328 0.006897352531351602
1 0.7085895522388059 0.533374361356247 0.02016417910447761 0.00869019972131909
1 0.901972014925373 0.5430260102183 0.017376865671641793 0.007556897352531351
1 0.8709962686567164 0.5434626103111937 0.01587313432835821 0.007501161170459823
15 0.644964552238806 0.5441151881096145 0.00410820895522388 0.016237807710171855
1 0.8156809701492538 0.5466883418485834 0.019421641791044775 0.006521133302368787
1 0.7906902985074628 0.5543334881560613 0.006753731343283583 0.01995355318160706
1 0.46413619402985073 0.5648304691128657 0.005884328358208955 0.013079424059451927
1 0.42322574626865667 0.5660055736182071 0.005406716417910448 0.0172875058058523
15 0.6470727611940298 0.5693195541105434 0.005339552238805971 0.015555039479795635
1 0.9465839552238805 0.570717603344171 0.002869402985074627 0.011848583372039015
1 0.7257108208955224 0.5706641895030191 0.016347014925373136 0.008026010218300047
1 0.6649067164179104 0.5709893172317696 0.018619402985074626 0.008676265675801207
1 0.9401268656716418 0.5712215513237343 0.0026417910447761195 0.011927542963307013
1 0.6958115671641791 0.5709591267998143 0.020727611940298506 0.008615884811890386
1 0.9528507462686566 0.5716511843938691 0.003462686567164179 0.013715745471435207
1 0.38983022388059696 0.5721365536460752 0.005779850746268657 0.016544356711565258
1 0.364080223880597 0.5735415699024617 0.00651865671641791 0.015638643752902928
1 0.8199776119402985 0.5813864375290292 0.006373134328358209 0.004389224338132837
1 0.8315541044776119 0.5853831862517417 0.004152985074626866 0.010524849047840222
1 0.6456399253731343 0.5892127264282397 0.004712686567164179 0.011681374825824431
1 0.9495727611940299 0.5905596841616348 0.004369402985074627 0.012517417556897352
1 0.7884981343283582 0.5979307942405945 0.017294776119402985 0.006823037621922898
1 0.647330223880597 0.605559684161635 0.00883955223880597 0.0053599628425452855
1 0.7438768656716418 0.6056665118439387 0.01014179104477612 0.006502554575011612
1 0.1954776119402985 0.6103994426381794 0.005134328358208955 0.018755225267069207
1 0.060311567164179104 0.612085462145843 0.013906716417910449 0.007264282396655829
1 0.8094962686567163 0.6144310264746864 0.006305970149253731 0.0240315838365072
1 0.3476791044776119 0.6202833255921969 0.004313432835820896 0.015299581978634463
1 0.4853414179104477 0.622440780306549 0.005757462686567164 0.016827682303762193
1 0.9614552238805969 0.6322805387830933 0.00798507462686567 0.004923362749651649
1 0.7952238805970149 0.6362029725963771 0.016567164179104477 0.008123548536925219
1 0.46004664179104476 0.6374686483975848 0.011884328358208955 0.008797027403622853
1 0.3479328358208955 0.6386855550394798 0.004074626865671642 0.012159777055271714
1 0.41076679104477615 0.6467974918718068 0.004369402985074627 0.017236414305620066
1 0.8307369402985074 0.6471992568509057 0.004011194029850746 0.010608453320947515
1 0.38697761194029845 0.6473896888063168 0.003805970149253731 0.017491871806781235
1 0.8235335820895523 0.6474965164886205 0.003783582089552239 0.010274036228518347
1 0.20357089552238808 0.6680004644681838 0.004902985074626866 0.017840222944728285
1 0.09420335820895523 0.6715931258708778 0.013033582089552239 0.008304691128657686
1 0.15123880597014924 0.6718439386901998 0.013671641791044777 0.006948444031583837
1 0.7754029850746268 0.6938574082675337 0.016477611940298505 0.008244310264746865
1 0.3764160447761194 0.7213121226196005 0.00507089552238806 0.01670692057594055
1 0.8379925373134329 0.7213678588016721 0.008074626865671642 0.004742220157919183
1 0.9404179104477612 0.7225243845796563 0.012925373134328358 0.006126335346028797
1 0.9545634328358209 0.7239804923362749 0.005395522388059701 0.013683232698560149
1 0.7584067164179105 0.7267742684626103 0.009350746268656717 0.004407803065490014
1 0.4242313432835821 0.7269298653042267 0.014134328358208955 0.0075058058522991175
1 0.870294776119403 0.7281165815141663 0.0055149253731343285 0.01731072921504877
1 0.32175 0.7282280538783094 0.012902985074626864 0.007315373896888063
1 0.848089552238806 0.7318578727357177 0.01408955223880597 0.006214584300975384
1 0.4828638059701493 0.7492080817464004 0.005279850746268657 0.020478402229447284
1 0.13738805970149254 0.7512122619600556 0.003134328358208955 0.011481653506734787
1 0.6948022388059701 0.7539665582907571 0.013485074626865672 0.005843009753831863
1 0.9023619402985075 0.760190431955411 0.004723880597014925 0.016432884347422204
1 0.0744160447761194 0.7636274965164885 0.010772388059701493 0.0056572224802601025
1 0.9023675373134328 0.7812703204830469 0.00548134328358209 0.01586158848118904
1 0.0663731343283582 0.7843822573153739 0.010358208955223882 0.004435671156525778
1 0.49248507462686564 0.7873734324198792 0.014074626865671642 0.008560148629818857
1 0.5573208955223881 0.7929191825359962 0.013895522388059703 0.010362285183464931
1 0.8876175373134328 0.8037923827217835 0.0050858208955223885 0.017245703669298656
15 0.8092126865671642 0.8060775661867161 0.004992537313432836 0.016242452392011147
1 0.2260055970149254 0.818039944263818 0.004996268656716418 0.015085926614026938
1 0.19766044776119404 0.8262424523920112 0.0095 0.00548072457036693
15 0.808820895522388 0.8296052020436601 0.004208955223880597 0.01592196934509986
1 0.3136585820895522 0.8338504412447747 0.005675373134328358 0.016980956804458897
1 0.0686660447761194 0.8448560148629819 0.012705223880597014 0.00555039479795634
15 0.8101343283582089 0.8508337203901533 0.005343283582089553 0.021221551323734322
1 0.5481679104477611 0.8583906177426847 0.011261194029850746 0.006609382257315374
1 0.31380037313432835 0.861098467254993 0.0052126865671641796 0.016669763121226196
1 0.9138805970149253 0.8687598699489085 0.015074626865671641 0.008769159312587087
1 0.9418694029850746 0.8771365536460752 0.005380597014925373 0.019019972131908966
1 0.9492574626865673 0.8771830004644682 0.0052313432835820895 0.018183929400836043
1 0.9343768656716418 0.8772526706920576 0.00532089552238806 0.01646539712029726
1 0.9271194029850746 0.8796934509986066 0.0042388059701492535 0.012057594054807247
1 0.22606529850746268 0.8847120297259639 0.005115671641791045 0.015592196934509986
1 0.42046641791044775 0.8851068276823038 0.012574626865671642 0.008021365536460752
1 0.036296641791044776 0.8925383186251742 0.00542910447761194 0.01638179284718997
15 0.48073507462686565 0.8926614026939155 0.004753731343283582 0.01569902461681375
15 0.9196175373134328 0.8942731072921505 0.006399253731343283 0.01892243381328379
1 0.019458955223880598 0.898729679516953 0.010559701492537314 0.0064700418021365535
1 0.9343488805970148 0.09065954482117974 0.0037723880597014922 0.011323734324198791
15 0.053742537313432835 0.9057338597306085 0.0045000000000000005 0.017691593125870878
15 0.9432779850746269 0.9112842545285648 0.012675373134328358 0.005568973525313516
1 0.902169776119403 0.9122991175104506 0.01553358208955224 0.007598699489084998
15 0.18224440298507463 0.9147909893172318 0.004041044776119403 0.015369252206223875
1 0.9468768656716419 0.0915164886205295 0.004201492537313433 0.01210868555503948
1 0.953125 0.09179749187180677 0.0032649253731343282 0.012670692057594055
1 0.9405690298507462 0.09179516953088714 0.0035261194029850744 0.013594983743613563
1 0.9217481343283581 0.9209196470041802 0.012899253731343284 0.005332094751509522
15 0.9020335820895522 0.9229516953088713 0.01376865671641791 0.007538318625174176
1 0.7574981343283582 0.924953553181607 0.012011194029850746 0.006897352531351602
1 0.735490671641791 0.925664189503019 0.00307089552238806 0.011105434277751973
1 0.6532294776119403 0.9256897352531351 0.0042201492537313435 0.013014398513701812
1 0.717990671641791 0.9257617278216442 0.0031455223880597015 0.012229447282861123
1 0.6225223880597015 0.9257686948444032 0.004746268656716418 0.015030190431955411
1 0.665535447761194 0.926012540640966 0.003458955223880597 0.009944263817928472
1 0.5604272388059701 0.9265095215977706 0.0036902985074626867 0.008151416627960985
1 0.6842220149253732 0.9267045982350208 0.0035186567164179105 0.010399442638179286
1 0.6283190298507463 0.926823037621923 0.0036529850746268655 0.008778448676265675
1 0.6901772388059702 0.9266651184393868 0.002742537313432836 0.009391546679052485
1 0.6406996268656716 0.9269554110543428 0.0030410447761194032 0.009043195541105433
1 0.6719123134328358 0.9272619600557361 0.0035261194029850744 0.010585229911751044
1 0.822473880597015 0.9285740826753367 0.013604477611940299 0.006706920575940548
15 0.8815746268656716 0.9300905712958661 0.015388059701492538 0.007882025081281932
15 0.8025522388059702 0.9305852299117511 0.01555223880597015 0.007942405945192755
1 0.7693880597014926 0.9339781699953553 0.009671641791044776 0.00915466790524849
1 0.1688376865671642 0.9363585694379936 0.00483955223880597 0.01484440315838365
1 0.8233880597014924 0.9380422666047376 0.013940298507462687 0.006135624709707386
1 0.255169776119403 0.9398676265675802 0.008847014925373134 0.0051416627960984675
1 0.9034235074626866 0.9419112865768695 0.012817164179104478 0.006442173711100789
15 0.8021623134328358 0.9444124477473292 0.01626492537313433 0.0077287505805852304
1 0.08783955223880596 0.9465861588481189 0.003291044776119403 0.01114723641430562
1 0.8240429104477611 0.9586785880167208 0.013011194029850745 0.00653506734788667
15 0.7965727611940299 0.962882025081282 0.005832089552238806 0.01772875058058523
15 0.8077220149253732 0.9632443102647468 0.0072350746268656715 0.018453320947515093
1 0.9037649253731344 0.9642800743149094 0.012007462686567164 0.005661867162099396
1 0.8611212686567163 0.9700441244774733 0.014779850746268657 0.005113794705062703
1 0.1252518656716418 0.12540176497909894 0.013190298507462688 0.006493265211333024
1 0.06432649253731344 0.13065025545750117 0.007011194029850746 0.015132373432419879
1 0.39161940298507464 0.13681607059916395 0.013089552238805969 0.007027403622851835
1 0.7808022388059702 0.14454946586158848 0.004888059701492537 0.018778448676265675
1 0.7640522388059702 0.14467719461216907 0.005716417910447761 0.016247097073850438
1 0.7724216417910448 0.14656525777984208 0.004544776119402985 0.019094287041337667
1 0.6145708955223881 0.14824895494658616 0.005261194029850746 0.015959126799814212
1 0.8046641791044776 0.15339061774268462 0.010074626865671642 0.006734788666976312
1 0.3089589552238806 0.15350441244774732 0.00896268656716418 0.0041755689735253135
1 0.12442350746268656 0.1562888992104041 0.01153358208955224 0.005099860659544821
1 0.3683619402985075 0.15989781699953554 0.019559701492537315 0.008601950766372502
1 0.5029067164179104 0.16618671620993963 0.012529850746268657 0.007245703669298653
1 0.539580223880597 0.16658383650719924 0.013488805970149254 0.007111007895959127
1 0.18556343283582089 0.1720204366000929 0.012917910447761194 0.0068369716674407804
1 0.3682667910447761 0.17294240594519278 0.015638059701492537 0.005894101254064097
1 0.43264365671641786 0.1809498374361356 0.013794776119402984 0.007974918718067813
1 0.6868320895522388 0.1881862517417557 0.011723880597014926 0.006655829075708314
1 0.364375 0.1890222944728286 0.013078358208955223 0.0064700418021365535
1 0.11945895522388059 0.1976474686483976 0.014291044776119402 0.006070599163957269
1 0.6884813432835821 0.20009753831862517 0.012783582089552239 0.007254993032977241
1 0.3104869402985075 0.21149326521133305 0.010526119402985075 0.004965164886205295
1 0.2902929104477612 0.21674640037157453 0.009690298507462686 0.0061820715281003255
1 0.30932462686567164 0.2217347886669763 0.009694029850746268 0.005940548072457036
1 0.2904477611940298 0.22631212261960057 0.01 0.006734788666976312
1 0.8382817164179104 0.23013469577333953 0.011638059701492539 0.007877380399442638
1 0.8135522388059702 0.23042498838829542 0.009940298507462687 0.007529029261495588
1 0.9463470149253731 0.2354412447747329 0.012843283582089552 0.006414305620065026
1 0.2914589552238806 0.23638411518810962 0.010529850746268657 0.005513237343241988
1 0.30786940298507465 0.23717138875986996 0.00976865671641791 0.005229911751045054
1 0.9617929104477612 0.24032512772875056 0.003436567164179105 0.012466326056665119
1 0.8013190298507462 0.24438690199721316 0.004876865671641791 0.014087320018578726
1 0.7929029850746269 0.24448211797491873 0.005208955223880598 0.014277751973989781
1 0.9465317164179105 0.24467022758941012 0.01246641791044776 0.0053646075243845796
1 0.5688414179104477 0.24631212261960053 0.011563432835820895 0.005861588481189038
1 0.12907462686567164 0.24942405945192753 0.009641791044776119 0.004653971202972596
1 0.9472238805970149 0.25366000928936366 0.011611940298507463 0.005694379934974454
1 0.9616902985074627 0.254289363678588 0.003977611940298507 0.01252670692057594
1 0.12863432835820895 0.2596493265211333 0.009507462686567164 0.005596841616349281
1 0.7813376865671642 0.259684161634928 0.004466417910447762 0.013098002786809103
1 0.9460018656716417 0.2624454249883883 0.01066044776119403 0.005615420343706456
1 0.684945895522388 0.26222944728286113 0.012429104477611941 0.006112401300510915
1 0.6982033582089552 0.26927542963307016 0.005361940298507463 0.018346493265211334
1 0.1289813432835821 0.27039479795633997 0.010947761194029852 0.004793311658151417
1 0.8378414179104477 0.27039479795633997 0.004787313432835821 0.015011611704598235
1 0.8040597014925374 0.2705109150023223 0.004388059701492537 0.015243845796562936
1 0.8127294776119403 0.27097306084533207 0.004563432835820896 0.014310264746864839
1 0.9472220149253731 0.27254760798885275 0.011608208955223881 0.005383186251741756
1 0.68575 0.27364375290292614 0.012544776119402985 0.005717603344170924
1 0.4880951492537314 0.2773060845332095 0.003802238805970149 0.012113330236878774
1 0.9729048507462688 0.28037389688806313 0.01521268656716418 0.0061727821644217366
1 0.12816791044776119 0.2806595448211797 0.008574626865671642 0.005815141662796099
1 0.6855727611940299 0.28380167208546214 0.01144402985074627 0.006525777984208082
1 0.7819384328358209 0.2857268927078495 0.004921641791044776 0.01316302833255922
1 0.7928097014925373 0.2861077566186716 0.005768656716417911 0.011137947050627033
1 0.9738097014925373 0.28922201579191825 0.01403731343283582 0.00807710171853228
1 0.4272220149253731 0.2918416163492801 0.01116044776119403 0.005884811890385509
1 0.9571212686567164 0.3025870877844868 0.007526119402985075 0.020873200185787272
1 0.2948152985074627 0.30470041802136555 0.01575 0.007450069670227589
1 0.360214552238806 0.30513469577333957 0.015951492537313434 0.00831862517417557
1 0.12901679104477612 0.3127705527171389 0.008779850746268657 0.005011611704598235
1 0.42698507462686563 0.31330933581049697 0.014417910447761194 0.007018114259173246
1 0.6819832089552238 0.31815373896888066 0.005011194029850746 0.009275429633070134
1 0.42780970149253733 0.32504876915931263 0.01158955223880597 0.005415699024616814
1 0.2963544776119403 0.32672549930329775 0.013604477611940299 0.007840222944728286
1 0.8149402985074626 0.3324384579656294 0.0045074626865671645 0.013692522062238737
1 0.7980541044776119 0.33233395262424525 0.005063432835820896 0.012554575011611705
1 0.12863992537313432 0.33284718996748724 0.009518656716417911 0.004291686019507664
1 0.8059253731343284 0.33300743149094286 0.005134328358208955 0.014830469112865768
1 0.8229141791044775 0.33307245703669297 0.0055298507462686565 0.014031583836507199
1 0.42731529850746264 0.3351625638643753 0.013585820895522387 0.006135624709707386
1 0.979070895522388 0.33723176962378076 0.002917910447761194 0.010274036228518347
1 0.6649776119402986 0.34146075243845797 0.007567164179104478 0.004797956339990711
1 0.9571156716417911 0.34264514630747794 0.006768656716417911 0.023887598699489084
1 0.2986473880597015 0.3456967022758941 0.018936567164179106 0.007696237807710172
1 0.43190671641791045 0.3464607524384579 0.013813432835820897 0.008295401764979098
1 0.778285447761194 0.34715745471435205 0.005824626865671641 0.017120297259637714
1 0.8418507462686566 0.3474686483975848 0.004597014925373135 0.014955875522526708
1 0.8689141791044777 0.34760566651184394 0.0035000000000000005 0.01337203901532745
1 0.8510764925373135 0.3479888527635857 0.004391791044776119 0.01320947515095216
1 0.6803973880597015 0.3569043195541105 0.006317164179104478 0.023608917789131444
1 0.4909253731343284 0.3573084068741291 0.009462686567164178 0.004909428704133767
1 0.7978805970149254 0.3618392940083604 0.003970149253731343 0.013971202972596377
1 0.7894253731343283 0.3620692057594055 0.0042238805970149255 0.013502090106827682
1 0.8144701492537314 0.3624709707385044 0.005059701492537314 0.014305620065025546
1 0.8226902985074627 0.3628169995355318 0.004335820895522388 0.014068741291221551
1 0.8313451492537314 0.3627821644217371 0.0052276119402985075 0.012141198327914538
1 0.8062070895522389 0.36352995819786343 0.0049514925373134325 0.013636785880167208
1 0.3605820895522388 0.3660473757547608 0.015194029850746268 0.008453320947515094
1 0.29472388059701493 0.36723641430562004 0.017059701492537313 0.007115652577798421
1 0.8514011194029851 0.3722851834649326 0.004294776119402985 0.015355318160705993
1 0.8605615671641791 0.37254064096609385 0.004705223880597015 0.01586623316302833
1 0.8414141791044776 0.3728053878309336 0.004470149253731344 0.015466790524849047
1 0.12214365671641791 0.03796795169530887 0.004735074626865671 0.01369716674407803
1 0.9790727611940299 0.3763190896423595 0.004414179104477612 0.013204830469112866
1 0.9574067164179104 0.38153042266604736 0.007350746268656716 0.021769623780771016
1 0.6555708955223881 0.38434045517882026 0.008156716417910447 0.004166279609846725
1 0.7779104477611941 0.38952856479331166 0.003582089552238806 0.012684626103111937
1 0.7894682835820895 0.3916674407803065 0.005055970149253732 0.014175568973525314
1 0.7977481343283582 0.3930771017185323 0.005197761194029851 0.01792382721783558
1 0.680660447761194 0.3942475615420344 0.005350746268656717 0.02026474686483976
1 0.06021455223880597 0.3941825359962842 0.012220149253731343 0.0071295866233163025
1 0.1929570895522388 0.39441941477008824 0.012779850746268657 0.006674407803065489
1 0.8601828358208955 0.39687645146307476 0.005440298507462687 0.012517417556897352
1 0.8510373134328358 0.39709010682768225 0.005059701492537314 0.013873664653971203
1 0.8422350746268656 0.3978611240130051 0.004619402985074627 0.01355782628889921
1 0.9788638059701492 0.40806549001393405 0.004742537313432836 0.013529958197863446
1 0.8737686567164178 0.40947979563399906 0.0035074626865671645 0.011713887598699489
1 0.7773227611940298 0.4135253135160242 0.0031529850746268655 0.010515559684161636
1 0.801365671641791 0.4203901532745007 0.004970149253731343 0.01588481189038551
1 0.8581492537313433 0.42066186716209936 0.004358208955223881 0.013641430562006503
1 0.8501809701492538 0.4205248490478402 0.00483955223880597 0.014296330701346957
1 0.8421324626865672 0.42060148629818855 0.004414179104477612 0.015378541569902461
1 0.9565727611940298 0.42088248954946583 0.00642910447761194 0.022443102647468648
1 0.8329608208955224 0.4208499767765908 0.005473880597014926 0.014946586158848118
1 0.8092705223880596 0.4209150023223409 0.004361940298507463 0.016005573618207154
1 0.7918880597014926 0.42160241523455644 0.004671641791044776 0.015522526706920576
1 0.6569029850746269 0.4237203901532745 0.0070895522388059705 0.004895494658615884
1 0.4925186567164179 0.4271551323734324 0.004440298507462687 0.015480724570366929
1 0.6804962686567164 0.4336460752438458 0.005022388059701493 0.021031119368323272
1 0.6557723880597015 0.45620761727821646 0.007813432835820895 0.0048444031583836505