16 0.721736204576043 0.16080729166666666 0.007402422611036339 0.024739583333333332
16 0.7291386271870794 0.16471354166666666 0.007402422611036339 0.01953125
16 0.753028263795424 0.17513020833333334 0.009421265141318977 0.022135416666666668
16 0.7654777927321669 0.18033854166666666 0.010094212651413189 0.024739583333333332
16 0.6877523553162853 0.16536458333333334 0.013458950201884253 0.028645833333333332
16 0.8876177658142664 0.21158854166666666 0.010767160161507403 0.024739583333333332
2 0.9189098250336474 0.23958333333333334 0.04374158815612382 0.07552083333333333
16 0.7876850605652759 0.21419270833333334 0.010094212651413189 0.01171875
16 0.7917227456258412 0.22981770833333334 0.011440107671601614 0.016927083333333332
16 0.11372812920592194 0.09505208333333333 0.008075370121130552 0.0234375
16 0.10733512786002691 0.09505208333333333 0.010094212651413189 0.028645833333333332
16 0.23317631224764468 0.12565104166666666 0.01278600269179004 0.029947916666666668
16 0.2446164199192463 0.12955729166666666 0.010094212651413189 0.02734375
2 0.7617765814266487 0.24544270833333334 0.05114401076716016 0.08984375
2 0.5992597577388964 0.21549479166666666 0.01816958277254374 0.040364583333333336
2 0.7318304172274562 0.2532552083333333 0.01547779273216689 0.022135416666666668
2 0.9104979811574697 0.3326822916666667 0.040376850605652756 0.07942708333333333
2 0.8203230148048453 0.3216145833333333 0.04845222072678331 0.08854166666666667
2 0.8633916554508748 0.33203125 0.04845222072678331 0.09114583333333333
4 0.05955585464333782 0.169921875 0.0423956931359354 0.22265625
16 0.39737550471063254 0.24544270833333334 0.01278600269179004 0.02734375
2 0.4064602960969044 0.25 0.010767160161507403 0.026041666666666668
2 0.11036339165545088 0.19921875 0.013458950201884253 0.020833333333333332
2 0.10901749663526245 0.24348958333333334 0.04441453566621804 0.08333333333333333
2 0.1382907133243607 0.2545572916666667 0.010094212651413189 0.024739583333333332
16 0.17799461641991923 0.2838541666666667 0.008748317631224764 0.0234375
16 0.18405114401076716 0.2858072916666667 0.007402422611036339 0.024739583333333332
16 0.17328398384925975 0.302734375 0.016823687752355317 0.016927083333333332
16 0.23418573351278602 0.3268229166666667 0.012113055181695828 0.03125
16 0.17261103633916555 0.3157552083333333 0.014131897711978465 0.014322916666666666
4 0.10834454912516824 0.458984375 0.04979811574697174 0.19401041666666666
16 0.4888963660834455 0.06380208333333333 0.011440107671601614 0.0234375
16 0.4996635262449529 0.06770833333333333 0.01278600269179004 0.018229166666666668
16 0.5491251682368775 0.07747395833333333 0.013458950201884253 0.016927083333333332
16 0.5238896366083445 0.07291666666666667 0.010094212651413189 0.018229166666666668
16 0.5161507402422612 0.07291666666666667 0.010767160161507403 0.013020833333333334
16 0.5501345895020189 0.09049479166666667 0.014131897711978465 0.016927083333333332
16 0.38627187079407804 0.923828125 0.009421265141318977 0.024739583333333332
16 0.3936742934051144 0.9270833333333334 0.009421265141318977 0.020833333333333332
16 0.4044414535666218 0.9322916666666666 0.010767160161507403 0.018229166666666668
16 0.8270524899057874 0.17252604166666666 0.012113055181695828 0.037760416666666664
16 0.8714670255720054 0.18229166666666666 0.010767160161507403 0.03125
2 0.6009421265141319 0.13020833333333334 0.021534320323014805 0.03125
9 0.7967698519515478 0.17513020833333334 0.04172274562584118 0.08723958333333333
20 0.7375504710632571 0.1640625 0.012113055181695828 0.015625