2 0.5378863409770688 0.5821428571428572 0.010967098703888335 0.02012987012987013
2 0.5820039880358924 0.5733766233766234 0.00847457627118644 0.01818181818181818
2 0.5902293120638086 0.5727272727272728 0.010967098703888335 0.015584415584415584
2 0.49401794616151545 0.599025974025974 0.01794616151545364 0.014935064935064935
2 0.4603688933200399 0.6672077922077922 0.050348953140578266 0.07077922077922078
2 0.9683449651046859 0.5675324675324676 0.041375872382851446 0.048051948051948054
20 0.4666001994017946 0.6948051948051948 0.018943170488534396 0.023376623376623377
2 0.9449152542372882 0.5805194805194805 0.0353938185443669 0.04285714285714286
2 0.44940179461615154 0.7162337662337662 0.015453639082751745 0.012987012987012988
2 0.5226819541375872 0.6993506493506494 0.028414755732801594 0.03506493506493506
16 0.22432701894317048 0.7782467532467533 0.009970089730807577 0.02012987012987013
16 0.3177966101694915 0.7545454545454545 0.007477567298105683 0.015584415584415584
16 0.2335493519441675 0.7772727272727272 0.00847457627118644 0.01948051948051948
16 0.2938683948155533 0.7646103896103896 0.013459621136590228 0.012337662337662338
16 0.2457627118644068 0.7909090909090909 0.007976071784646061 0.016883116883116882
16 0.23928215353938184 0.7938311688311688 0.00897308075772682 0.016233766233766232
16 0.2978564307078764 0.7795454545454545 0.009471585244267198 0.016233766233766232
16 0.30483549351944167 0.7775974025974026 0.007477567298105683 0.01753246753246753
2 0.948654037886341 0.6211038961038962 0.013958125623130608 0.013636363636363636
20 0.9653539381854437 0.6211038961038962 0.01744765702891326 0.022727272727272728
16 0.5087238285144566 0.7386363636363636 0.007477567298105683 0.014935064935064935
16 0.5022432701894317 0.7418831168831169 0.009471585244267198 0.01753246753246753
16 0.48678963110667994 0.7483766233766234 0.00847457627118644 0.01753246753246753
16 0.4950149551345962 0.7480519480519481 0.009970089730807577 0.02077922077922078
2 0.43469591226321036 0.7727272727272727 0.0518444666001994 0.05974025974025974
2 0.5633100697906281 0.7493506493506493 0.00897308075772682 0.014285714285714285
2 0.5044865403788634 0.7646103896103896 0.007976071784646061 0.01753246753246753
2 0.4977567298105683 0.7668831168831168 0.009471585244267198 0.01818181818181818
2 0.5486041874376869 0.7535714285714286 0.00847457627118644 0.01753246753246753
2 0.5558325024925225 0.7522727272727273 0.007976071784646061 0.014935064935064935
2 0.4900299102691924 0.7694805194805194 0.010967098703888335 0.02077922077922078
2 0.5127118644067796 0.7636363636363637 0.010468594217347957 0.02077922077922078
2 0.5406281156530409 0.7574675324675325 0.009471585244267198 0.01883116883116883
9 0.9895314057826521 0.6454545454545455 0.019940179461615155 0.024675324675324677
20 0.9695912263210369 0.6506493506493507 0.024925224327018942 0.032467532467532464
16 0.9967597208374875 0.6590909090909091 0.005483549351944167 0.012987012987012988
2 0.4531405782652044 0.8074675324675324 0.022931206380857428 0.025324675324675326
2 0.4224825523429711 0.8266233766233766 0.025423728813559324 0.032467532467532464
2 0.45164506480558325 0.8366883116883117 0.028913260219341975 0.03831168831168831
2 0.42098703888334993 0.8561688311688311 0.025423728813559324 0.03571428571428571
9 0.5333998005982054 0.8321428571428572 0.06281156530408774 0.07857142857142857
2 0.3963110667996012 0.8974025974025974 0.026919242273180457 0.03636363636363636
2 0.4561316051844467 0.8847402597402597 0.013958125623130608 0.024025974025974027
9 0.4583748753738784 0.8915584415584416 0.032402791625124626 0.05454545454545454
9 0.4242273180458624 0.9058441558441559 0.028913260219341975 0.045454545454545456
2 0.4010468594217348 0.9308441558441558 0.028414755732801594 0.03051948051948052
2 0.555333998005982 0.8980519480519481 0.00897308075772682 0.01818181818181818
2 0.5904785643070788 0.8892857142857142 0.011465603190428714 0.02012987012987013
2 0.5812562313060817 0.8925324675324675 0.011964107676969093 0.022727272727272728
2 0.5246759720837487 0.9064935064935065 0.011465603190428714 0.024675324675324677
2 0.5730309072781655 0.8951298701298701 0.014456630109670987 0.02142857142857143
2 0.5478564307078764 0.9012987012987013 0.010967098703888335 0.015584415584415584
2 0.5994516450648056 0.8883116883116883 0.012462612163509471 0.024675324675324677
2 0.5645563310069791 0.8974025974025974 0.012462612163509471 0.01948051948051948
2 0.538135593220339 0.9045454545454545 0.011465603190428714 0.024675324675324677
2 0.5067298105682951 0.9123376623376623 0.011465603190428714 0.023376623376623377
2 0.4980059820538385 0.9149350649350649 0.00897308075772682 0.02077922077922078
2 0.515702891326022 0.9110389610389611 0.011465603190428714 0.02207792207792208
16 0.4506480558325025 0.950974025974026 0.009970089730807577 0.01753246753246753
16 0.43818544366899304 0.9555194805194805 0.007976071784646061 0.013636363636363636
2 0.5979561316051845 0.9256493506493506 0.03339980059820538 0.06168831168831169
2 0.56580259222333 0.9561688311688312 0.05284147557328016 0.07077922077922078
4 0.5164506480558325 0.9785714285714285 0.05982053838484546 0.04155844155844156
2 0.10443668993020937 0.18928571428571428 0.032402791625124626 0.046103896103896105
2 0.04885343968095713 0.2064935064935065 0.0259222333000997 0.04285714285714286
2 0.027916251246261216 0.2224025974025974 0.036889332003988036 0.05649350649350649
16 0.5630608175473579 0.2383116883116883 0.014456630109670987 0.011688311688311689
20 0.5899800598205384 0.23733766233766235 0.018444666001994018 0.02142857142857143
2 0.6358424725822532 0.2418831168831169 0.0423728813559322 0.06688311688311688
2 0.6797108673978066 0.23733766233766235 0.043369890329012964 0.07077922077922078
2 0.28489531405782653 0.3386363636363636 0.04935194416749751 0.046103896103896105
20 0.5942173479561316 0.2636363636363636 0.023928215353938187 0.014285714285714285
16 0.5533399800598205 0.274025974025974 0.006979062811565304 0.012987012987012988
16 0.5640578265204387 0.2775974025974026 0.010468594217347957 0.01753246753246753
16 0.5722831505483549 0.275974025974026 0.00897308075772682 0.01948051948051948
20 0.40154536390827517 0.32727272727272727 0.01744765702891326 0.02727272727272727
2 0.8905782652043869 0.21233766233766233 0.052342971086739784 0.05454545454545454
20 0.597457627118644 0.2909090909090909 0.018444666001994018 0.024675324675324677
9 0.8180458624127617 0.2409090909090909 0.03988035892323031 0.03896103896103896
2 0.5276669990029911 0.3172077922077922 0.052342971086739784 0.0512987012987013
20 0.4032901296111665 0.349025974025974 0.019940179461615155 0.022727272727272728
20 0.43519441674975073 0.3412337662337662 0.01794616151545364 0.024025974025974027
2 0.47557328015952144 0.3334415584415584 0.05583250249252243 0.05
2 0.8479561316051845 0.24123376623376624 0.010967098703888335 0.01883116883116883
20 0.5837487537387837 0.3155844155844156 0.018943170488534396 0.025974025974025976
20 0.5994516450648056 0.31233766233766236 0.016450648055832504 0.02207792207792208
2 0.9247258225324028 0.2331168831168831 0.047856430707876374 0.05844155844155844
2 0.82901296111665 0.2603896103896104 0.01296111665004985 0.011688311688311689
2 0.8140578265204387 0.26396103896103895 0.01794616151545364 0.014935064935064935
2 0.49376869391824524 0.3600649350649351 0.010468594217347957 0.02012987012987013
2 0.4406779661016949 0.37532467532467534 0.009970089730807577 0.01818181818181818
2 0.4484047856430708 0.37467532467532466 0.00847457627118644 0.01818181818181818
2 0.5411266201395812 0.3516233766233766 0.014456630109670987 0.013636363636363636
20 0.6081754735792622 0.33766233766233766 0.01794616151545364 0.024675324675324677
20 0.6296111665004985 0.3412337662337662 0.018943170488534396 0.024025974025974027
20 0.4738285144566301 0.4087662337662338 0.020438683948155532 0.02792207792207792
20 0.5530907278165503 0.38961038961038963 0.014456630109670987 0.02207792207792208
20 0.4583748753738784 0.413961038961039 0.019441674975074777 0.02142857142857143
20 0.48903290129611166 0.40714285714285714 0.01794616151545364 0.023376623376623377
2 0.4309571286141575 0.45064935064935063 0.04037886340977069 0.05194805194805195
20 0.9262213359920239 0.3525974025974026 0.020937188434695914 0.025974025974025976
2 0.5680458624127617 0.45422077922077925 0.03938185443668993 0.06948051948051948
20 0.9282153539381854 0.37402597402597404 0.01794616151545364 0.025974025974025976
2 0.595962113659023 0.4597402597402597 0.015453639082751745 0.015584415584415584
2 0.5979561316051845 0.47045454545454546 0.01744765702891326 0.013636363636363636
2 0.5997008973080757 0.47954545454545455 0.01296111665004985 0.012337662337662338
4 0.0682951146560319 0.6172077922077922 0.04885343968095713 0.10584415584415584
2 0.43768693918245266 0.525974025974026 0.040877367896311065 0.07272727272727272
9 0.5436191425722832 0.5100649350649351 0.08424725822532403 0.10974025974025974
20 0.9351944167497508 0.4211038961038961 0.0259222333000997 0.03051948051948052
2 0.4930209371884347 0.5399350649350649 0.013958125623130608 0.013636363636363636
2 0.6146560319042872 0.5152597402597403 0.009970089730807577 0.024025974025974027
2 0.597457627118644 0.5207792207792208 0.014456630109670987 0.01948051948051948
2 0.6079262213359921 0.5178571428571429 0.010468594217347957 0.02142857142857143
2 0.49426719840478567 0.5522727272727272 0.013459621136590228 0.01103896103896104
20 0.44865403788634095 0.575 0.01794616151545364 0.024025974025974027
16 0.23753738783649053 0.638961038961039 0.006480558325024925 0.014285714285714285
2 0.4977567298105683 0.5727272727272728 0.015453639082751745 0.011688311688311689
16 0.2313060817547358 0.6409090909090909 0.00897308075772682 0.015584415584415584
2 0.5129611166500498 0.5863636363636363 0.009970089730807577 0.01818181818181818
2 0.5214356929212363 0.5850649350649351 0.00897308075772682 0.01818181818181818