1 0.6711058122205663 0.5465599051008304 0.003314456035767511 0.025504151838671413
15 0.278698956780924 0.5602787663107948 0.003001490312965723 0.02447212336892052
1 0.28276154992548436 0.5605753262158956 0.003377049180327869 0.027437722419928826
15 0.9030342771982116 0.5669157769869514 0.0021937406855439645 0.025883748517200475
1 0.9073979135618481 0.5668090154211151 0.004363636363636364 0.02804270462633452
1 0.38342026825633385 0.5672479240806643 0.0038002980625931448 0.028920521945432976
15 0.4083606557377049 0.5679893238434164 0.0030104321907600596 0.030403321470937127
1 0.404354694485842 0.568582443653618 0.003940387481371088 0.02447212336892052
15 0.3795827123695976 0.5692467378410438 0.002682563338301043 0.028173190984578884
1 0.09944113263785395 0.571767497034401 0.0027570789865871835 0.02372479240806643
15 0.30066915052160953 0.572508896797153 0.0028286140089418777 0.02520759193357058
15 0.10326229508196721 0.5727402135231316 0.003842026825633383 0.02804270462633452
1 0.2966631892697466 0.5740688018979834 0.003758569299552906 0.02595492289442467
1 0.37181222056631896 0.5740688018979834 0.0032369597615499253 0.02595492289442467
15 0.7185856929955291 0.575326215895611 0.0040864381520119225 0.028469750889679714
15 0.690709388971684 0.5759193357058126 0.0031773472429210137 0.027283511269276393
1 0.714709388971684 0.5765124555160143 0.003487332339791356 0.028469750889679714
1 0.6850447093889717 0.5765124555160143 0.0037704918032786887 0.028469750889679714
1 0.6945842026825633 0.5768090154211151 0.0037734724292101344 0.029062870699881376
1 0.9226572280178837 0.5777520759193358 0.0032876304023845004 0.028576512455516016
15 0.9265603576751118 0.5786714116251482 0.0027481371087928466 0.02804270462633452
1 0.3651594634873323 0.6029833926453143 0.003046199701937407 0.02447212336892052
15 0.6278584202682563 0.6065421115065243 0.002661698956780924 0.02447212336892052
15 0.6142563338301043 0.6080960854092526 0.005263785394932936 0.037069988137603795
15 0.6432324888226528 0.6092111506524318 0.0036035767511177347 0.027437722419928826
15 0.5932935916542474 0.642497034400949 0.005067064083457526 0.037069988137603795
15 0.6056855439642325 0.6463523131672598 0.003025335320417288 0.028173190984578884
15 0.6017347242921013 0.6471708185053382 0.002277198211624441 0.027437722419928826
15 0.6105484351713859 0.6471708185053382 0.0032131147540983606 0.027437722419928826
15 0.6221758569299554 0.6475385527876631 0.003219076005961252 0.028173190984578884
15 0.5976348733233979 0.648208778173191 0.0030193740685543966 0.020023724792408066
1 0.47623845007451565 0.6895017793594306 0.0058301043219076 0.05041518386714116
1 0.15652160953800298 0.6900652431791222 0.006038748137108793 0.053914590747330966
1 0.1679865871833085 0.6899584816132859 0.006315946348733234 0.05607354685646501
1 0.45795827123695976 0.6906880189798339 0.00563338301043219 0.05041518386714116
1 0.46710730253353205 0.6906168446026097 0.005451564828614009 0.05264531435349941
1 0.8163129657228018 0.691429418742586 0.005800298062593145 0.051897983392645314
1 0.1789090909090909 0.6914709371293001 0.005508196721311476 0.049608540925266904
1 0.79475260804769 0.6915776986951364 0.005600596125186289 0.04744958481613286
1 0.805672131147541 0.6941755634638198 0.00597913561847988 0.05264531435349941
15 0.5590819672131148 0.7141162514827996 0.0028137108792846495 0.02372479240806643
20 0.13321311475409836 0.7341755634638196 0.01605365126676602 0.08519572953736654
20 0.2113532041728763 0.7353618030842229 0.01555290611028316 0.08519572953736654
20 0.437779433681073 0.7361387900355872 0.014754098360655738 0.08674970344009489
20 0.5119046199701938 0.7375444839857651 0.015165424739195231 0.0800711743772242
1 0.5770447093889717 0.7377698695136419 0.0035678092399403878 0.02595492289442467
15 0.5730938897168405 0.7381376037959668 0.0028196721311475412 0.026690391459074734
15 0.6177973174366617 0.7382147093712931 0.0034038748137108794 0.02447212336892052
1 0.6137347242921013 0.7401423487544485 0.0030283159463487335 0.02595492289442467
1 0.6100447093889717 0.7401423487544485 0.003397913561847988 0.02595492289442467
1 0.6061877794336811 0.7405871886120997 0.0028375558867362147 0.02447212336892052
15 0.6630566318926974 0.7544483985765125 0.003907600596125186 0.02609727164887307
15 0.6692444113263786 0.7572657176749703 0.004360655737704919 0.034104389086595494
1 0.19210879284649776 0.7647983392645314 0.006870342771982117 0.053914590747330966
15 0.6169210134128167 0.7663107947805456 0.0028435171385991055 0.02372479240806643
15 0.5771564828614009 0.7663107947805456 0.003195230998509687 0.02372479240806643
1 0.49483457526080477 0.7681672597864769 0.005466467958271237 0.051162514827995255
1 0.426150521609538 0.7697983392645315 0.00580327868852459 0.04967971530249111
1 0.11867660208643815 0.7708837485172005 0.006056631892697467 0.054223013048635825
1 0.5973561847988078 0.777135231316726 0.0024619970193740684 0.03113879003558719
15 0.6218956780923994 0.7879596678529063 0.0026587183308494785 0.026690391459074734
15 0.6499210134128167 0.7887010676156584 0.0026736214605067067 0.028173190984578884
1 0.6537600596125186 0.7884045077105575 0.0037943368107302535 0.02520759193357058
20 0.8109657228017884 0.7881079478054567 0.01418181818181818 0.08155397390272835
15 0.6575797317436661 0.7891459074733096 0.0024918032786885244 0.026690391459074734
15 0.6400640834575261 0.7901838671411625 0.003228017883755589 0.03113879003558719
20 0.8904575260804769 0.7918920521945434 0.014596125186289121 0.07488730723606168
15 0.5576467958271237 0.7932265717674971 0.004116244411326379 0.03485172004744958
15 0.696478390461997 0.8021945432977462 0.003388971684053651 0.026690391459074734
15 0.6926304023845008 0.8029359430604982 0.0034426229508196723 0.028173190984578884
15 0.6828286140089418 0.8030130486358245 0.0023189269746646795 0.02595492289442467
15 0.6649210134128167 0.8038256227758007 0.0028673621460506703 0.02520759193357058
1 0.8764441132637854 0.8042704626334519 0.005645305514157974 0.04744958481613286
1 0.6613248882265276 0.8043475682087783 0.0034247391952309985 0.021506524317912216
15 0.6687049180327869 0.8044958481613287 0.002685543964232489 0.028920521945432976
1 0.687338301043219 0.8066429418742586 0.004184798807749628 0.03558718861209965
1 0.37508345752608047 0.8129478054567023 0.06581520119225037 0.10750889679715302
1 0.30002235469448585 0.8147271648873073 0.06472429210134129 0.10157769869513641
1 0.18182861400894187 0.8168030842230131 0.003597615499254844 0.027437722419928826
1 0.18700894187779432 0.8176156583629893 0.003228017883755589 0.026690391459074734
1 0.1975365126676602 0.8180604982206405 0.0034187779433681076 0.02520759193357058
1 0.6218956780923994 0.8182858837485173 0.0026587183308494785 0.030403321470937127
1 0.1922622950819672 0.8188018979833926 0.003600596125186289 0.026690391459074734
15 0.6361520119225037 0.8188018979833926 0.00434575260804769 0.026690391459074734
15 0.6262384500745157 0.8211032028469751 0.003594634873323398 0.028920521945432976
1 0.7943621460506707 0.8212514827995255 0.005415797317436662 0.048196915776986954
1 0.5930327868852459 0.8251067615658364 0.0039493293591654245 0.027437722419928826
15 0.5843114754098361 0.8331138790035588 0.0031982116244411328 0.02447212336892052
1 0.650909090909091 0.8334104389086596 0.0028614008941877794 0.027437722419928826
15 0.5885797317436662 0.8347449584816133 0.003388971684053651 0.02298932384341637
15 0.6468464977645306 0.8345966785290629 0.0024858420268256336 0.027437722419928826
1 0.5742131147540983 0.8469039145907474 0.005058122205663189 0.03781731909845789
15 0.9005976154992549 0.847135231316726 0.0032816691505216096 0.02641755634638197
1 0.5551684053651267 0.8480901542111507 0.003928464977645305 0.02595492289442467
15 0.829983606557377 0.8524199288256228 0.0027391952309985096 0.027497034400948993
15 0.6984709388971684 0.8523902728351127 0.0032011922503725784 0.027437722419928826
1 0.8778211624441133 0.8529062870699882 0.0030342771982116244 0.02372479240806643
15 0.6343070044709389 0.8571352313167261 0.0030402384500745156 0.027437722419928826
15 0.6789985096870342 0.8588374851720048 0.0030044709388971683 0.02372479240806643
1 0.6220640834575261 0.861435349940688 0.0035916542473919525 0.028920521945432976
9 0.6602548435171387 0.8619513641755635 0.01380327868852459 0.08451957295373666
15 0.5849269746646796 0.8626927639383155 0.0026408345752608046 0.026690391459074734
15 0.5932563338301043 0.8630664294187427 0.003204172876304024 0.027437722419928826
15 0.6468286140089419 0.8635112692763939 0.003046199701937407 0.02595492289442467
1 0.6506110283159464 0.8638078291814947 0.0028614008941877794 0.028920521945432976
15 0.5889701937406855 0.8646975088967972 0.0035737704918032786 0.02595492289442467
22 0.6891371087928464 0.8659549228944247 0.014935916542473919 0.0830367734282325
15 0.8341296572280179 0.8716725978647687 0.0032816691505216096 0.02804270462633452
15 0.8104828614008942 0.8715065243179122 0.003678092399403875 0.025338078291814947
15 0.8870059612518629 0.8715065243179122 0.0023278688524590164 0.025338078291814947
15 0.8969940387481371 0.8718327402135232 0.0038241430700447095 0.030735468564650058
1 0.7418956780923994 0.8726275207591934 0.06620566318926975 0.10824436536180308
15 0.8202801788375559 0.8731257413997627 0.0030044709388971683 0.028576512455516016
15 0.82975260804769 0.8795432977461448 0.002873323397913562 0.024804270462633452
15 0.8778897168405365 0.8808896797153025 0.0031713859910581224 0.027497034400948993
15 0.900692995529061 0.8815361803084223 0.0028763040238450077 0.02641755634638197
1 0.6161564828614009 0.8850118623962041 0.001910581222056632 0.021506524317912216
15 0.6982667660208643 0.8890865954922894 0.003388971684053651 0.02965599051008304
1 0.6791207153502234 0.8888671411625149 0.003248882265275708 0.02447212336892052
15 0.6514873323397913 0.8927224199288257 0.003421758569299553 0.027437722419928826
15 0.5651192250372578 0.8933155397390273 0.0065424739195231 0.04523131672597865
15 0.5743800298062594 0.8947983392645315 0.0059880774962742175 0.048196915776986954
15 0.5540506706408346 0.8944246737841044 0.004673621460506707 0.04744958481613286
1 0.5986408345752608 0.8959074733096085 0.0026467958271236963 0.026690391459074734
15 0.6261445603576752 0.8955397390272836 0.003406855439642325 0.02595492289442467
15 0.590983606557377 0.8967259786476869 0.0028315946348733234 0.02595492289442467
15 0.6117406855439642 0.8967259786476869 0.0032131147540983606 0.02595492289442467
15 0.5946542473919523 0.896797153024911 0.0030193740685543966 0.02372479240806643
15 0.6073621460506706 0.8975385527876631 0.003397913561847988 0.02520759193357058
15 0.6220834575260805 0.8970225385527877 0.0030342771982116244 0.028920521945432976
1 0.6022935916542473 0.8986536180308423 0.0033949329359165424 0.027437722419928826
4 0.1603532041728763 0.9042882562277581 0.08166020864381521 0.10750889679715302
1 0.8865245901639344 0.9162218268090154 0.00434575260804769 0.034104389086595494
1 0.8200208643815201 0.9161506524317913 0.004870342771982116 0.036334519572953736
1 0.6587540983606557 0.9203736654804271 0.0030521609538002982 0.028173190984578884
15 0.6653129657228017 0.9203736654804271 0.003055141579731744 0.028173190984578884
15 0.7946229508196722 0.9243060498220641 0.0035529061102831595 0.028920521945432976
15 0.8613561847988077 0.9245136417556347 0.0028912071535022355 0.026963226571767498
15 0.6056855439642325 0.9251897983392645 0.003025335320417288 0.025943060498220642
15 0.6096542473919523 0.927123368920522 0.0032131147540983606 0.027437722419928826
15 0.6141266766020864 0.9279359430604982 0.003216095380029806 0.026690391459074734
15 0.5648584202682563 0.9435053380782918 0.0054247391952309985 0.045966785290628705
15 0.5544426229508197 0.9443238434163702 0.0048614008941877795 0.04523131672597865
15 0.5742876304023845 0.944620403321471 0.00580327868852459 0.048196915776986954