9 0.6394277435711698 0.518261427837699 0.11116262223831945 0.16749357986646124
15 0.8028015211879753 0.05167693888032871 0.0061825425570445494 0.013985618900873138
1 0.7501376312930098 0.052262455059065224 0.007337921043100326 0.017211093990755006
15 0.7875407461064832 0.05233692860811505 0.0017385005432814197 0.01325115562403698
1 0.8442068091271279 0.5189779147406266 0.008587468308583847 0.013816127375449409
15 0.7047718218036944 0.5258885464817669 0.006428830134009417 0.014283513097072419
9 0.4858076783773995 0.5318258859784283 0.10671133647229264 0.2028402670775552
1 0.37500905469032964 0.5394016435541859 0.011879753712423034 0.01049306625577812
15 0.8471043100325969 0.5431997945557268 0.009311843534951104 0.022198253723677452
1 0.3140474465773271 0.5437467899332306 0.0073053241579138 0.0078839239856189
15 0.9100090546903296 0.05508731381612737 0.017048170952553423 0.014643040575243967
9 0.8267529880478087 0.5621571648690292 0.02293734154291923 0.03956856702619415
15 0.8709344440420138 0.5747842835130971 0.01930459978268743 0.020652285567539806
15 0.8992846794639624 0.5752234206471495 0.012984425932633105 0.015367231638418079
1 0.5755360376675118 0.5783076527991782 0.004386091995653749 0.010236260914227016
1 0.4222980804056501 0.5932049306625578 0.005769648678015212 0.013323061119671289
9 0.29868706990220933 0.5966024653312789 0.08596522998913438 0.09613251155624036
1 0.668187250996016 0.6018233179250129 0.008594712060847519 0.004879301489470981
1 0.3448297718218037 0.6075064201335388 0.0036762042738138355 0.015218284540318438
1 0.6883828323071352 0.6083846944016436 0.004798985874683086 0.011838726245505906
15 0.9355143064107208 0.061764252696456086 0.008659905831220572 0.0053980482794042115
1 0.25111010503440784 0.61582948125321 0.004574429554509236 0.01337442218798151
20 0.22658457080767838 0.6263276836158193 0.01564650488953278 0.014853620955315871
9 0.8761354581673307 0.6367360041088854 0.02463600144875045 0.0366974833076528
9 0.8273795726186164 0.6402491011813046 0.026363636363636367 0.03961479198767334
1 0.2448804780876494 0.6424935798664612 0.009500181093806593 0.006096558808423215
1 0.5030260775081492 0.6445788392398561 0.009311843534951104 0.005130970724191063
15 0.5414668598333937 0.6497611710323575 0.009409634190510685 0.006250642013353878
1 0.2976801883375588 0.6500975860297894 0.009340818544005794 0.008977914740626605
15 0.6472111553784861 0.6508808423215203 0.01082940963419051 0.010544427324088342
15 0.7115972473741398 0.651040061633282 0.014284679463962332 0.010862865947611709
15 0.5410593987685621 0.6582383153569594 0.007870336834480261 0.007796610169491526
15 0.6466678739587106 0.6588418079096046 0.01046722202100688 0.006949152542372881
9 0.5617457442955451 0.6637134052388289 0.028236146323795723 0.0362095531587057
9 0.6274375226367258 0.6641165896250643 0.03502716407098877 0.037015921931176164
9 0.6915447301702282 0.6675526450950179 0.02705903658094893 0.03258859784283513
15 0.5399275624773633 0.6722367745249102 0.008504165157551612 0.007031330251669235
15 0.5401086562839551 0.6827709296353365 0.00886635277073524 0.008582434514637905
1 0.6229101774719304 0.686171032357473 0.008587468308583847 0.006137647663071392
15 0.5952408547627671 0.6872496147919877 0.0039550887359652296 0.013430919363122752
1 0.5595744295545092 0.6876502311248074 0.009406012314378848 0.00704160246533128
1 0.6871206084751902 0.6879532614278376 0.007345164795363999 0.007647663071391885
1 0.36217131474103587 0.713482280431433 0.005762404925751539 0.015562403697996918
15 0.3564252082578776 0.07148690292758089 0.016725823976819994 0.015598356445814074
1 0.35431727634914884 0.7142732408834104 0.0038174574429554508 0.015089881869542887
1 0.38103042375950746 0.7219799691833589 0.007986236870699022 0.016122239342578327
15 0.24965229989134372 0.7378479712378017 0.020492575153929736 0.018068823831535696
15 0.22816551973922494 0.7391319979455572 0.01880840275262586 0.015500770416024653
15 0.9358764940239044 0.07571135079609656 0.00938428105758783 0.005557267591165896
1 0.7147265483520463 0.7677863379558295 0.005331401666063021 0.013230611196712892
20 0.23275262586019557 0.7727298407806883 0.013495110467222021 0.020035952747817155
20 0.260818544005795 0.7730713918849512 0.01312567910177472 0.020719054956343092
9 0.737654835204636 0.7796507447354905 0.029456718580224556 0.05339496661530559
15 0.910112278160087 0.07842835130970724 0.01797899311843535 0.021263482280431432
1 0.7151720391162621 0.7948202362609142 0.004049257515392974 0.01593733949666153
15 0.7050162984425933 0.7959476117103236 0.00981528431727635 0.0068926553672316385
1 0.2984154291923216 0.8097175141242938 0.057895689967403116 0.08990241397021058
15 0.2251484969214053 0.8197919876733436 0.017844983701557408 0.022737544940934773
15 0.9340148496921405 0.08466358500256806 0.007109742846794639 0.002917308680020544
1 0.7195744295545092 0.8581869542886492 0.0215465411082941 0.03686697483307653
1 0.757477363274176 0.8585310734463276 0.027088011590003624 0.04063687724704674
1 0.34603766751177106 0.8957652799178223 0.024201376312930095 0.03806368772470467
1 0.3857497283592901 0.9071571648690292 0.04060485331401666 0.06598356445814073
1 0.20076421586381743 0.9110734463276836 0.027026439695762405 0.04505392912172573
15 0.3563889894965592 0.0918823831535696 0.01448026077508149 0.014273240883410374
1 0.45371061209706626 0.9263995891114536 0.02658094893154654 0.03564458140729328
9 0.5777598696124592 0.9328736517719569 0.027667511771097428 0.04961992809450436
9 0.5398587468308583 0.9351720595788392 0.022854038391887 0.035726759116589624
9 0.4952806954002173 0.9371879815100154 0.026417964505613907 0.03975860297894196
1 0.5545038029699384 0.9490344119157679 0.005059760956175299 0.012090395480225988
1 0.5951177109742847 0.9506163328197226 0.00443317638536762 0.013199794555726759
1 0.5147265483520463 0.9504596815613765 0.002289025715320536 0.014940934771443246
15 0.934583484244839 0.09604006163328198 0.0060738862730894605 0.008207498715973292
1 0.2902698297718218 0.09873651771956857 0.02856573705179283 0.03825372367745249
1 0.8304110829409633 0.10100924499229584 0.004900398406374502 0.010955315870570108
1 0.8237269105396595 0.10152285567539804 0.002397681999275625 0.011982537236774523
1 0.8355921767475553 0.10168207498715973 0.002948207171314741 0.012300975860297894
1 0.817765302426657 0.1021160760143811 0.0049619703006157185 0.011114535182331792
15 0.9343245201014125 0.10866461222393425 0.008453458891705904 0.006748844375963021
15 0.358163708801159 0.11058551617873652 0.020202825063382834 0.01469953775038521
1 0.7520499818906193 0.11742681047765793 0.005367620427381384 0.017082691319979453
1 0.7594476638898949 0.11749871597329226 0.004226729445852952 0.013117616846430405
1 0.7706736689605215 0.11779404211607601 0.0034987323433538576 0.013708269131997946
15 0.6255613908004346 0.11786851566512584 0.02475552336110105 0.024129429892141754
1 0.8294693951466859 0.11888803287108371 0.003741398044186889 0.012814586543400102
1 0.7662241941325607 0.11882126348228043 0.005465411082940963 0.014735490498202363
1 0.8355704454907643 0.11900873138161275 0.0036291198840999635 0.013055983564458142
1 0.8168507787033683 0.11936312275295327 0.005306048533140166 0.014791987673343606
1 0.8232868525896414 0.1193246019517206 0.005139442231075697 0.011633281972265022
15 0.514956537486418 0.11933744221879815 0.02230713509597972 0.02706728299948639
15 0.935773270554147 0.12004108885464818 0.006280333212604129 0.0048484848484848485
1 0.9092883013400942 0.1301412429378531 0.004741035856573705 0.013749357986646123
15 0.9338065918145598 0.13266307139188496 0.006693227091633466 0.003384694401643554
15 0.9351014125316914 0.14073703133025167 0.007834118073161898 0.004124293785310734
1 0.6021278522274538 0.14370313302516693 0.004690329590727997 0.015192604006163327
1 0.5628630930822166 0.1446558808423215 0.006566461427019195 0.012989214175654852
15 0.06546903295907279 0.14968926553672315 0.010691778341180732 0.006620441705187468
1 0.2893045997826874 0.15071135079609657 0.02663527707352409 0.040508474576271186
1 0.35303875407461066 0.15148176682074987 0.028062296269467584 0.0410220852593734
15 0.9344277435711699 0.1535824345146379 0.007935530604853315 0.00721623009758603
15 0.06497645780514306 0.1614432460195172 0.008257877580586744 0.005475089881869543
1 0.843031510322347 0.16205444273240882 0.0040637450199203186 0.012860811504879301
1 0.6601720391162622 0.16344632768361583 0.01067366896052155 0.02386235233692861
15 0.9339116262223832 0.16510529019003595 0.007627671133647229 0.0066358500256805345
1 0.7796577327055415 0.16680020544427324 0.006254980079681275 0.016189008731381613
15 0.06461427019195944 0.1730046224961479 0.008982252806954003 0.007026194144838212
1 0.4821894241216951 0.17303800719054954 0.005306048533140166 0.014283513097072419
15 0.6932289025715321 0.17357473035439136 0.006522998913437161 0.02357473035439137
1 0.39326331039478446 0.17399845916795068 0.006374501992031873 0.015177195685670263
15 0.6810195581311119 0.17445557267591166 0.011079319087287215 0.018145865434001027
15 0.7043009779065557 0.17585002568053415 0.009109018471568272 0.022989214175654853
15 0.9339116262223832 0.17611453518233178 0.007627671133647229 0.006055469953775038
1 0.8236417964505613 0.18047252182845402 0.0044005795001810935 0.012717000513610684
1 0.769183266932271 0.1807883923985619 0.004864179645056139 0.012321520287621983
1 0.8353984063745019 0.18122496147919878 0.003285041651575516 0.00908577298407807
1 0.7502408547627671 0.18122496147919878 0.006095617529880477 0.011140215716486903
1 0.7631944947482795 0.18162044170518749 0.005201014125316914 0.016040061633281973
1 0.8296305686345528 0.18185670261941447 0.0040637450199203186 0.010349255264509501
1 0.7568706990220934 0.1820544427324088 0.004867801521187975 0.012799178222907038
1 0.8180985150307859 0.18375449409347713 0.0056283955088735965 0.014144838212634823
9 0.10430822165881927 0.18415254237288137 0.024625135820354943 0.03959424756034926
15 0.06537486417964505 0.18404982023626093 0.009779065555957986 0.005490498202362609
1 0.31471568272365086 0.18584745762711866 0.00864179645056139 0.017303543913713405
15 0.9350488953277798 0.18741653826399587 0.007729083665338646 0.0029789419619928093
1 0.5346975733429916 0.18742424242424244 0.005287939152480985 0.014293785310734462
15 0.5894947482796088 0.19174370826913198 0.02361101050344078 0.013687724704673856
15 0.06541108294096341 0.19499229583975344 0.009127127852227454 0.005803800719054957
1 0.12078413618254256 0.19565998972778634 0.006146323795726186 0.014329738058551617
15 0.829049257515393 0.19736260914227016 0.0036254980079681275 0.012598870056497177
15 0.9334444042013762 0.19754494093477146 0.008141977544367983 0.007827426810477657
15 0.8225298804780877 0.19846944016435542 0.004349873234335386 0.011730868002054442
15 0.8361517566099239 0.19910374935798664 0.0055161173487866715 0.012999486389316897
1 0.9097120608475191 0.19941448382126348 0.004139804418688881 0.019784283513097075
15 0.818073161897863 0.20036723163841808 0.00485331401666063 0.016553672316384178
1 0.7060593987685622 0.20278376990241398 0.008279608837377762 0.013168977914740627
15 0.06425208257877581 0.206397021058038 0.00970662803332126 0.006014381099126862
15 0.9315827598696125 0.20936055469953774 0.013111191597247376 0.00783256291730868
15 0.06523723288663529 0.21806368772470466 0.009503802969938427 0.006748844375963021
15 0.5830296993842811 0.22014894709809965 0.01720028975009055 0.014001027221366206
15 0.9326693227091634 0.22242681047765794 0.01021369069177834 0.008284540318438623
1 0.3925950742484607 0.2243477144324602 0.004313654473017023 0.014180790960451977
15 0.06371785584932996 0.22885464817668208 0.007913799348062297 0.005731895223420647
15 0.9336526620789569 0.23299435028248586 0.008558493299529155 0.007847971237801746
15 0.6518453458891705 0.23596302003081665 0.01212966316551974 0.023030303030303033
15 0.6424809851503079 0.23684386235233693 0.011510322346975735 0.019655880842321522
15 0.06458529518290475 0.2402080123266564 0.00964867801521188 0.0068669748330765275
1 0.6083266932270917 0.24275552131484335 0.008395508873596523 0.01812532100667694
1 0.6198641796450561 0.24840523882896764 0.009014849692140529 0.01812532100667694
15 0.06451466859833394 0.25186954288649205 0.008058674393335748 0.006563944530046224
9 0.10368525896414342 0.2542526964560863 0.024827960883737774 0.03290190035952748
15 0.9350488953277798 0.25545454545454543 0.009177834118073162 0.010652285567539804
9 0.5878178196305686 0.2581818181818182 0.02894965592176748 0.03973292244478685
9 0.47574429554509234 0.25855418592706725 0.11700833031510323 0.15655367231638417
1 0.6583520463600145 0.2631587057010786 0.009206809127127853 0.01681561376476631
1 0.12192140528793916 0.26340523882896766 0.0040746106483158274 0.01628145865434001
15 0.06534588917059037 0.26440677966101694 0.007547989858746831 0.006985105290190036
1 0.3386454183266932 0.26610169491525426 0.0065193770373053244 0.013456599897277863
1 0.6084824339007606 0.26690035952747815 0.006533864541832669 0.014026707755521315
1 0.9109797174936618 0.26731638418079096 0.008123868163708801 0.013831535695942476
9 0.24191416153567546 0.2706317411402157 0.07528069540021731 0.11085772984078068
15 0.06469576240492575 0.27615305598356443 0.007696486780152119 0.005824345146379045
15 0.9334969214052881 0.2782794042116076 0.011868888084027527 0.004940934771443245
1 0.3924827960883738 0.2812146892655367 0.004813473379210431 0.011838726245505906
9 0.7772202100688157 0.2855187467899332 0.07888808402752626 0.10262455059065229
15 0.06462151394422311 0.28683872624550594 0.008996740311481347 0.0066512583461736
15 0.9340655559579862 0.291050333846944 0.00938428105758783 0.004802259887005649
15 0.06491126403477002 0.29757575757575755 0.009576240492575154 0.006553672316384181
1 0.8303187250996017 0.30099383667180274 0.003991307497283593 0.013389830508474577
15 0.9348931546541107 0.30308680020544426 0.011039478449837015 0.007303543913713405
15 0.06436979355306048 0.30949409347714435 0.007768924302788844 0.005737031330251669
9 0.5874628757696486 0.30991268618387263 0.022444766388989495 0.03328197226502311
1 0.41511227816008694 0.31168464304057525 0.005885548714233973 0.011145351823317926
9 0.10587468308583846 0.3210041088854648 0.023411807316189786 0.035947611710323575
15 0.06393516841724013 0.321979969183359 0.009797174936617168 0.007082691319979455
15 0.06469576240492575 0.3318438623523369 0.007696486780152119 0.006266050333846944
1 0.12026620789568997 0.3357704160246533 0.004386091995653749 0.017200821777092964
15 0.0644404201376313 0.3441730868002055 0.009358927924664976 0.006271186440677966
15 0.06451466859833394 0.3556317411402157 0.008058674393335748 0.009671289162814586
1 0.2526131836291199 0.3633487416538264 0.006856211517566099 0.012778633795582948
15 0.06429735603042376 0.36657421674370827 0.00907279971024991 0.005875706214689265
15 0.06364541832669322 0.3779275808936826 0.009217674755523361 0.007010785824345146
1 0.7160775081492212 0.3807627118644068 0.0044114451285766024 0.011653826399589113
1 0.3088156465048895 0.3844504365690806 0.009156102861282144 0.007729840780688239
9 0.10488953277797901 0.3891191576784797 0.02361463237957262 0.0355572675911659
15 0.06393516841724013 0.38959167950693374 0.009797174936617168 0.0067128916281458655
1 0.37483158275986966 0.3912249614791988 0.008627308946034046 0.008952234206471494
9 0.8302191235059762 0.39321263482280433 0.0262477363274176 0.03963533641499743
1 0.12207714596160811 0.40050590652285567 0.005834842448388265 0.01724191063174114
15 0.06411626222383195 0.4013045711350796 0.00943498732343354 0.005485362095531587
1 0.5926385367620428 0.4048176682074987 0.005994204998189062 0.014565998972778634
1 0.8441542919232162 0.4058782742681048 0.00630930822165882 0.011551104262968669
15 0.6923397319811663 0.4063507960965588 0.026475914523723287 0.024822804314329736
15 0.0645508873596523 0.4137904468412943 0.0074067366896052155 0.010939907550077042
1 0.5026910539659544 0.42315356959424755 0.00864179645056139 0.010148947098099641
15 0.06436979355306048 0.4242706728299948 0.007768924302788844 0.007247046738572162
1 0.5997428467946396 0.4336260914227016 0.0086128214415067 0.005413456599897277
15 0.06498370155740674 0.4348022598870056 0.00827236508511409 0.006738572162300976
9 0.30054147048170954 0.43686440677966104 0.08243027888446215 0.09304057524396507
9 0.10402028250633828 0.44245762711864406 0.02694675842086201 0.031294298921417565
15 0.06567185802245563 0.4468746789933231 0.007475552336110105 0.007257318952234207
9 0.8284353495110467 0.44867488443759634 0.019058312205722565 0.03448382126348228
1 0.3446305686345527 0.4490292758089368 0.0076240492575153935 0.012593733949666152
1 0.25098333936979356 0.4567873651771957 0.004320898225280695 0.012701592193117617
1 0.6952354219485694 0.4581587057010786 0.004741035856573705 0.011335387776065742
15 0.06480260775081492 0.45870570107858244 0.008634552698297718 0.005238828967642527
1 0.8445164795363999 0.46312532100667697 0.004860557768924302 0.017159732922444784
15 0.8220463600144875 0.04690292758089368 0.0004853314016660631 0.0013559322033898306
15 0.056256791017747186 0.46928864920390345 0.014722926475914524 0.012023626091422702
9 0.3788102136906918 0.4696892655367232 0.02817457442955451 0.03645095017976374
1 0.5433900760593987 0.4737005649717514 0.004563563926113727 0.010575243965074473
1 0.3948333936979355 0.4855957883923986 0.005168417240130388 0.013821263482280431
15 0.05513400941687794 0.4870133538777607 0.014650488953277798 0.01357473035439137
1 0.7058873596522999 0.4885567539804828 0.007211155378486056 0.02179763739085773
1 0.2791561028612821 0.49090138674884437 0.0099601593625498 0.0069696969696969695
1 0.733118435349511 0.04984078068823831 0.003723288663527707 0.014422187981510015
1 0.7811771097428468 0.05050077041602465 0.0063962332488228905 0.013687724704673856
1 0.4246939514668598 0.5015613764766307 0.005490764215863818 0.014935798664612223
1 0.7974212241941325 0.05035439137134052 0.004114451285766026 0.01236774524910118
15 0.7388084027526258 0.050428864920390344 0.005686345526982977 0.015598356445814074
15 0.9344802607750815 0.050611196712891625 0.01021369069177834 0.009799691833590137
1 0.7652951829047446 0.05079609655880843 0.005780514306410721 0.014278376990241398
9 0.8266950380296995 0.5084565998972779 0.024994567185802247 0.04002568053415512
15 0.818321260412894 0.050942475603492555 0.003176385367620427 0.013543913713405239
1 0.814027526258602 0.05123523369286081 0.00690329590727997 0.014129429892141757
15 0.7554672220210068 0.05108885464817668 0.005682723650851141 0.012809450436569081