15 0.25949790167865705 0.16818333333333332 0.004607314148681055 0.04303333333333333
15 0.28010341726618704 0.16985 0.005050959232613909 0.04636666666666667
15 0.35425209832134297 0.1701416666666667 0.004067745803357314 0.05361666666666667
15 0.17767985611510792 0.17273333333333332 0.005239808153477218 0.0488
1 0.20883992805755397 0.172425 0.006408872901678657 0.048183333333333335
15 0.22266486810551558 0.172425 0.0034832134292565944 0.048183333333333335
1 0.22734712230215826 0.1743 0.0044544364508393285 0.04526666666666667
15 0.21717625899280577 0.1742 0.005695443645083933 0.045066666666666665
15 0.1710386690647482 0.176875 0.0051468824940047965 0.050416666666666665
20 0.11871103117505995 0.1775 0.006606714628297362 0.06166666666666667
1 0.5962035371702638 0.17785 0.004757194244604316 0.059033333333333333
15 0.12718375299760193 0.178925 0.004967026378896883 0.04451666666666667
1 0.1406609712230216 0.18055 0.003144484412470024 0.0411
15 0.1336450839328537 0.18159166666666665 0.0047002398081534775 0.04318333333333333
20 0.14902727817745803 0.18199166666666666 0.011483812949640288 0.08398333333333334
15 0.5907494004796163 0.18295833333333333 0.004640287769784173 0.06258333333333332
1 0.6435416666666667 0.184525 0.00650779376498801 0.03905
20 0.23479016786570744 0.18513333333333334 0.009748201438848922 0.07693333333333333
15 0.5849610311750599 0.18535833333333335 0.0044544364508393285 0.057383333333333335
9 0.30259442446043167 0.18578333333333333 0.021855515587529975 0.15823333333333334
15 0.6497242206235012 0.19140000000000001 0.004484412470023981 0.039466666666666664
15 0.6383902877697842 0.19119166666666668 0.005197841726618705 0.03571666666666667
20 0.16080785371702638 0.19225833333333334 0.0116636690647482 0.08785
15 0.3221732613908873 0.19233333333333336 0.00525779376498801 0.04466666666666667
15 0.3379001798561151 0.19494166666666668 0.003738009592326139 0.04321666666666667
15 0.8621927458033574 0.19869166666666668 0.006759592326139089 0.06738333333333334
1 0.6299235611510792 0.20160833333333333 0.005050959232613909 0.04655
1 0.5541471822541967 0.20484166666666667 0.005176858513189449 0.05968333333333334
15 0.5591666666666667 0.20609166666666667 0.0050239808153477224 0.06218333333333334
1 0.6624430455635492 0.21088333333333334 0.005341726618705036 0.05843333333333334
15 0.2725374700239808 0.21786666666666665 0.0037080335731414864 0.045733333333333334
15 0.2601363908872902 0.21984166666666666 0.005284772182254196 0.046349999999999995
15 0.26586930455635494 0.221925 0.004160671462829737 0.05051666666666666
1 0.8565377697841726 0.22567500000000001 0.005041966426858513 0.06135
1 0.8006594724220624 0.22724166666666668 0.004196642685851319 0.061149999999999996
20 0.5700839328537171 0.22619166666666668 0.011270983213429257 0.06571666666666666
20 0.2504556354916067 0.227025 0.011103117505995203 0.06405
1 0.5974955035971222 0.22974166666666668 0.0049430455635491605 0.039483333333333336
15 0.20444694244604317 0.23005 0.004217625899280575 0.046766666666666665
15 0.20948591127098323 0.22973333333333334 0.004103717026378897 0.049466666666666666
1 0.6441786570743405 0.23047499999999999 0.00658273381294964 0.04095
1 0.6341202038369305 0.23089166666666666 0.0044514388489208636 0.04178333333333333
1 0.6385596522781775 0.23130833333333334 0.003138489208633094 0.042616666666666664
1 0.5926258992805755 0.23286666666666667 0.004196642685851319 0.0424
15 0.32723171462829737 0.2362 0.003983812949640287 0.0424
20 0.09853717026378897 0.23670833333333335 0.010623501199040767 0.07341666666666666
1 0.31846372901678655 0.23818333333333333 0.004433453237410072 0.04636666666666667
20 0.13197242206235013 0.23975833333333332 0.010947242206235013 0.06618333333333333
1 0.08965527577937649 0.23895 0.004250599520383693 0.05123333333333333
20 0.11008093525179857 0.24001666666666666 0.011528776978417267 0.06670000000000001
1 0.11834982014388488 0.24086666666666667 0.0034862110311750603 0.05173333333333333
15 0.08288369304556355 0.24068333333333333 0.005095923261390888 0.04803333333333333
1 0.5867625899280575 0.24120833333333333 0.0026618705035971225 0.03575
9 0.6155755395683453 0.24258333333333335 0.0213189448441247 0.1285
15 0.33608213429256595 0.24308333333333332 0.004298561151079136 0.042833333333333334
20 0.22010491606714627 0.2463 0.010353717026378897 0.07926666666666667
1 0.7953207434052758 0.24766666666666665 0.006708633093525179 0.052
1 0.5826408872901678 0.24673333333333333 0.0034112709832134296 0.04013333333333333
15 0.578595623501199 0.25516666666666665 0.004313549160671463 0.04033333333333333
15 0.28287020383693046 0.256725 0.0033902877697841727 0.04345
1 0.14952488009592327 0.2577916666666667 0.006483812949640288 0.06225
1 0.2870653477218225 0.2588083333333333 0.003986810551558753 0.054283333333333336
15 0.7897946642685851 0.26641666666666663 0.005248800959232614 0.049499999999999995
15 0.3549820143884892 0.26839999999999997 0.004928057553956835 0.05013333333333333
15 0.6607943645083932 0.2717333333333333 0.005041966426858513 0.046799999999999994
15 0.6495548561151079 0.27444166666666664 0.0035461630695443644 0.03888333333333333
15 0.6537889688249401 0.27507499999999996 0.003621103117505995 0.036816666666666664
15 0.6448336330935251 0.27496666666666664 0.004895083932853717 0.0366
15 0.8469469424460432 0.27756666666666663 0.0038459232613908875 0.04513333333333333
1 0.43575089928057553 0.27954999999999997 0.005194844124700239 0.062433333333333334
1 0.4292116306954436 0.27996666666666664 0.006504796163069544 0.06326666666666667
15 0.7155395683453237 0.281425 0.005419664268585131 0.04618333333333333
15 0.9291771582733813 0.28136666666666665 0.005236810551558752 0.046066666666666665
1 0.6390647482014389 0.281325 0.0053477218225419666 0.04265
1 0.6035461630695443 0.28746666666666665 0.0044544364508393285 0.0516
1 0.5991247002398081 0.28799166666666665 0.00460431654676259 0.045983333333333334
20 0.3422242206235012 0.2884 0.009388489208633093 0.07346666666666667
20 0.2710236810551559 0.2896416666666667 0.010872302158273383 0.08261666666666667
15 0.08322092326139088 0.29036666666666666 0.005770383693045563 0.047400000000000005
15 0.3014148681055156 0.2904833333333333 0.003309352517985611 0.05096666666666667
15 0.7792850719424461 0.2908 0.005212829736211031 0.0516
20 0.3314343525179856 0.2910083333333333 0.009991007194244604 0.07201666666666667
1 0.5810866306954436 0.29080833333333334 0.003300359712230216 0.034949999999999995
15 0.2969934052757794 0.2908 0.0034592326139088725 0.0516
15 0.3061900479616307 0.29214999999999997 0.003866906474820144 0.054299999999999994
15 0.5854691247002398 0.29205833333333336 0.0036720623501199042 0.03745
1 0.2921223021582734 0.29256666666666664 0.004508393285371702 0.048466666666666665
15 0.23636690647482014 0.29381666666666667 0.003908872901678657 0.05763333333333333
20 0.5495713429256595 0.29809166666666664 0.011013189448441247 0.06951666666666667
15 0.2581939448441247 0.2966333333333333 0.0055965227817745804 0.06326666666666667
1 0.3227068345323741 0.2986166666666667 0.00512589928057554 0.0539
1 0.2435581534772182 0.2986083333333333 0.006300959232613909 0.07055
1 0.31751948441246997 0.2985083333333333 0.0037440047961630695 0.06035
15 0.2513564148681055 0.29985833333333334 0.005110911270983213 0.06638333333333334
15 0.5590917266187051 0.2997583333333333 0.006073141486810552 0.07285
15 0.13150629496402877 0.30055000000000004 0.003420263788968825 0.0511
1 0.12238459232613909 0.3016083333333333 0.004361510791366907 0.04655
15 0.12704136690647483 0.30195 0.0034832134292565944 0.047233333333333336
1 0.22997751798561153 0.30183333333333334 0.007317146282973621 0.077
15 0.13872002398081534 0.30345 0.004658273381294964 0.046900000000000004
15 0.9493779976019184 0.3031666666666667 0.006070143884892087 0.05966666666666666
1 0.10197392086330935 0.30396666666666666 0.004307553956834532 0.05126666666666667
15 0.919865107913669 0.30830833333333335 0.004598321342925659 0.04661666666666667
15 0.8546822541966427 0.30830833333333335 0.006127098321342926 0.06328333333333333
15 0.7238564148681055 0.3092416666666667 0.0052667865707434055 0.05848333333333334
15 0.9256609712230216 0.3113416666666667 0.0036001199040767385 0.04268333333333333
20 0.5707583932853717 0.3122583333333333 0.009622302158273381 0.07451666666666666
20 0.11070743405275779 0.31425833333333336 0.010983213429256594 0.07851666666666667
15 0.2216052158273381 0.3167416666666667 0.004361510791366907 0.05348333333333334
15 0.17968225419664266 0.3198916666666667 0.0038489208633093524 0.053116666666666666
15 0.2077023381294964 0.320675 0.0041336930455635485 0.05801666666666667
1 0.187068345323741 0.32204166666666667 0.007829736211031176 0.06408333333333334
1 0.20093974820143887 0.32300833333333334 0.007994604316546763 0.06268333333333333
1 0.659464928057554 0.32248333333333334 0.004181654676258992 0.0483
15 0.1941531774580336 0.32381666666666664 0.00401378896882494 0.054299999999999994
1 0.21482314148681053 0.32392499999999996 0.007583932853717027 0.07118333333333333
1 0.6519889088729016 0.32445833333333335 0.00781474820143885 0.04891666666666667
15 0.7958812949640287 0.32425000000000004 0.006031175059952039 0.07183333333333333
1 0.6442341127098321 0.32425000000000004 0.0066936450839328535 0.04516666666666667
1 0.17315647482014387 0.32519166666666666 0.007583932853717027 0.07038333333333333
15 0.6769094724220623 0.327475 0.00789568345323741 0.09161666666666667
15 0.8468345323741007 0.3284166666666667 0.004220623501199041 0.0535
15 0.7157269184652278 0.3290416666666667 0.005194844124700239 0.051416666666666666
20 0.5928372302158273 0.32872500000000004 0.008815947242206235 0.07078333333333334
15 0.79 0.33019166666666666 0.0038609112709832136 0.050383333333333336
15 0.5811420863309352 0.32966666666666666 0.0034112709832134296 0.03933333333333334
15 0.5851888489208633 0.3304 0.0037110311750599523 0.03746666666666667
1 0.6323366306954437 0.3403 0.0038818944844124697 0.05393333333333333
15 0.6087724820143885 0.34175833333333333 0.005314748201438849 0.046849999999999996
15 0.6381609712230216 0.3443583333333333 0.00413968824940048 0.05205
1 0.6137739808153477 0.3450916666666667 0.004526378896882494 0.053516666666666664
20 0.6251303956834532 0.35050000000000003 0.009253597122302159 0.07433333333333333
15 0.04419664268585132 0.3525583333333333 0.005059952038369305 0.045116666666666666
15 0.05022182254196642 0.35323333333333334 0.005119904076738608 0.04646666666666666
1 0.9496028177458034 0.37107500000000004 0.004721223021582734 0.05881666666666666
1 0.6842086330935252 0.37145 0.006306954436450839 0.04956666666666666
1 0.9429346522781775 0.37843333333333334 0.005173860911270984 0.06686666666666666
20 0.27565947242206235 0.38885000000000003 0.010551558752997603 0.06436666666666667
15 0.26582583932853715 0.39176666666666665 0.007071342925659472 0.06353333333333333
15 0.28534622302158275 0.3951 0.005944244604316546 0.0602
1 0.9351004196642686 0.410925 0.007491007194244604 0.07851666666666667
1 0.534220623501199 0.4224 0.00788968824940048 0.07813333333333333
1 0.06501948441247002 0.42998333333333333 0.007137290167865707 0.08996666666666667
1 0.4632658872901678 0.4351083333333333 0.008066546762589928 0.09021666666666667
1 0.01573890887290168 0.4605 0.005098920863309353 0.044333333333333336
1 0.02473171462829736 0.46254166666666663 0.005698441247002399 0.05508333333333333
20 0.03391037170263789 0.4640083333333333 0.010866306954436451 0.06468333333333334
20 0.047461031175059946 0.46403333333333335 0.01158872901678657 0.0714
20 0.2469079736211031 0.48264999999999997 0.01060251798561151 0.06863333333333334
15 0.2551708633093525 0.48514999999999997 0.0049460431654676255 0.0503
20 0.9465632494004796 0.49435833333333334 0.010632494004796163 0.06871666666666666
15 0.9307898681055156 0.5000333333333333 0.004265587529976019 0.0434
1 0.9355290767386092 0.5032583333333333 0.0035521582733812947 0.046516666666666664
20 0.015494604316546761 0.5224 0.011205035971223022 0.0748
15 0.05065197841726619 0.5236333333333334 0.004181654676258992 0.0506
1 0.23138189448441246 0.5232916666666667 0.005929256594724221 0.05658333333333334
1 0.03502398081534772 0.5260416666666666 0.0047002398081534775 0.04875
15 0.04503747002398081 0.5259583333333333 0.005542565947242206 0.04858333333333333
20 0.4879136690647482 0.5316 0.01119904076738609 0.0732
20 0.5080320743405276 0.5351416666666666 0.010668465227817748 0.07361666666666666
1 0.7574490407673861 0.5355583333333332 0.004706235011990407 0.05111666666666667
20 0.7304571342925659 0.5368083333333333 0.00887589928057554 0.05361666666666667
1 0.7226633693045563 0.5373333333333333 0.005278776978417266 0.057999999999999996
15 0.5268779976019184 0.5385749999999999 0.006993405275779376 0.06715
15 0.7625824340527577 0.5399333333333333 0.005380695443645084 0.05653333333333334
20 0.7418270383693046 0.5406583333333334 0.010032973621103117 0.06465
1 0.517886690647482 0.5424333333333333 0.005197841726618705 0.051533333333333334
1 0.4794859112709832 0.5438916666666667 0.0045353717026378896 0.05111666666666667
15 0.024207134292565945 0.5461166666666667 0.005248800959232614 0.045566666666666665
15 0.7103567146282974 0.5486916666666666 0.005845323741007194 0.057383333333333335
20 0.25151528776978416 0.5492083333333333 0.008426258992805755 0.06841666666666667
20 0.24042715827338132 0.5526666666666668 0.010230815347721823 0.06866666666666667
15 0.4749715227817746 0.5542083333333333 0.005098920863309353 0.051750000000000004
20 0.7309817146282973 0.6096416666666667 0.008726019184652278 0.07261666666666666
20 0.7197032374100719 0.6097416666666667 0.011948441247002398 0.07615
1 0.25050509592326137 0.6239166666666667 0.0040077937649880095 0.051166666666666666
15 0.2451663669064748 0.6274583333333333 0.004721223021582734 0.05491666666666667
1 0.6436345923261391 0.139925 0.0066936450839328535 0.039850000000000003
1 0.6005680455635491 0.14409166666666667 0.0032943645083932855 0.048183333333333335
15 0.6166561750599521 0.14711666666666667 0.004895083932853717 0.05756666666666666
1 0.6048576139088729 0.147425 0.0034802158273381295 0.048183333333333335
20 0.3445458633093525 0.14888333333333334 0.011034172661870505 0.0711
15 0.649929556354916 0.14971666666666666 0.0042955635491606714 0.0461
15 0.6103432254196642 0.15128333333333333 0.00545863309352518 0.0559
1 0.6544259592326139 0.15086666666666665 0.0042955635491606714 0.0484
15 0.5643180455635491 0.15138333333333334 0.007532973621103117 0.05943333333333333
1 0.638015587529976 0.1520166666666667 0.004448441247002398 0.0407
1 0.6316276978417267 0.1542 0.00606115107913669 0.045066666666666665
4 0.4031534772182254 0.16170833333333334 0.0874820143884892 0.15341666666666667
15 0.2725359712230216 0.16422499999999998 0.0037050359712230215 0.04178333333333333