15 0.021910899411599887 0.26641534391534394 0.004034743625665453 0.024894179894179896
1 0.964389184645559 0.26537037037037037 0.0033090501541047914 0.04396825396825397
15 0.956172597366209 0.26562169312169315 0.002566545250770524 0.044470899470899466
15 0.9529251891286074 0.26632275132275135 0.0033566825441300086 0.04587301587301587
15 0.9609568506584478 0.26654761904761903 0.002608573830204539 0.04632275132275133
1 0.51664331745587 0.26846560846560846 0.007789296721770804 0.04486772486772487
15 0.9111571868870832 0.27406084656084656 0.0044382179882319975 0.019021164021164022
15 0.9197394228075092 0.27996031746031746 0.0036704959372373214 0.02023809523809524
15 0.9340991874474643 0.2801719576719577 0.004370972261137573 0.020661375661375662
15 0.0608293639674979 0.28293650793650793 0.0067806108153544405 0.031481481481481485
15 0.927345194732418 0.2856746031746032 0.0037517511908097506 0.021084656084656084
15 0.049518072289156626 0.28496031746031747 0.0054525077052395635 0.030238095238095238
15 0.05562762678621463 0.2855820105820106 0.004782852339590922 0.031481481481481485
15 0.9429434015130288 0.28945767195767197 0.0041272065004202855 0.02335978835978836
15 0.7876534043149342 0.2960714285714286 0.0023171756794620343 0.036587301587301585
15 0.7900266181003082 0.29468253968253966 0.0020201737181283273 0.0391005291005291
15 0.025308209582516113 0.3120238095238095 0.0029840291398150745 0.05261904761904762
15 0.9427136452787896 0.3154497354497354 0.005348837209302326 0.022433862433862434
15 0.025575791538246007 0.3696825396825397 0.003519193051274867 0.06211640211640212
1 0.019631549453628466 0.3825661375661376 0.006200616419165032 0.04026455026455027
15 0.032531521434575515 0.38724867724867723 0.006783412720650042 0.039047619047619046
1 0.8342504903334268 0.4526984126984127 0.009212664611936117 0.04296296296296296
15 0.06209302325581396 0.4608333333333333 0.0025833566825441303 0.053941798941798944
15 0.06962174278509387 0.46026455026455027 0.003070888203978706 0.058095238095238096
15 0.06575371252451667 0.46105820105820106 0.002619781451386943 0.05439153439153439
15 0.07356682544130008 0.4628703703703704 0.00255533762958812 0.058015873015873014
15 0.05138414121602689 0.46292328042328046 0.0024600728495376856 0.047539682539682535
15 0.054925749509666576 0.46205026455026454 0.0033790977864948165 0.06166666666666666
15 0.058659288316054915 0.4645767195767196 0.0030008405715886807 0.05613756613756613
15 0.04395909218268422 0.4637698412698413 0.003300644438217988 0.05452380952380952
15 0.04023956290277389 0.4653174603174603 0.003146539646959933 0.05232804232804233
15 0.0477794900532362 0.4648677248677249 0.0025357242925189132 0.056719576719576725
15 0.07726814233678901 0.4725264550264551 0.0021126365928831607 0.040291005291005294
1 0.01702437657607173 0.508505291005291 0.0054693191370131684 0.027592592592592592
1 0.5761824040347436 0.5073544973544973 0.0030232558139534882 0.04645502645502645
1 0.06979826281871673 0.5175000000000001 0.002863547212104231 0.056164021164021166
1 0.06579013729335949 0.5173544973544973 0.002692630989072569 0.05587301587301587
1 0.07359344354160828 0.5180820105820106 0.003168954889324741 0.05203703703703704
1 0.06231717567946203 0.5200793650793651 0.0030316615298402916 0.05074074074074074
1 0.9800336228635471 0.518968253968254 0.0060184925749509665 0.027354497354497354
1 0.04383020453908658 0.5191931216931217 0.0030428691510226953 0.054259259259259264
1 0.05141356122163071 0.51989417989418 0.002518912860745307 0.05037037037037037
1 0.05520173718128327 0.5214814814814815 0.0028103110114878114 0.04825396825396825
1 0.04773325861585879 0.5229232804232804 0.0030036424768842816 0.051137566137566134
1 0.07735219949565704 0.5220767195767195 0.003401513028859625 0.05473544973544974
1 0.05864107593163351 0.5217460317460317 0.0029644158027458674 0.04878306878306879
1 0.5497015970860185 0.5262301587301587 0.01058279630148501 0.047169312169312166
1 0.7350252171476603 0.5396296296296296 0.009697394228075092 0.03693121693121693
15 0.01704959372373214 0.5457804232804233 0.006080134491454189 0.03335978835978836
15 0.980245166713365 0.5514417989417989 0.005881199215466517 0.028809523809523813
1 0.9076884281311292 0.5551322751322751 0.0059064163631269255 0.10497354497354497
1 0.9014752031381339 0.5575 0.004687587559540488 0.09383597883597883
1 0.9132908377696833 0.5566931216931217 0.004782852339590922 0.10809523809523809
15 0.5439282712244327 0.5648677248677249 0.006321098346875875 0.03449735449735449
1 0.7580176520033622 0.5676851851851852 0.009170636032502101 0.04542328042328043
1 0.803890445502942 0.5767989417989418 0.0034099187447464274 0.058359788359788355
1 0.7936873073690109 0.5783201058201058 0.0037377416643317456 0.05611111111111111
1 0.8946987951807228 0.6016666666666667 0.006265060240963855 0.028730158730158727
1 0.5439282712244327 0.6033994708994709 0.006321098346875875 0.032195767195767194
1 0.750014009526478 0.6075661375661375 0.00325021014289717 0.056402116402116405
1 0.5592182684225273 0.6117857142857143 0.0038386102549733815 0.017222222222222222
1 0.7581563463154946 0.6133862433862434 0.011129167834127205 0.04158730158730159
1 0.5592967217708041 0.647526455026455 0.004555898010647241 0.02521164021164021
1 0.791137573550014 0.6481746031746032 0.002560941440179322 0.03708994708994709
1 0.8160240963855422 0.661084656084656 0.0035808349677780888 0.02587301587301587
1 0.6784351358924069 0.6701719576719577 0.005231157186887084 0.028174603174603175
1 0.75780891005884 0.6813756613756614 0.010434295320818156 0.04
1 0.5557733258615859 0.6892857142857143 0.0053544410198935275 0.029365079365079365
1 0.8160437097226114 0.6907275132275132 0.0036200616419165034 0.026957671957671955
1 0.8211852059400392 0.6913359788359789 0.006057719249089381 0.022883597883597884
1 0.7346287475483328 0.7013756613756614 0.01002521714766041 0.04296296296296296
1 0.745084057158868 0.728042328042328 0.005718688708321659 0.03280423280423281
1 0.5904286915102269 0.7268253968253968 0.0040571588680302605 0.02507936507936508
1 0.757822919585318 0.7302777777777778 0.009901933314653966 0.047857142857142855
1 0.7371756794620342 0.7768915343915345 0.00447184085177921 0.08288359788359788
1 0.731461193611656 0.7779761904761905 0.005371252451667134 0.08505291005291005
1 0.805610815354441 0.7846428571428572 0.004048753152143457 0.019021164021164022
1 0.6701891286074532 0.8112169312169312 0.004429812272345195 0.051005291005291005
1 0.8057453068086299 0.8107539682539682 0.004317736060521154 0.023624338624338624
1 0.5719010927430653 0.8154232804232805 0.00230596805827963 0.038253968253968255
1 0.5694578313253011 0.8177910052910053 0.0024628747548332865 0.037698412698412696
1 0.7422877556738582 0.835952380952381 0.004048753152143457 0.05814814814814815
1 0.7554889324740824 0.8453968253968254 0.006354721210423088 0.029417989417989416
1 0.8182362006164191 0.870462962962963 0.005203138133931073 0.09013227513227513
1 0.7558265620622023 0.880462962962963 0.006469599327542729 0.02547619047619048
1 0.8131731577472682 0.8825132275132275 0.0034827682824320537 0.0719047619047619
1 0.7416531241244047 0.8870238095238095 0.006141776407957412 0.028015873015873015
1 0.8930610815354441 0.8974867724867724 0.002989632950406276 0.04894179894179894
1 0.8400518352479686 0.8996428571428572 0.005124684785654245 0.085
1 0.8452087419445223 0.9012301587301588 0.004791258055477725 0.09346560846560846
1 0.8498108713925469 0.9192328042328043 0.003908657887363407 0.06597883597883598
15 0.029258896049313532 0.19195767195767197 0.004160829363967498 0.024126984126984125
15 0.019518072289156627 0.19232804232804235 0.0020509946763799386 0.03544973544973545
1 0.07818716727374615 0.19468253968253968 0.002269543289436817 0.03486772486772487
15 0.02216166993555618 0.1951719576719577 0.002294760437097226 0.03584656084656085
1 0.2798178761557859 0.20216931216931217 0.0014962174278509387 0.03925925925925926
1 0.15536564864107594 0.20207671957671958 0.001961333706920706 0.044365079365079364
1 0.1458503782572149 0.2024867724867725 0.0042252731857663215 0.01873015873015873
1 0.5660521154384982 0.2020899470899471 0.0029363967497898573 0.04968253968253968
1 0.2825077052395629 0.2046825396825397 0.002392827122443261 0.0337037037037037
1 0.15800644438217987 0.20384920634920636 0.0021994956570467916 0.03732804232804233
1 0.40435275987671615 0.20572751322751323 0.0023171756794620343 0.041084656084656085
1 0.4068758755954049 0.20695767195767198 0.002319977584757635 0.038253968253968255
1 0.8923704118800784 0.20787037037037037 0.0044101989352759875 0.024206349206349207
1 0.7014906136172597 0.20789682539682539 0.002588960493135332 0.04013227513227513
1 0.8996987951807229 0.20874338624338626 0.002815914822079014 0.03653439153439154
1 0.3948430933034463 0.20880952380952383 0.005152703838610255 0.026084656084656082
1 0.7773928271224432 0.20960317460317462 0.0019697394228075094 0.032962962962962965
1 0.7799677780891006 0.21195767195767196 0.0020762118240403474 0.04296296296296296
1 0.9020986270664052 0.21317460317460318 0.002011768002241524 0.03481481481481481
1 0.06734099187447465 0.21227513227513226 0.0018716727374614736 0.03830687830687831
1 0.27659288316054914 0.21394179894179896 0.002891566265060241 0.08396825396825397
15 0.009373774166433174 0.21415343915343915 0.005858783973101709 0.031481481481481485
1 0.014896329504062762 0.22990740740740742 0.006256654525077052 0.03653439153439154
15 0.2925427290557579 0.23191798941798944 0.0039702998038666296 0.01939153439153439
15 0.005184925749509667 0.2396031746031746 0.005326421966937518 0.01888888888888889
1 0.1466054917343794 0.24085978835978836 0.007416643317455869 0.042566137566137564
1 0.8936873073690109 0.2452777777777778 0.006483608854020734 0.03552910052910053
1 0.3957719249089381 0.2473015873015873 0.008131129167834128 0.04486772486772487
15 0.9110072849537686 0.24903439153439155 0.00413841412160269 0.02187830687830688
15 0.06423227794900532 0.25157407407407406 0.005180722891566265 0.04283068783068784
1 0.1691636312692631 0.2512037037037037 0.0026590081255253575 0.036798941798941796
15 0.052479686186606894 0.2524603174603175 0.004651162790697675 0.03402116402116402
15 0.05813533202577753 0.25371693121693123 0.005315214345755113 0.03653439153439154
15 0.04648921266461193 0.25435185185185183 0.006119361165592603 0.0378042328042328
15 0.7907158868030261 0.25462962962962965 0.0017175679462034183 0.03835978835978836
15 0.7883496777808909 0.2561507936507937 0.002588960493135332 0.036111111111111115
15 0.9311291678341271 0.2578042328042328 0.0034743625665452508 0.023544973544973546
15 0.2925875595404875 0.2576851851851852 0.004059960773325861 0.018015873015873016
15 0.9234085177920986 0.25796296296296295 0.00372373213785374 0.023862433862433863
15 0.9378537405435696 0.25794973544973543 0.004034743625665453 0.018544973544973545
15 0.9168100308209582 0.25945767195767194 0.0034155225553376294 0.02156084656084656
1 0.01593723732137854 0.2622883597883598 0.006657326982347997 0.0378042328042328