9 0.6688550815558344 0.4870598086124402 0.025288582183186952 0.05163157894736842
1 0.16436951066499372 0.5157631578947368 0.026355081555834377 0.0410956937799043
9 0.06156524466750314 0.5173636363636364 0.029654956085319952 0.03664114832535885
9 0.7444291091593475 0.5242368421052631 0.0352823086574655 0.04177511961722488
1 0.07693538268506901 0.05352153110047847 0.023381430363864492 0.03048803827751196
1 0.8646957340025094 0.532488038277512 0.022365119196988706 0.03722488038277512
4 0.7987358845671267 0.5346937799043062 0.03159974905897114 0.14498564593301436
15 0.3342063989962359 0.5423468899521532 0.03604140526976161 0.02057894736842105
9 0.9042957967377666 0.5529354066985646 0.03820263488080301 0.0675933014354067
1 0.143698243412798 0.055590909090909094 0.026417816813048934 0.043239234449760765
1 0.9585272898368883 0.05596650717703349 0.03186010037641154 0.047818181818181815
1 0.17734943538268508 0.05748325358851675 0.03600376411543287 0.04415311004784689
1 0.8657418444165621 0.5725311004784689 0.02759410288582183 0.033100478468899526
4 0.5383767252195734 0.5959784688995216 0.028447302383939773 0.09817703349282296
9 0.3594902760351318 0.6197799043062201 0.0232465495608532 0.028076555023923446
15 0.1614240903387704 0.6358899521531101 0.011681304893350064 0.03637320574162679
15 0.17065872020075282 0.6381674641148325 0.00944792973651192 0.04092822966507177
15 0.1798478670012547 0.6385334928229666 0.00900564617314931 0.040703349282296644
1 0.27071988707653705 0.650767942583732 0.052732120451693856 0.02211004784688995
4 0.7354203262233375 0.6756746411483254 0.02667503136762861 0.09680382775119617
1 0.3185508155583438 0.6925885167464115 0.0373525721455458 0.026325358851674644
4 0.5790197616060225 0.06942105263157895 0.07021016311166876 0.03453588516746412
1 0.3984896486825596 0.6998301435406699 0.02157151819322459 0.03315311004784689
1 0.1770702634880803 0.7215215311004785 0.1295483061480552 0.1272535885167464
15 0.2823306148055207 0.7301674641148325 0.05525094102885821 0.02492822966507177
9 0.5481791091593475 0.7308971291866029 0.07251882057716437 0.041698564593301436
1 0.8889538895859473 0.07373444976076554 0.02194792973651192 0.0259377990430622
1 0.06109473023839398 0.7333110047846889 0.010520702634880802 0.03408612440191387
1 0.07361825595984943 0.7358397129186602 0.018001882057716436 0.028617224880382777
1 0.09135508155583438 0.7408971291866028 0.017716436637390212 0.027248803827751196
1 0.4927478042659975 0.7425645933014354 0.028155583437892095 0.03823923444976077
9 0.9443820577164367 0.7638564593301436 0.019880803011292348 0.032019138755980864
15 0.9201568381430364 0.7643971291866029 0.015345043914680051 0.025444976076555024
1 0.28159974905897117 0.7695287081339713 0.05002509410288582 0.03857894736842105
1 0.9062907779171895 0.7744832535885168 0.020862609786700126 0.04274641148325359
1 0.22877509410288582 0.7838564593301436 0.025931618569636137 0.039483253588516745
1 0.3353011292346299 0.786933014354067 0.03572145545796738 0.021712918660287083
4 0.4554658092848181 0.7997942583732057 0.07843475533249687 0.03690909090909091
1 0.37782308657465496 0.8010526315789473 0.019761606022584692 0.030813397129186605
15 0.10037013801756588 0.8010741626794258 0.043274780426599754 0.030856459330143537
4 0.6253121079046424 0.8015598086124401 0.06116373902132999 0.03469856459330144
1 0.39844416562107904 0.8028540669856459 0.020225846925972398 0.025803827751196173
4 0.5441954203262234 0.8040215311004785 0.07898055207026349 0.03962200956937799
15 0.06529642409033877 0.8139593301435406 0.018296737766624844 0.06523923444976076
1 0.9144071518193225 0.815755980861244 0.03521329987452949 0.04203827751196172
9 0.9446643663739022 0.8330215311004785 0.0267189460476788 0.04499043062200957
1 0.3552634880803011 0.854444976076555 0.03737766624843162 0.02372248803827751
9 0.6147898368883312 0.8567248803827752 0.02882685069008783 0.04742105263157895
15 0.10144291091593474 0.8575119617224881 0.028481806775407778 0.06909090909090909
1 0.3911684441656211 0.8585645933014354 0.028886449184441658 0.04057416267942584
9 0.5079281681304894 0.8589114832535886 0.0258939774153074 0.049880382775119615
9 0.5373306148055207 0.8595502392344497 0.025727728983688834 0.04828708133971292
9 0.9450109786700126 0.8666961722488038 0.021138644918444166 0.025258373205741626
1 0.2626929109159348 0.8792488038277513 0.021621706398996236 0.03122488038277512
1 0.311659347553325 0.8804784688995215 0.01980552070263488 0.05090909090909091
1 0.9066342534504391 0.8951148325358852 0.01966750313676286 0.034248803827751195
1 0.4487703889585947 0.8982224880382775 0.01736511919698871 0.04429186602870813
1 0.9295702634880803 0.9013995215311005 0.021624843161856963 0.04107655502392344
1 0.43036229611041404 0.9055813397129187 0.019444792973651193 0.037
1 0.5766671894604768 0.9241842105263158 0.02911856963613551 0.02635885167464115
1 0.6348462986198243 0.09400956937799043 0.020006273525721457 0.024382775119617225
1 0.12419855708908406 0.0962511961722488 0.031333124215809284 0.03843540669856459
1 0.17648212045169384 0.09866507177033493 0.02987766624843162 0.03752153110047847
1 0.888957026348808 0.108811004784689 0.03450125470514429 0.038674641148325355
1 0.9284943538268506 0.11122488038277513 0.03452948557089084 0.042545454545454546
1 0.07850376411543288 0.113811004784689 0.023381430363864492 0.04388995215311005
9 0.9615056461731494 0.1169665071770335 0.030915934755332497 0.042545454545454546
1 0.1501223337515684 0.12171531100478468 0.02358218318695107 0.03864593301435407
15 0.9266828732747804 0.1519090909090909 0.022123588456712674 0.016736842105263158
1 0.9483045796737767 0.1590574162679426 0.020197616060225847 0.02816267942583732
9 0.6131869510664993 0.16382535885167462 0.05259723964868256 0.039612440191387564
1 0.7275454830614806 0.1695598086124402 0.017198870765370137 0.029071770334928228
1 0.7535931618569636 0.17367942583732057 0.029771016311166874 0.041138755980861245
1 0.7038754705144291 0.18506937799043063 0.02067440401505646 0.030425837320574165
1 0.9245059598494353 0.20119377990430623 0.037217691342534505 0.040665071770334925
1 0.7207324341279799 0.20379186602870814 0.016747176913425345 0.03724880382775119
1 0.5440354454203262 0.21542822966507177 0.0203168130489335 0.04138277511961722
1 0.7482136135508155 0.22060047846889952 0.03155897114178168 0.04407177033492823
1 0.5569306775407779 0.25271291866028706 0.01913111668757842 0.04226794258373206
9 0.6368397114178168 0.2553062200956938 0.07167189460476789 0.08094736842105263
9 0.2796533877038896 0.27222727272727276 0.02354767879548306 0.03632057416267943
15 0.8406477415307403 0.2748995215311005 0.009400878293601003 0.03018181818181818
1 0.5734284818067754 0.28120813397129185 0.030796737766624845 0.05045454545454545
1 0.7416264115432872 0.28763875598086125 0.040969259723964875 0.022167464114832534
1 0.8290370138017565 0.2985933014354067 0.027584692597239648 0.02876555023923445
1 0.7943993099121707 0.31610765550239234 0.0260633626097867 0.04082775119617225
1 0.8129422835633625 0.3174066985645933 0.01860727728983689 0.027157894736842103
1 0.7633657465495609 0.31870574162679427 0.027986198243412797 0.032626794258373205
1 0.9402650564617315 0.3312535885167464 0.03234943538268507 0.04241148325358852
1 0.536952634880803 0.3322751196172249 0.018070890840652446 0.045411483253588514
1 0.508323400250941 0.3451004784688995 0.024175031367628604 0.03469856459330144
1 0.5532089084065245 0.34988277511961724 0.01733375156838143 0.044263157894736845
1 0.3668193224592221 0.35940191387559806 0.01782936010037641 0.025023923444976077
1 0.38863393977415306 0.3658947368421053 0.014407151819322459 0.023655502392344496
4 0.6382904642409033 0.38025119617224884 0.06955457967377666 0.03514354066985646
1 0.058180677540777916 0.38188995215311006 0.0172396486825596 0.025023923444976077
15 0.2611543287327478 0.40068660287081337 0.0467754077791719 0.019555023923444975
1 0.044330301129234626 0.41650956937799044 0.028434755332496866 0.036846889952153114
1 0.8950345043914679 0.04234928229665072 0.01717063989962359 0.027282296650717706
15 0.8875156838143037 0.4337583732057416 0.022835633626097866 0.028282296650717704
1 0.31418130489335006 0.4544425837320574 0.021085319949811793 0.05912440191387559