15 0.2932286555446516 0.052439213657527156 0.015309126594700687 0.006585618210036213
9 0.7654317958783121 0.5276771857216761 0.05588812561334642 0.056906363166063116
9 0.826648675171737 0.527534919813761 0.053689892051030426 0.05455250905328505
1 0.5973086359175662 0.5293222969477496 0.008159960745829245 0.018810139679255045
1 0.6624092247301275 0.5289472322814278 0.006859666339548577 0.015990688049663734
15 0.6818179587831208 0.5295576823590274 0.006422963689892051 0.014107604759441283
1 0.6268032384690874 0.5299353336782204 0.007286555446516192 0.01693222969477496
15 0.6515652600588813 0.5299818934299017 0.007742885181550539 0.015990688049663734
1 0.5278827281648676 0.5302638385928609 0.00767909715407262 0.015519917227108122
1 0.5177109911678116 0.53054578375582 0.005 0.015049146404552509
15 0.6724484789008832 0.5303103983445421 0.007311089303238469 0.01975168132436627
1 0.5888321884200196 0.5310165545783756 0.005927379784102061 0.015990688049663734
1 0.5385475956820411 0.5312984997413347 0.005456329735034347 0.015519917227108122
15 0.49687193326790974 0.5314873254009312 0.004538763493621197 0.01693222969477496
1 0.5625515210991168 0.5315338851526125 0.006359175662414132 0.015990688049663734
1 0.571788518155054 0.5313916192446974 0.008150147203140333 0.018810139679255045
1 0.4615358194308145 0.5315804449042939 0.004524043179587832 0.015049146404552509
15 0.504860157016683 0.531722710812209 0.006776251226692836 0.017403000517330576
1 0.6375122669283612 0.5317692705638903 0.009077526987242394 0.016461458872219347
1 0.4719308145240432 0.5319580962234869 0.0076496565260058885 0.017873771339886185
15 0.5112414131501473 0.5329927573719607 0.006781157998037292 0.017873771339886185
15 0.21120706575073603 0.5440894981893429 0.006319921491658489 0.013166063114330056
15 0.22646712463199217 0.5443740300051734 0.005436702649656526 0.012700465597516813
15 0.24132482826300294 0.5443740300051734 0.007674190382728165 0.012700465597516813
15 0.2570314033366045 0.5442783238489395 0.0076840039254170754 0.014578375581996896
15 0.26461727183513245 0.5443248836006208 0.008135426889106966 0.013636833936885669
15 0.21830225711481843 0.5446068287635799 0.006771344455348381 0.013166063114330056
15 0.2337855740922473 0.5450775995861356 0.006334641805691855 0.014107604759441283
15 0.10013002944062807 0.5449224004138645 0.017728164867517174 0.006554578375581997
15 0.24940137389597644 0.5453129849974133 0.008125613346418056 0.014578375581996896
1 0.0999656526005888 0.5564743921365752 0.015436702649656527 0.00793067770305225
1 0.962423945044161 0.5564743921365752 0.013169774288518154 0.006896016554578376
4 0.5702379784102061 0.5588903259182618 0.321045142296369 0.03449042938437662
15 0.266756624141315 0.5591412312467666 0.004563297350343475 0.0122296947749612
15 0.23168792934249263 0.5596585618210036 0.004102060843964671 0.0122296947749612
15 0.23954121687929342 0.5597982410760476 0.009013738959764475 0.009405069839627522
15 0.2606010794896958 0.5602224521469219 0.005009813542688911 0.011288153129849975
15 0.24667811579980373 0.5603621314019659 0.00366045142296369 0.013636833936885669
15 0.22544160942100097 0.5607397827211589 0.0063297350343473995 0.011288153129849975
15 0.2546221786064769 0.5607863424728401 0.006790971540726202 0.010346611484738748
15 0.2501153091265947 0.5612105535437144 0.003665358194308145 0.0122296947749612
15 0.21294651619234545 0.5614924987066736 0.005873405299313053 0.011758923952405588
15 0.2193719332679097 0.5617744438696327 0.004985279685966634 0.011288153129849975
1 0.0999656526005888 0.5666502845318159 0.013473994111874388 0.006554578375581997
15 0.20858439646712465 0.05808329022245215 0.005 0.017873771339886185
15 0.2225073601570167 0.058176409725814796 0.006349362119725221 0.015990688049663734
1 0.21563542688910695 0.05874030005173306 0.006344455348380765 0.015049146404552509
1 0.23495583905789988 0.05874030005173306 0.007693817468105986 0.015049146404552509
15 0.24459273797841022 0.05874030005173306 0.006359175662414132 0.015049146404552509
15 0.2282630029440628 0.058929125711329536 0.0041216879293424925 0.016461458872219347
15 0.153297350343474 0.5971727884117951 0.007281648675171737 0.01586652871184687
9 0.2262953876349362 0.598879979306777 0.0678999018645731 0.0503207449560269
9 0.080905299313052 0.6166580444904294 0.0460107948969578 0.08794619762027936
4 0.7018007850834151 0.6207966890843248 0.2573797841020608 0.04138644593895499
1 0.26634690873405303 0.6290739782721159 0.016501472031403338 0.007242628039317123
1 0.5456624141315014 0.6318339368856699 0.005947006869479882 0.014831867563372996
15 0.5332286555446516 0.6321779617175375 0.006594700686947988 0.015519917227108122
1 0.5382998037291462 0.6325219865494051 0.004960745829244357 0.015173305742369372
15 0.11534347399411186 0.6425245732022763 0.012826300294406281 0.005173305742369374
15 0.1968155053974485 0.6430419037765132 0.004033366045142297 0.012415933781686497
15 0.2318253189401374 0.6428685980341438 0.004376840039254171 0.015173305742369372
15 0.504106967615309 0.6432152095188826 0.005269872423945044 0.014831867563372996
1 0.5108169774288519 0.6432152095188826 0.005932286555446516 0.014831867563372996
15 0.24540480863591757 0.6428685980341438 0.005039254170755642 0.012069322296947748
15 0.22659224730127578 0.6430419037765132 0.005686947988223749 0.014485256078634247
15 0.5168694798822375 0.6435592343507501 0.004298331697742885 0.014485256078634247
15 0.20205103042198233 0.6437325400931195 0.004690873405299313 0.013797206414899121
15 0.21464916584887145 0.6437325400931195 0.005353287536800785 0.013797206414899121
15 0.22053729146221784 0.6433859286083807 0.005353287536800785 0.013103983445421623
15 0.23951668302257115 0.6435592343507501 0.005039254170755642 0.012415933781686497
1 0.5239033366045142 0.6435592343507501 0.005608439646712463 0.015519917227108122
15 0.26389352306182534 0.6440765649249871 0.00570657507360157 0.012415933781686497
15 0.2516216879293425 0.6442498706673565 0.00471540726202159 0.014831867563372996
15 0.25718351324828265 0.6442498706673565 0.004062806673209028 0.012762545266425247
15 0.20745093228655545 0.6444205897568546 0.004695780176643768 0.013103983445421623
15 0.5135966633954858 0.6568365235385412 0.005603532875368008 0.015173305742369372
15 0.2171025515210991 0.6580444904293844 0.005353287536800785 0.014485256078634247
15 0.23166339548577036 0.6580444904293844 0.006015701668302257 0.013450594930160372
15 0.25800294406280666 0.6587351267459907 0.004720314033366045 0.014831867563372996
15 0.18618253189401374 0.6589058458354888 0.006319921491658489 0.013103983445421623
15 0.24524288518155055 0.6590791515778582 0.005696761530912659 0.011381272633212623
15 0.20859666339548577 0.6592524573202276 0.006987242394504416 0.013797206414899121
15 0.2642198233562316 0.6592524573202276 0.0073405299313052015 0.013797206414899121
15 0.2015603532875368 0.6594231764097258 0.004690873405299313 0.016207966890843247
15 0.24000736015701668 0.6590791515778582 0.005039254170755642 0.013450594930160372
15 0.25195044160942104 0.6592524573202276 0.006354268891069676 0.012762545266425247
15 0.193545142296369 0.6594231764097258 0.006324828263002944 0.015173305742369372
15 0.22462953876349362 0.6597697878944646 0.0076496565260058885 0.014831867563372996
4 0.7026177625122669 0.6663217796171754 0.24920019627085377 0.04655975168132437
1 0.9582531894013739 0.6664950853595447 0.01562315996074583 0.008623900672529747
15 0.5664425907752699 0.6745990688049663 0.016104023552502452 0.007242628039317123
1 0.5360500490677135 0.6752897051215727 0.01223748773307164 0.006554578375581997
1 0.5486481844946025 0.6759777547853077 0.01191854759568204 0.005861355406104501
9 0.40763248282630027 0.6830496637351268 0.15579489695780177 0.1586497672012416
1 0.9354293424926399 0.690980341438179 0.013155053974484788 0.006896016554578376
4 0.9013665358194307 0.691497672012416 0.048071638861629046 0.23452146921883082
15 0.9506452404317959 0.6923176409725815 0.013164867517173698 0.006466632177961717
1 0.09440382728164869 0.6949482669425763 0.008238469087340529 0.014831867563372996
15 0.611594700686948 0.6965002586652871 0.013179587831207066 0.0044852560786342475
15 0.9366167811579981 0.699216244180031 0.013567222767419038 0.004743921365752716
1 0.9514622178606477 0.7000775995861356 0.01479882237487733 0.006466632177961717
15 0.6104489695780176 0.7018442834971547 0.012850834151128558 0.005861355406104501
1 0.31747791952894994 0.7080522503879979 0.012777232580961726 0.005861355406104501
1 0.07859421000981355 0.07102690118986033 0.02568694798822375 0.03134505949301604
1 0.6104514229636898 0.7106389032591826 0.015799803729146224 0.006896016554578376
4 0.7160255152109911 0.7130548370408691 0.1935819430814524 0.039663735126745994
4 0.8506501472031404 0.7130548370408691 0.044774288518155056 0.18451629591308846
15 0.5908169774288519 0.7166761510605277 0.0069528949950932286 0.01586652871184687
1 0.5986702649656526 0.7165028453181583 0.004995093228655544 0.014485256078634247
1 0.5829636898920509 0.7173642007242628 0.005966633954857704 0.015173305742369372
1 0.5023478900883218 0.7183988618727366 0.013527968596663395 0.00793067770305225
15 0.732252208047105 0.07208225556130368 0.006211972522080471 0.013797206414899121
1 0.15706084396467124 0.7197801345059494 0.006957801766437684 0.014831867563372996
1 0.040343473994111874 0.07295137092602172 0.023768400392541706 0.026916709777547853
15 0.7434175662414132 0.07333160889808588 0.004990186457311089 0.014226590791515779
15 0.756261040235525 0.07333160889808588 0.004180569185475957 0.014226590791515779
1 0.5867271835132483 0.7297801345059493 0.014474975466143278 0.006896016554578376
15 0.7679587831207065 0.07419296430419037 0.005004906771344455 0.015949301603724778
15 0.7803508341511286 0.07462493533367823 0.006236506378802748 0.016813243662700466
1 0.060701668302257115 0.7463347128815313 0.013454367026496565 0.00793067770305225
1 0.15706084396467124 0.7485773409208484 0.006957801766437684 0.014485256078634247
1 0.31682531894013743 0.7596145887221935 0.016378802747791955 0.008623900672529747
9 0.10823110893032384 0.7603026383859286 0.0771099116781158 0.11036213140196587
4 0.7086678115799803 0.7725478530781169 0.2181207065750736 0.05518365235385411
9 0.5479955839057901 0.0775995861355406 0.04103532875368008 0.03621314019658562
1 0.061192345436702655 0.7761691670977755 0.014435721295387637 0.007589239524055872
1 0.4887684003925417 0.7796171753750647 0.015809617271835132 0.008277289187790998
15 0.4051668302257115 0.7825478530781169 0.00562315996074583 0.017242628039317122
1 0.6533979391560353 0.08023021210553544 0.009445534838076546 0.012503879979306779
15 0.7134789008832189 0.08053026383859285 0.0049754661432777235 0.017242628039317122
1 0.6198527968596663 0.08091826176927056 0.007124631992149166 0.015949301603724778
1 0.6314278704612365 0.08122090015519917 0.006722276741903827 0.015519917227108122
1 0.06544651619234544 0.8094490429384377 0.006261040235525025 0.015173305742369372
1 0.6419847890088322 0.08109156751163994 0.008209028459273798 0.014226590791515779
15 0.6848503434739941 0.08109156751163994 0.0065996074582924434 0.014226590791515779
15 0.6961383709519137 0.08126487325400931 0.0066045142296368995 0.01767718572167615
1 0.6637438665358194 0.08191153647180549 0.006584887144259077 0.013797206414899121
15 0.488684985279686 0.08191153647180549 0.0058292443572129544 0.013797206414899121
15 0.5858635917566242 0.08195292291774443 0.005878312070657508 0.015949301603724778
1 0.6029195289499509 0.08195292291774443 0.004661432777232581 0.015949301603724778
15 0.5953949950932287 0.08259958613554061 0.006295387634936212 0.017242628039317122
15 0.4027134445534838 0.08259958613554061 0.0066045142296368995 0.017242628039317122
15 0.3299926398429833 0.08277289187790998 0.00640333660451423 0.015519917227108122
15 0.3927330716388616 0.08255819968960167 0.008233562315996075 0.015090532850491466
15 0.4252894995093229 0.08255819968960167 0.00661432777232581 0.015090532850491466
15 0.441648675171737 0.08255819968960167 0.004985279685966634 0.015090532850491466
15 0.4589499509322866 0.08264355923435075 0.006221786064769382 0.014226590791515779
15 0.47674190382728165 0.08264355923435075 0.00745829244357213 0.014226590791515779
1 0.1413567222767419 0.8246249353336782 0.013822374877330717 0.007242628039317123
15 0.4996884200196271 0.08294619762027937 0.006246319921491658 0.013797206414899121
15 0.5117934249263985 0.08294619762027937 0.007885181550539746 0.013797206414899121
15 0.4100736015701668 0.08294619762027937 0.0066045142296368995 0.013797206414899121
15 0.4315480863591757 0.0826875323331609 0.005392541707556428 0.01638385928608381
15 0.4175588812561335 0.0830755302638386 0.007836113837095192 0.015090532850491466
15 0.380053974484789 0.0832436627004656 0.006427870461236506 0.016461458872219347
15 0.46819430814524043 0.08337558199689601 0.00704612365063788 0.014655975168132435
1 0.0930937193326791 0.830488877392654 0.0065996074582924434 0.01586652871184687
15 0.10176398429833171 0.8303155716502846 0.005294406280667321 0.014485256078634247
15 0.1074901864573111 0.830659596482152 0.003989205103042199 0.013103983445421623
15 0.0844234543670265 0.830659596482152 0.0059421000981354265 0.014138644593895498
15 0.1272865554465162 0.8308329022245214 0.0062904808635917565 0.015519917227108122
15 0.07755152109911678 0.830659596482152 0.004955839057899902 0.015173305742369372
15 0.07133464180569185 0.831176927056389 0.006261040235525025 0.014138644593895498
15 0.11452649656526005 0.8320408691153648 0.007266928361138372 0.014831867563372996
15 0.33619479882237485 0.08329022245214693 0.005068694798822375 0.015519917227108122
1 0.039575564278704616 0.8332798758406622 0.024195289499509325 0.025587170201758925
9 0.8744381746810599 0.8368675633729953 0.05407752698724239 0.05345576823590274
15 0.3582360157016683 0.08394981893429902 0.005971540726202159 0.017873771339886185
4 0.5317001962708537 0.8491127780651837 0.604126594700687 0.039663735126745994
15 0.9087733071638862 0.8527263321262286 0.006947988223748773 0.015851008794619762
1 0.9159102060843964 0.8529798241076048 0.006501472031403337 0.016357992757371962
15 0.8833390578999019 0.08544490429384376 0.0071099116781158 0.014655975168132435
4 0.9624631992149166 0.8579927573719607 0.07507360157016683 0.08432488360062079
15 0.7558930323846909 0.08678220382824625 0.005407262021589794 0.014226590791515779
15 0.7437855740922473 0.08747284014485257 0.003763493621197252 0.012503879979306779
15 0.7325392541707556 0.08734350750129333 0.005804710500490677 0.011210553543714434
15 0.859739941118744 0.08734350750129333 0.005053974484789009 0.01638385928608381
15 0.7673454367026497 0.0883781686497672 0.0037782139352306185 0.011210553543714434
15 0.7798184494602551 0.0883781686497672 0.004190382728164867 0.011210553543714434
1 0.04975220804710501 0.8859493016037248 0.032772325809617274 0.03780651836523539
4 0.5343179587831207 0.8898085876875323 0.6123061825318941 0.04138644593895499
1 0.16584641805691855 0.8908458354888774 0.03728655544651619 0.04242628039317124
9 0.9086236506378803 0.8928272115882049 0.006648675171736998 0.01638385928608381
15 0.9161898920510304 0.8945499224004139 0.007060843964671246 0.014655975168132435
9 0.8740701668302258 0.9023978272115882 0.055304219823356225 0.05518365235385411
1 0.048152600588812565 0.09238748060010347 0.007001962708537782 0.015090532850491466
15 0.2126864573110893 0.9275737196068288 0.005353287536800785 0.014485256078634247
15 0.8218449460255153 0.929314536989136 0.01366045142296369 0.006585618210036213
15 0.1989450441609421 0.9367123642007242 0.0033856722276741904 0.014138644593895498
15 0.8212438665358194 0.9371908949818933 0.013439646712463199 0.0068184169684428345
1 0.1928900883218842 0.9372296947749612 0.006977428851815506 0.014138644593895498
1 0.20532384690873404 0.9377470253491981 0.007311089303238469 0.015173305742369372
4 0.4778606476938175 0.938264355923435 0.4993915603532875 0.03793585100879462
1 0.25739695780176647 0.09424728401448526 0.005471050049067713 0.013636833936885669
15 0.7892517173699705 0.9429513709260217 0.005392541707556428 0.013166063114330056
15 0.7951840039254171 0.9429513709260217 0.004499509322865554 0.013166063114330056
15 0.8790235525024535 0.9433523021210554 0.0063297350343473995 0.012933264355923435
15 0.782446025515211 0.9436808070356958 0.006501472031403337 0.016694257630625972
15 0.8084592737978411 0.9437765131919296 0.006516192345436702 0.014816347646145887
15 0.8019676153091266 0.9436575271598551 0.0062904808635917565 0.014578375581996896
1 0.8889524043179587 0.943892912571133 0.0065603532875368005 0.015049146404552509
15 0.8541045142296368 0.944340403517848 0.00654072620215898 0.013874806001034662
1 0.8714376840039254 0.944174857734092 0.005878312070657508 0.014578375581996896
1 0.1878361138370952 0.9661562338334195 0.03710500490677135 0.043021210553543715
4 0.4764474975466143 0.9803414381789963 0.49950932286555444 0.03931712364200724
1 0.21496810598626104 0.9849974133471289 0.018748773307163888 0.020693222969477496
1 0.06837340529931304 0.11587687532333162 0.0395927379784102 0.03930677703052251
15 0.23422227674190385 0.11823331608898086 0.008189401373895977 0.015049146404552509
15 0.2566658488714426 0.11823331608898086 0.005971540726202159 0.015049146404552509
15 0.2642492639842983 0.11827987584066219 0.006418056918547596 0.014107604759441283
15 0.271121197252208 0.11814019658561821 0.006422963689892051 0.01693222969477496
15 0.24439401373895975 0.11851526125194 0.005961727183513249 0.014578375581996896
15 0.22355740922473014 0.11879720641489912 0.005505397448478901 0.014107604759441283
1 0.21008341511285572 0.11992757371960683 0.005053974484789009 0.017403000517330576
4 0.605613346418057 0.12053802379720642 0.6008243375858685 0.04138644593895499
15 0.216594700686948 0.12068028970512158 0.007281648675171737 0.017873771339886185
1 0.21359421000981355 0.1394386963269529 0.03170264965652601 0.039870667356440764
1 0.17135181550539744 0.140475944128298 0.03063297350343474 0.03470253491981376
9 0.9534126594700687 0.14519658561821006 0.0520657507360157 0.05862907397827211
9 0.2677747791952895 0.1640688049663735 0.040947006869479885 0.039467149508535956
1 0.29396712463199215 0.1727884117951371 0.005991167811579981 0.015519917227108122
1 0.08497546614327772 0.17786342472840144 0.04041216879293425 0.04118986032074496
1 0.16553238469087342 0.17876616658044492 0.032733071638861626 0.04506466632177962
1 0.20577281648675172 0.18017330574236937 0.03764965652600589 0.04063631660631143
4 0.6477944062806673 0.18520434557682358 0.3750785083415113 0.04655975168132437
15 0.054838076545632976 0.18561303673047078 0.005652600588812561 0.016337299534402484
15 0.04314278704612365 0.18600879461976202 0.004833169774288518 0.014024831867563373
15 0.24770117762512267 0.19232798758406622 0.00570657507360157 0.014247284014485256
15 0.23989695780176645 0.19269787894464563 0.005799803729146222 0.0139524055871702
1 0.2808930323846909 0.20345318158303155 0.00732090284592738 0.017873771339886185
15 0.2973577036310108 0.20345318158303155 0.006884200196270854 0.017873771339886185
15 0.28932531894013735 0.2041567511639938 0.005539744847890088 0.019280910501810657
15 0.11204121687929343 0.2175814795654423 0.006221786064769382 0.015090532850491466
1 0.9711997055937194 0.2187868598034144 0.01403827281648675 0.008189342990170718
15 0.11960745829244357 0.21926280393171235 0.00663395485770363 0.01638385928608381
15 0.33670510304219825 0.22339368856699432 0.008052011776251226 0.0122296947749612
15 0.34384445534838076 0.2237687532333161 0.0076104023552502455 0.015049146404552509
15 0.3603066732090284 0.2237687532333161 0.007168792934249264 0.015049146404552509
15 0.35084887144259075 0.22409725814795656 0.0049362119725220805 0.013636833936885669
15 0.7214401373895977 0.22503879979306776 0.007158979391560353 0.015519917227108122
15 0.7860475956820412 0.22546301086394205 0.00585377821393523 0.017403000517330576
15 0.795193817468106 0.22583807553026386 0.009425907752698725 0.020222452146921886
15 0.3522325809617272 0.23782979824107606 0.006722276741903827 0.013166063114330056
15 0.35905789990186454 0.23782979824107606 0.007615309126594701 0.013166063114330056
15 0.37092737978410206 0.2394774961200207 0.005839057899901865 0.016461458872219347
15 0.33723994111874384 0.23985256078634246 0.007158979391560353 0.014107604759441283
15 0.3446025515210991 0.2398991205380238 0.007163886162904808 0.013166063114330056
15 0.3767271835132483 0.2406052767718572 0.007625122669283611 0.014578375581996896
15 0.2189376840039254 0.024738748060010345 0.013930323846908734 0.0070563890325918265
15 0.7224214916584888 0.2447439213657527 0.007158979391560353 0.014578375581996896
9 0.8756648675171738 0.2531039834454216 0.07615799803729147 0.19270563890325917
9 0.9520632973503435 0.25465597516813243 0.05329244357212954 0.05819968960165546
15 0.4213910696761531 0.26214433523021213 0.0076496565260058885 0.018339368856699432
1 0.3230520117762512 0.27362131401965856 0.006261040235525025 0.016461458872219347
1 0.30912904808635916 0.2772426280393171 0.004911678115799804 0.011288153129849975
4 0.650247791952895 0.2802198654940507 0.3701717369970559 0.043109156751163995
1 0.43602551521099114 0.282604759441283 0.014347399411187439 0.007527159855147439
15 0.45615063788027477 0.2831220900155199 0.014362119725220805 0.007527159855147439
4 0.6038150147203141 0.02827987584066218 0.6040971540726202 0.043109156751163995
15 0.45704121687929344 0.2909286083807553 0.016143277723258097 0.006585618210036213
15 0.4570853778213935 0.29873512674599073 0.015250245338567222 0.0056440765649249875
15 0.293049558390579 0.03042938437661666 0.013969578017664377 0.0070563890325918265
15 0.4586923454367027 0.30376616658044486 0.017482826300294407 0.003290222452146922
4 0.1574901864573111 0.030333678220382826 0.10987733071638862 0.02445421624418003
15 0.45686457311089307 0.30898861872736677 0.01480863591756624 0.007527159855147439
15 0.4915333660451423 0.3122788411795137 0.018395485770363103 0.00893429901707191
15 0.45717615309126597 0.3173124676668391 0.013469087340529932 0.006585618210036213
15 0.7992541707556429 0.31796947749612003 0.006751717369970559 0.014107604759441283
15 0.49148675171736994 0.3201810657009829 0.014376840039254171 0.0061148473874806
15 0.4721246319921492 0.32455509570615626 0.01883218842001963 0.006585618210036213
1 0.10520117762512267 0.3269529229177444 0.0043179587831207065 0.013450594930160372
1 0.08174435721295388 0.32742628039317123 0.005490677134445535 0.013362648732540092
1 0.1804268891069676 0.3269968960165546 0.005603532875368008 0.012503879979306779
1 0.11518155053974485 0.3274702534919814 0.00465161923454367 0.012415933781686497
1 0.0934224730127576 0.327296947749612 0.00627576054955839 0.016207966890843247
1 0.15492639842983316 0.32779358510087947 0.00661432777232581 0.01099327470253492
1 0.13285083415112856 0.3276435592343508 0.004661432777232581 0.012762545266425247
1 0.1654170755642787 0.3279229177444387 0.006005888125613346 0.012286601138127263
1 0.14245093228655545 0.32803155716502846 0.006197252208047105 0.012503879979306779
15 0.07404563297350343 0.32811691670977755 0.006776251226692836 0.011639937920331092
1 0.19322865554465163 0.33309622348680806 0.012561334641805692 0.0071132953957578895
15 0.47145485770363105 0.333585100879462 0.017492639842983316 0.0070563890325918265
15 0.7214401373895977 0.33523021210553544 0.007158979391560353 0.015519917227108122
1 0.7999239450441609 0.33626487325400933 0.008091265947006869 0.015519917227108122
15 0.09742149165848871 0.0335799275737196 0.0054416094210009815 0.016461458872219347
1 0.09099607458292443 0.03390843248836006 0.0063297350343473995 0.015049146404552509
1 0.1924730127576055 0.3428168649767201 0.013994111874386653 0.006896016554578376
1 0.07752208047105005 0.3510734609415416 0.013729146221786065 0.005819968960165546
1 0.44793915603532874 0.35404293843766166 0.006771344455348381 0.01693222969477496
1 0.0790161923454367 0.3599974133471288 0.014754661432777233 0.0071132953957578895
1 0.9361015701668303 0.36489136057941024 0.006648675171736998 0.013797206414899121
9 0.36833169774288516 0.3666140713916192 0.1458881256133464 0.15692188308329022
1 0.19429342492639845 0.3676073460941542 0.011746810598626105 0.004743921365752716
4 0.6486113837095191 0.3750646663217796 0.3668989205103042 0.03621314019658562
15 0.19302502453385673 0.375602690118986 0.012154072620215898 0.006249353336782204
1 0.07819676153091266 0.37829798241076046 0.013115799803729147 0.006466632177961717
1 0.19236997055937194 0.3861665804449043 0.01378802747791953 0.006683911019141231
9 0.06128802747791953 0.03914381789963786 0.04504906771344455 0.03793585100879462
1 0.07919774288518155 0.39032591826176927 0.014136408243375857 0.007759958613554061
15 0.4482065750736016 0.39415933781686496 0.006324828263002944 0.016461458872219347
1 0.07860647693817467 0.40259182617692707 0.013935230618253188 0.0053905845835488875
1 0.19390333660451423 0.4028065183652354 0.011947988223748774 0.005819968960165546
1 0.19302502453385673 0.4128504914640455 0.012154072620215898 0.006249353336782204
1 0.07979146221786065 0.4150491464045525 0.014342492639842984 0.007542679772374547
15 0.9752821393523062 0.4174004138644594 0.007482826300294406 0.01638385928608381
15 0.7816216879293425 0.4190377651319193 0.006815505397448479 0.015519917227108122
1 0.19378066732090285 0.4234790481117434 0.010721295387634937 0.004743921365752716
15 0.29327281648675174 0.042563372995344025 0.014416094210009812 0.007527159855147439
9 0.9105372914622178 0.424901707190895 0.11842492639842983 0.10174340403517847
15 0.07780667320902845 0.42651836523538544 0.013316977428851816 0.006683911019141231
15 0.7212536800785083 0.4284428349715468 0.006786064769381747 0.013636833936885669
1 0.19294160942100097 0.4349896533885153 0.012968596663395485 0.00603724780134506
1 0.07940382728164867 0.4367563372995344 0.014548577036310108 0.006466632177961717
1 0.17611138370951915 0.44352560786342476 0.005804710500490677 0.013797206414899121
1 0.15431059862610402 0.4438256595964821 0.005382728164867518 0.013362648732540092
1 0.12351324828263002 0.44395499224004137 0.006594700686947988 0.014655975168132435
1 0.1940063788027478 0.44376099327470253 0.012154072620215898 0.00495602690118986
1 0.1650073601570167 0.44412829798241077 0.005186457311089303 0.012933264355923435
1 0.14545632973503433 0.44434299017071904 0.0043572129538763495 0.013362648732540092
1 0.09700932286555447 0.44477496120020693 0.006579980372914622 0.014226590791515779
1 0.1355593719332679 0.44479565442317637 0.005171736997055937 0.015302638385928607
1 0.11060843964671245 0.4452715985514744 0.004337585868498528 0.01315054319710295
15 0.07852306182531894 0.44721158820486295 0.014749754661432777 0.006683911019141231
1 0.4027723258096173 0.45341696844283497 0.006722276741903827 0.015990688049663734
1 0.3789450441609421 0.45859027418520437 0.007154072620215898 0.015990688049663734
4 0.6497571148184494 0.4638722193481635 0.3750785083415113 0.03793585100879462
15 0.9744234543670265 0.47335747542679774 0.008709519136408243 0.015519917227108122
1 0.9686579980372915 0.491722710812209 0.005029440628066732 0.012933264355923435