1 0.10421653300431832 0.19230418943533698 0.02582973473164713 0.14781420765027323
1 0.4604780999383096 0.19900728597449907 0.01040715607649599 0.07014571948998179
1 0.9013047501542258 0.1990528233151184 0.024694632942628008 0.12488160291438981
20 0.48690006169031463 0.2007832422586521 0.025003084515731033 0.07734061930783243
15 0.4189358420727946 0.20135701275045537 0.00998766193707588 0.05663023679417122
15 0.5291425046267736 0.20042805100182148 0.010783466995681678 0.058415300546448085
15 0.47206045650832823 0.2018306010928962 0.011363355953115361 0.06122040072859745
1 0.6110672424429364 0.20176684881602913 0.015471930906847623 0.07202185792349726
20 0.5116132017273288 0.2028415300546448 0.02014188772362739 0.06324225865209472
15 0.5705274521900062 0.2032513661202186 0.009654534238124615 0.05677595628415301
15 0.5824861196792104 0.2049544626593807 0.011363355953115361 0.056539162112932605
1 0.5396082665021592 0.20683970856102005 0.009506477483035163 0.056666666666666664
15 0.4299568167797656 0.20911657559198543 0.009821098087600247 0.0685063752276867
9 0.653164713140037 0.22269581056466303 0.04661320172732881 0.11023679417122041
4 0.9628377544725478 0.24551912568306009 0.07373226403454658 0.16316939890710383
20 0.48676125848241825 0.276247723132969 0.023491671807526218 0.0643351548269581
20 0.5109747069710056 0.27789617486338797 0.022566317088217148 0.05670309653916211
15 0.4722578655151141 0.2779417122040073 0.011758173966687229 0.06408014571948999
15 0.4200493522516965 0.2790619307832422 0.009747069710055522 0.0626775956284153
1 0.5396082665021592 0.2791894353369763 0.011974090067859346 0.05564663023679417
1 0.46137569401603945 0.2790619307832422 0.012202344231955584 0.06996357012750455
15 0.571224552745219 0.2795992714025501 0.011048735348550278 0.060109289617486336
15 0.5285040098704503 0.2810655737704918 0.010740283775447255 0.05939890710382514
15 0.4299568167797656 0.2813570127504554 0.008587291795188155 0.0636247723132969
1 0.379694632942628 0.28148451730418944 0.01787168414558914 0.07845173041894353
15 0.5828038247995065 0.2827777777777778 0.011998766193707587 0.06282331511839709
9 0.3472362739049969 0.2991074681238616 0.0467242442936459 0.12098360655737705
4 0.04399136335595312 0.3105555555555556 0.08304750154225787 0.19123861566484515
15 0.48887106724244295 0.3613479052823315 0.012905613818630476 0.06695810564663024
15 0.4303547193090685 0.3621129326047359 0.011850709438618138 0.06484517304189436
15 0.4756199876619371 0.36275956284153005 0.011079580505860581 0.0661384335154827
1 0.4659716224552745 0.36446265938069217 0.013991363355953116 0.0659016393442623
15 0.5351696483652066 0.365528233151184 0.010499691548426896 0.057103825136612024
1 0.5474676125848242 0.36493624772313293 0.010419494139420112 0.05956284153005465
15 0.515811227637261 0.36570127504553734 0.011264651449722395 0.06109289617486339
15 0.5036551511412708 0.36868852459016394 0.011628624305983961 0.06706739526411658
1 0.5256199876619371 0.3696448087431694 0.011141270820481183 0.05805100182149363
1 0.5213756940160394 0.45222222222222225 0.011289327575570636 0.0629143897996357
15 0.441832202344232 0.4568032786885246 0.016298581122763726 0.06843351548269581
15 0.5110826650215916 0.45737704918032784 0.011677976557680445 0.06229508196721312
1 0.5318414558914251 0.4615209471766849 0.012479950647748303 0.05965391621129326
4 0.9623288093769278 0.4705373406193078 0.07148056755089452 0.1651183970856102
1 0.10466995681677978 0.48698542805100187 0.02426896977174584 0.1324408014571949
9 0.47714990746452807 0.4920036429872496 0.05485502776064158 0.11333333333333333
1 0.8974120913016655 0.49387067395264117 0.02431215299198026 0.12435336976320582
4 0.044253547193090687 0.5268123861566485 0.08110425663170882 0.17202185792349725
15 0.4434885872917952 0.5359107468123862 0.010974706971005551 0.06271402550091075
15 0.4340407156076496 0.5366848816029144 0.013053670573719926 0.06426229508196722
15 0.5213541024059223 0.5375409836065574 0.010012338062924122 0.06233151183970856
15 0.5298889574336829 0.5401821493624772 0.009808760024676125 0.06397085610200363
1 0.5122948797038864 0.5436976320582878 0.01040098704503393 0.06371584699453552
9 0.6017859346082665 0.5465391621129326 0.049962985811227635 0.09854280510018215
1 0.6600925354719309 0.5496083788706739 0.016051819864281308 0.09010928961748634
1 0.6422054287476867 0.5532513661202186 0.01852560148056755 0.09375227686703096
1 0.676637877853177 0.5581420765027323 0.018297347316471313 0.09624772313296905
9 0.3811566933991363 0.6219854280510019 0.04423812461443553 0.10735883424408015
1 0.322038864898211 0.623551912568306 0.01730413325107958 0.10320582877959926
1 0.33855027760641576 0.6284881602914391 0.02071560764959901 0.08757741347905282
15 0.45518507094386185 0.6275865209471767 0.01215916101172116 0.06755919854280511
15 0.5040222085132634 0.6285154826958106 0.012362739049969155 0.06941712204007286
1 0.30535163479333743 0.6297085610200364 0.017242442936458977 0.09730418943533697
1 0.46455582973473164 0.6308014571948998 0.011159777914867365 0.05941712204007286
15 0.44569710055521283 0.6312386156648452 0.011690314620604565 0.06393442622950819
1 0.4743645897594078 0.6308834244080146 0.011036397285626156 0.06686703096539162
1 0.48362739049969156 0.6328779599271402 0.009821098087600247 0.06357012750455374
15 0.51520974706971 0.6321584699453552 0.012529302899444787 0.05848816029143898
1 0.552757557063541 0.6345355191256831 0.01729796421961752 0.07781420765027322
15 0.4952159161011721 0.6348633879781421 0.010789636027143737 0.06025500910746812
4 0.958975940777298 0.6839708561020036 0.08204811844540408 0.1657559198542805
4 0.03955891425046268 0.7406010928961749 0.0729487970388649 0.18065573770491805
1 0.1051634793337446 0.7733970856102004 0.02525601480567551 0.11510018214936248
1 0.8991085749537322 0.7803825136612021 0.025237507711289325 0.11449908925318761
4 0.5061752004935225 0.9114754098360656 0.14498457742134485 0.17632058287795993
15 0.4289481801357187 0.1178415300546448 0.01150524367674275 0.06446265938069216
15 0.5829426280074028 0.11820582877959926 0.012276372609500307 0.06154826958105646
15 0.3885132634176434 0.11777777777777777 0.01083281924737816 0.060692167577413476
1 0.460817396668723 0.11954462659380691 0.008618136952498459 0.06058287795992714
15 0.40014805675508947 0.11901639344262295 0.01189389265885256 0.06681238615664845
15 0.5294787168414559 0.12020036429872495 0.011455891425046268 0.06918032786885245
15 0.5712029611351017 0.11990892531876138 0.008537939543491671 0.05766848816029144
20 0.5128840222085133 0.12108378870673951 0.021449722393584208 0.06730418943533698
15 0.4180999383096854 0.12060109289617488 0.010783466995681678 0.06633879781420765
1 0.5392689697717458 0.12096539162112932 0.011295496607032695 0.0561384335154827
20 0.4879734731647131 0.12225865209471767 0.024682294879703887 0.07693989071038251
15 0.471224552745219 0.1242440801457195 0.010925354719309069 0.06633879781420765