4 0.386382058287796 0.06895061728395062 0.21903005464480874 0.10635116598079561
1 0.15159608378870673 0.6891015089163237 0.030878870673952643 0.04349794238683128
4 0.6189230418943533 0.07076474622770919 0.22509562841530054 0.10997942386831275
1 0.320459927140255 0.7043518518518518 0.02070127504553734 0.03696159122085048
1 0.32211748633879783 0.7059773662551441 0.02219489981785064 0.03472565157750343
1 0.217632058287796 0.7069650205761318 0.011766848816029143 0.012009602194787382
1 0.38542349726775954 0.7078737997256516 0.028588342440801457 0.042633744855967076
1 0.2440505464480874 0.7087448559670781 0.015423497267759562 0.032030178326474625
1 0.38595173041894354 0.7103086419753087 0.025091074681238616 0.03652949245541838
1 0.3541051912568306 0.7215534979423869 0.01331056466302368 0.023353909465020573
1 0.3547836976320583 0.7224142661179698 0.023775045537340618 0.027818930041152264
1 0.2898838797814208 0.7481035665294924 0.005997267759562841 0.014725651577503428
1 0.23707194899817852 0.750065157750343 0.007841530054644809 0.01864883401920439
1 0.10625455373406194 0.7712585733882029 0.029448998178506377 0.047318244170096016
1 0.10340619307832422 0.7732064471879287 0.021020036429872494 0.03612482853223594
1 0.39100865209471763 0.7804869684499315 0.02336520947176685 0.03696844993141289
1 0.39100865209471763 0.8416323731138545 0.02336520947176685 0.03580246913580247
4 0.7870104735883425 0.10357681755829903 0.07037795992714026 0.13993827160493827
1 0.7154303278688525 0.14580932784636488 0.0037204007285974497 0.01178326474622771
9 0.6585769581056465 0.1670679012345679 0.02935792349726776 0.06664609053497943
1 0.9141826047358834 0.18226680384087793 0.009603825136612022 0.007880658436213992
1 0.6350227686703096 0.18626543209876542 0.004107468123861566 0.014506172839506172
1 0.7058014571948998 0.18693072702331961 0.01087431693989071 0.006234567901234568
4 0.17711520947176684 0.22267146776406033 0.1921174863387978 0.42339506172839503
1 0.5681443533697632 0.2455281207133059 0.004230418943533697 0.01643347050754458
1 0.5190983606557378 0.24983196159122084 0.006320582877959928 0.016810699588477366
1 0.5250683060109289 0.24990397805212622 0.006420765027322404 0.016954732510288065
1 0.5781830601092897 0.2499108367626886 0.007003642987249545 0.014224965706447186
1 0.521705373406193 0.2666426611796982 0.00971311475409836 0.006536351165980795
1 0.6474043715846994 0.26756172839506176 0.009744990892531875 0.00837448559670782
9 0.545525956284153 0.272417695473251 0.027299635701275048 0.0331755829903978
1 0.6911976320582878 0.27751714677640604 0.04086520947176685 0.048861454046639226
1 0.5106989981785063 0.2798079561042524 0.0068260473588342445 0.01366255144032922
1 0.5766325136612023 0.28660493827160494 0.0066347905282331514 0.014910836762688614
9 0.6111065573770492 0.2916117969821674 0.04370673952641166 0.1140877914951989
1 0.542301912568306 0.29447530864197535 0.010833333333333334 0.010075445816186556
1 0.5279189435336976 0.3160116598079561 0.005746812386156648 0.014739368998628257
1 0.6629986338797814 0.3175548696844993 0.020897085610200365 0.03291495198902607
9 0.5540437158469945 0.32407407407407407 0.022477231329690345 0.028120713305898493
1 0.7225364298724954 0.3271467764060357 0.025218579234972678 0.05209876543209876
1 0.5704599271402551 0.32959533607681757 0.006129326047358835 0.01310013717421125
1 0.756646174863388 0.3362860082304527 0.02877504553734062 0.06489026063100137
1 0.6949886156648452 0.33622085048010975 0.020214025500910747 0.05515775034293553
1 0.5269285063752277 0.337037037037037 0.006498178506375228 0.012894375857338821
1 0.5726092896174864 0.38507201646090533 0.028642987249544626 0.04312071330589849
1 0.4740869763205829 0.414636488340192 0.03105191256830601 0.04463648834019204
1 0.48407786885245907 0.462846364883402 0.038283242258652095 0.04091906721536351
9 0.31712659380692165 0.46653978052126205 0.03407103825136612 0.06476680384087792
1 0.964285063752277 0.4719684499314129 0.026020036429872495 0.04681755829903978
1 0.9368943533697632 0.47738340192043893 0.02406193078324226 0.035699588477366255
1 0.6028187613843351 0.47750000000000004 0.01802367941712204 0.03867626886145405
9 0.7083857012750455 0.49240397805212616 0.1453688524590164 0.20977366255144034
1 0.4072290528233151 0.5155212620027435 0.01209016393442623 0.031042524005486967
1 0.3859380692167577 0.5199759945130316 0.024153005464480876 0.03583676268861454
1 0.48572632058287796 0.5203395061728395 0.04522313296903461 0.054396433470507544
1 0.9331443533697632 0.5237997256515775 0.029312386156648454 0.039368998628257885
9 0.8722905282331511 0.5421433470507544 0.07336065573770492 0.15698902606310014
1 0.256054189435337 0.5557407407407408 0.023037340619307834 0.029176954732510287
1 0.4464867941712204 0.5565157750342935 0.022299635701275047 0.03484224965706447
1 0.4186543715846995 0.5591289437585734 0.01854735883424408 0.027722908093278466
1 0.1896766848816029 0.5648799725651578 0.03144808743169399 0.041968449931412896
9 0.5716917122040073 0.5673045267489711 0.06961293260473589 0.09482853223593964
1 0.25595173041894353 0.5836556927297668 0.012814207650273223 0.026021947873799724
1 0.48182832422586525 0.5871879286694102 0.03105191256830601 0.05229080932784636
1 0.3880578324225865 0.5881447187928669 0.028392531876138435 0.05694787379972565
1 0.4185746812386157 0.6040740740740741 0.015655737704918033 0.03530864197530864
1 0.282235883424408 0.606622085048011 0.019845173041894353 0.030802469135802465
1 0.45601548269581055 0.611738683127572 0.029517304189435333 0.0396639231824417
4 0.9074248633879781 0.06334019204389574 0.12177140255009108 0.12393689986282579
1 0.2209153005464481 0.6324039780521262 0.020154826958105644 0.023381344307270235
1 0.19969262295081966 0.6443621399176955 0.005942622950819673 0.015747599451303156
1 0.18360883424408014 0.6556241426611796 0.00929417122040073 0.005349794238683128
1 0.18456967213114753 0.6656447187928669 0.010305100182149363 0.007558299039780521
1 0.21461065573770494 0.6700102880658436 0.019385245901639345 0.024519890260631002