1 0.5223434029320302 0.5787738577212261 0.008702798756108396 0.018160786581839214
1 0.5663260772989782 0.5815413533834587 0.006041759218125277 0.01675534991324465
1 0.574029320302088 0.5828571428571429 0.009009329187027989 0.01360323886639676
1 0.4778098622834296 0.5849334875650666 0.01648156374944469 0.0108155002891845
1 0.4359751221679254 0.6418478889531521 0.041208351843625056 0.06102371312897629
1 0.9383718347401155 0.6694910352805089 0.03578409595735229 0.03880855986119144
20 0.43785650821856953 0.6696905725853094 0.016539315859617945 0.01954308849045691
1 0.9136383829409152 0.6769433198380567 0.03074189249222568 0.035205320994794675
1 0.4180719680142159 0.6863707345286292 0.014286983562860948 0.010104106419895892
1 0.49096845846290543 0.687753036437247 0.02414038205242115 0.029063042220936957
15 0.19247445579742337 0.6911711972238288 0.007338960462016882 0.018548293811451705
15 0.2858040870724123 0.6913794100636206 0.005637494446912483 0.014337767495662231
15 0.20162372278987117 0.6922469635627531 0.00609062638827188 0.01838635049161365
15 0.2617747667703243 0.695268941584731 0.012665482007996446 0.009392712550607286
15 0.21173256330519769 0.7087998843262002 0.0058729453576188365 0.015633314054366687
15 0.2048045313194136 0.7097108155002891 0.007121279431363839 0.015141700404858299
15 0.2635739671257219 0.7100462695199538 0.007378942692136828 0.01465587044534413
15 0.2705064415815193 0.7098698669751301 0.005250999555752998 0.01661654135338346
1 0.912014660151044 0.7169838056680162 0.012390048867170147 0.011179872758820127
20 0.9279364726788093 0.7204077501445922 0.014913371834740115 0.0191844997108155
15 0.4715792980897379 0.7222758820127242 0.005797423367392271 0.01366685945633314
15 0.46503553976010664 0.7235829959514171 0.0069258107507774325 0.016281087333718913
15 0.449484673478454 0.7258126084441874 0.006032874278098623 0.01611336032388664
15 0.4572878720568636 0.7281087333718913 0.007423367392270103 0.019548872180451125
1 0.3956041759218125 0.7368768074031231 0.04487338960462017 0.0486524002313476
1 0.5228076410484229 0.7457865818392134 0.006965792980897379 0.013262001156737998
1 0.46442692136828073 0.7462087912087911 0.005708573967125722 0.016419895893580106
1 0.457034651266104 0.7465587044534413 0.006916925810750777 0.01711972238288028
1 0.5082496668147489 0.7466975130133024 0.006281652598844958 0.0162406015037594
1 0.5156019546868058 0.7471197223828803 0.005881830297645491 0.013614806246385194
1 0.4493314082629942 0.7469433198380566 0.008391825855175478 0.019045691150954308
1 0.47172812083518434 0.7472585309427414 0.00787205686361617 0.018519375361480628
1 0.5001421590404265 0.747888953152111 0.006948023100844069 0.017466743782533257
9 0.9487027987561085 0.7499016772700983 0.018240781874722348 0.01917871602082128
20 0.9276499333629498 0.7500983227299017 0.021448245224344735 0.02766917293233083
15 0.9668347401155041 0.7544997108155003 0.010968458462905376 0.008710237131289763
15 0.9565415370946246 0.7658935801041065 0.012594402487783207 0.009519953730480047
1 0.40829853398489563 0.77489010989011 0.020506441581519323 0.020572585309427415
1 0.3763593958240782 0.7860902255639098 0.02148822745446468 0.026778484673221515
1 0.40339182585517547 0.8024927703875072 0.024020435362061308 0.0329786003470214
1 0.3708996001776988 0.8141497975708502 0.02123056419369169 0.03084441873915558
9 0.48209240337627723 0.8184268363215731 0.05347845402043536 0.06484673221515327
1 0.340990670812972 0.8477674956622325 0.022718791648156374 0.03098901098901099
1 0.39999999999999997 0.8497165991902834 0.011017325633051977 0.021006362058993637
9 0.4019235895157708 0.8574204742625795 0.0255264326965793 0.047981492192018506
9 0.3660661928031986 0.8626691729323309 0.023114171479342516 0.03997108155002892
1 0.34046868058640606 0.8810873337189127 0.025228787205686363 0.024754193175245805
1 0.4938538427365615 0.8870936957779063 0.00681030653043092 0.01710237131289763
1 0.5288405153265215 0.8874436090225565 0.009258107507774322 0.017802197802197803
1 0.5198178587294535 0.887862926547137 0.008982674366948022 0.02095430884904569
1 0.4629742336739227 0.8879323308270676 0.008134162594402488 0.023406593406593405
1 0.5114549089293647 0.8886350491613649 0.011803642825410928 0.019028340080971658
1 0.4861772545535318 0.8884065934065934 0.00922701021768103 0.013944476576055524
1 0.5378631719235896 0.8885627530364373 0.009533540648600623 0.022353961827646037
1 0.5024455797423368 0.8889155581260844 0.00977787649933363 0.01727588201272412
1 0.47637272323411817 0.8889126662810873 0.008276321634828965 0.02305378831694621
1 0.44495557529986673 0.8891931752458068 0.0085250999555753 0.02130133024869867
1 0.436254997778765 0.8894736842105264 0.0062283429586850285 0.019548872180451125
1 0.45384273656152824 0.8896500867553498 0.008529542425588626 0.019901677270098322
15 0.38565304309195914 0.9127877385772123 0.008089737894269214 0.015280508964719492
15 0.3729009329187028 0.9142076344707923 0.006574855619724567 0.012336610757663388
1 0.5310795202132386 0.9238027761711973 0.02528653931585962 0.05581839213418161
1 0.4952643269657929 0.9449248120300753 0.04428254109284763 0.059890109890109886
4 0.4443425144380276 0.95737998843262 0.05438916037316748 0.03274725274725274
1 0.1617747667703243 0.09611625216888375 0.02679253665037761 0.039543088490456915
1 0.1061017325633052 0.09919895893580104 0.020288760550866283 0.03761133603238866
1 0.08364060417592181 0.10920185078079815 0.029564637938693912 0.04951995373048005
15 0.5961483784984452 0.2542886061307114 0.013265215459795646 0.008866396761133603
20 0.621492669924478 0.26031521110468475 0.015975122167925366 0.01744939271255061
1 0.6650488671701467 0.2757807981492192 0.03378498445135495 0.0587912087912088
1 0.7084251443802754 0.28189415847310584 0.03435362061306086 0.061764025448235976
1 0.3144802310084407 0.2837912087912088 0.044331408262994226 0.03548293811451706
20 0.6222612172367836 0.2864054366685946 0.022843180808529543 0.00832272990167727
15 0.5811550422034651 0.286443030653557 0.005490892936472679 0.011868131868131867
15 0.5910550866281652 0.2927993059572007 0.008409595735228786 0.015326778484673221
15 0.5995135495335407 0.29362348178137654 0.0066681474900044425 0.018131868131868133
20 0.4280897378942692 0.3006795835743204 0.013887161261661484 0.024146905725853093
1 0.9151377165704131 0.3096153846153846 0.04617947578853843 0.04317524580682476
20 0.6212239004886717 0.3137015615962984 0.01543758329631275 0.02127241179872759
9 0.8403553976010663 0.31923655292076347 0.03521990226565971 0.030028918449971083
1 0.5507019102621058 0.32180740312319256 0.04676143936028432 0.039797570850202434
20 0.4267392270102177 0.32242914979757087 0.01740559751221679 0.01906304222093696
20 0.45827632163482895 0.3225882012724118 0.01473123056419369 0.020537883169462114
1 0.49840071079520215 0.32500867553499135 0.050555308751665924 0.03694621168305379
1 0.8696135051088405 0.3271226142278774 0.008440693025322079 0.01688259109311741
20 0.604471346068414 0.3344621168305379 0.015695246557085738 0.022307692307692306
20 0.6204153709462461 0.3344447657605552 0.013820524211461573 0.018802776171197223
1 0.9444424700133275 0.33785714285714286 0.04081741448245224 0.04876229034123771
1 0.8487005775211017 0.3405263157894737 0.011928031985784097 0.008987854251012145
1 0.8339671257219013 0.34059572006940425 0.016223900488671703 0.011440138808559862
1 0.5121834740115504 0.35493927125506075 0.007929808973789428 0.01814921920185078
1 0.4584762327854287 0.3569548872180451 0.008023100844069302 0.01639676113360324
1 0.4659107063527322 0.35713128976286873 0.006010661928031985 0.016749566223250436
1 0.5581585961794757 0.3586032388663967 0.012807641048422922 0.01043956043956044
20 0.6244424700133273 0.36111336032388663 0.014766770324300313 0.021243493348756505
20 0.6453154153709463 0.36966165413533836 0.016530430919591294 0.019832272990167727
20 0.4857685473123056 0.3970213996529786 0.017294535761883608 0.023655292076344706
20 0.5648378498445136 0.3977038750722961 0.011950244335850733 0.019236552920763445
20 0.47002665482007994 0.3981260844418739 0.016908040870724124 0.017767495662232503
20 0.5011439360284319 0.39877385772122614 0.015171035095513105 0.02021978021978022
1 0.43819635717458905 0.4272064777327935 0.0341003998223012 0.043539618276460385
20 0.9284429142603289 0.45329959514170043 0.017703243003109728 0.021694621168305377
1 0.5697334517992003 0.4635164835164835 0.030626388271879162 0.06179294389820706
20 0.9278231896934697 0.4741064198958936 0.01468680586406042 0.02282244071717756
1 0.5960084406930253 0.47573452862926546 0.013873833851621501 0.012197802197802197
1 0.5958196357174589 0.4861596298438404 0.01616170590848512 0.009913244650086755
1 0.5962638827187917 0.49590225563909773 0.011719235895157708 0.009733950260266048
4 0.06568858285206575 0.49902544823597456 0.03453131941359396 0.09695199537304801
1 0.4337538871612617 0.5004945054945055 0.031434917814304755 0.06518796992481203
9 0.5382252332296757 0.5114430306535569 0.07067525544202577 0.09171197223828802
20 0.9272123500666372 0.5210931174089068 0.022350066637050203 0.025413533834586464
1 0.48512883163038656 0.5271544245228456 0.012461128387383386 0.010931174089068825
1 0.6060395379831186 0.5334644303065356 0.007281208351843625 0.02239444765760555
1 0.5887760995113284 0.5343059572006941 0.011848067525544204 0.017137073452862927
1 0.5989560195468681 0.5343753614806246 0.008218569524655708 0.01958935801041064
1 0.48467569968902713 0.5401590514748409 0.012443358507330075 0.008021978021978021
20 0.43798978231896935 0.5506101792943898 0.015028876055086628 0.02082706766917293
15 0.22524877832074636 0.5598351648351648 0.004473567303420702 0.013828802776171198
1 0.48510884051532654 0.5605696934644303 0.014198134162594403 0.008357432041642568
15 0.2190137716570413 0.5604945054945055 0.007107952021323856 0.013990746096009254
1 0.49749666814749 0.5765673799884327 0.007876499333629498 0.016061307113938692
1 0.5060884051532651 0.578074031231926 0.006401599289204798 0.016761133603238866