1 0.9692736486486486 0.5026055276381909 0.009868618618618619 0.00621608040201005
4 0.6045608108108108 0.5154396984924623 0.05146396396396396 0.4389195979899498
1 0.34852665165165164 0.052135678391959796 0.010116366366366366 0.005778894472361809
1 0.269603978978979 0.052309045226130654 0.009928678678678679 0.007130653266331658
1 0.0339527027027027 0.5195603015075376 0.016103603603603602 0.026055276381909548
1 0.9692154654654653 0.5239949748743719 0.010503003003003003 0.0067839195979899495
1 0.05922484984984985 0.5290904522613066 0.038870120120120116 0.04712562814070352
15 0.4587781531531531 0.5447914572864322 0.003892642642642642 0.012195979899497488
15 0.43072822822822826 0.5454849246231156 0.004099099099099099 0.013582914572864322
15 0.4202852852852853 0.5468542713567839 0.003483483483483483 0.013306532663316583
9 0.1442605105105105 0.05504271356783919 0.0190015015015015 0.03269849246231155
1 0.5727702702702703 0.5478567839195979 0.008153153153153153 0.02335175879396985
15 0.907683933933934 0.5510527638190955 0.011313813813813814 0.005623115577889447
15 0.6474737237237237 0.05586934673366835 0.0066591591591591585 0.015256281407035176
15 0.9074286786786786 0.5583693467336683 0.010052552552552553 0.006185929648241206
1 0.02288475975975976 0.5592939698492462 0.03225600600600601 0.04823618090452261
15 0.4256174924924925 0.5631256281407034 0.004388138138138138 0.014693467336683416
15 0.43612800300300303 0.5630728643216081 0.004388138138138138 0.013582914572864322
15 0.4305630630630631 0.5631256281407034 0.0037687687687687683 0.014693467336683416
15 0.4201933183183183 0.563678391959799 0.0055518018018018015 0.015798994974874372
20 0.6588494744744745 0.05697738693467337 0.00914039039039039 0.015462311557788945
15 0.6681212462462462 0.05754773869346733 0.0059121621621621625 0.014592964824120603
1 0.060275900900900896 0.5745929648241206 0.040221471471471475 0.04767839195979899
15 0.690640015015015 0.0583819095477387 0.005904654654654655 0.015256281407035176
20 0.6796302552552553 0.058896984924623114 0.010912162162162162 0.014276381909547739
1 0.2575938438438439 0.05957537688442211 0.009932432432432433 0.0055829145728643215
1 0.9076126126126126 0.598145728643216 0.009669669669669671 0.007346733668341708
1 0.8407864114114114 0.5982236180904522 0.011152402402402404 0.0064974874371859295
15 0.1754316816816817 0.601464824120603 0.0040165165165165165 0.013984924623115578
15 0.1705123873873874 0.6018040201005025 0.004688438438438439 0.012653266331658291
15 0.18131193693693692 0.6023040201005025 0.004515765765765766 0.013653266331658292
15 0.164634009009009 0.6023065326633166 0.004192942942942943 0.012653266331658291
15 0.1583765015015015 0.6024673366834171 0.005191441441441441 0.014984924623115578
4 0.9377271021021021 0.6024070351758793 0.040619369369369364 0.37667336683417085
1 0.023868243243243242 0.603532663316583 0.037225975975975975 0.04324623115577889
4 0.6676783033033032 0.6040854271356785 0.04106231231231231 0.3820402010050251
4 0.7672447447447448 0.6052010050251256 0.02698198198198198 0.033517587939698494
4 0.736554054054054 0.6055603015075377 0.04067567567567568 0.3809698492462312
4 0.8710210210210211 0.6061633165829146 0.04384384384384384 0.3841859296482412
4 0.8030367867867868 0.607535175879397 0.042259759759759756 0.37989447236180907
15 0.16513325825825825 0.6175452261306532 0.004440690690690691 0.013984924623115578
15 0.17038851351351353 0.6182185929648242 0.004440690690690691 0.013321608040201006
1 0.06249061561561561 0.6184849246231157 0.03939564564564565 0.04601507537688442
15 0.18089902402402402 0.6183844221105528 0.00368993993993994 0.013653266331658292
15 0.17564564564564566 0.6188869346733669 0.0036936936936936937 0.013653266331658292
1 0.5712612612612612 0.619251256281407 0.0036336336336336337 0.012371859296482412
15 0.5268843843843843 0.6195552763819095 0.004219219219219219 0.011974874371859295
15 0.5101764264264264 0.6201532663316583 0.0038363363363363365 0.013170854271356785
15 0.5146433933933934 0.6198567839195981 0.004512012012012012 0.011572864321608041
1 0.558871996996997 0.6201532663316583 0.00362987987987988 0.013170854271356785
1 0.5663963963963964 0.6197537688442211 0.004414414414414414 0.012371859296482412
1 0.5548385885885886 0.6205653266331658 0.003821321321321321 0.009974874371859297
15 0.5219594594594594 0.6204547738693467 0.004129129129129129 0.012768844221105528
15 0.09854917417417418 0.062399497487437186 0.004906156156156157 0.013241206030150755
20 0.23849474474474475 0.06243467336683417 0.025037537537537537 0.0374321608040201
15 0.7642417417417418 0.6254849246231156 0.010465465465465465 0.006748743718592964
15 0.9079560810810811 0.6282185929648241 0.011107357357357357 0.006185929648241206
1 0.09333145645645645 0.06303517587939698 0.0057319819819819815 0.01250251256281407
15 0.10353040540540541 0.06285175879396986 0.004358108108108108 0.012135678391959798
15 0.5713363363363363 0.6363366834170854 0.0045345345345345345 0.012371859296482412
15 0.5265127627627628 0.6363291457286433 0.004226726726726727 0.014366834170854272
15 0.5669181681681682 0.6365351758793969 0.004707207207207207 0.012768844221105528
15 0.5096171171171171 0.637037688442211 0.004219219219219219 0.012768844221105528
15 0.5223817567567568 0.637143216080402 0.004222972972972973 0.011974874371859295
15 0.5457357357357357 0.637037688442211 0.0036336336336336337 0.012768844221105528
15 0.5301163663663664 0.6371356783919598 0.0039264264264264265 0.013969849246231156
15 0.5407789039039039 0.6373417085427135 0.00423048048048048 0.012371859296482412
15 0.5590259009009009 0.6369422110552765 0.003937687687687688 0.011572864321608041
15 0.5132225975975976 0.637143216080402 0.003922672672672672 0.011974874371859295
15 0.5057394894894894 0.6377412060301507 0.004722222222222222 0.013170854271356785
15 0.5547578828828829 0.6373417085427135 0.004410660660660661 0.012371859296482412
15 0.8260735735735735 0.6415653266331658 0.010255255255255256 0.006748743718592964
1 0.11485735735735736 0.0649422110552764 0.017252252252252253 0.02234673366834171
1 0.15995495495495496 0.649854271356784 0.003093093093093093 0.01327638190954774
15 0.15562124624624624 0.6497085427135679 0.004936186186186187 0.012984924623115578
1 0.029885510510510513 0.6516507537688443 0.033494744744744745 0.04601507537688442
1 0.19553866366366365 0.6530954773869347 0.010446696696696695 0.005688442211055277
15 0.5032601351351351 0.6599045226130653 0.010274024024024024 0.006241206030150753
15 0.19688813813813813 0.660110552763819 0.011644144144144143 0.007658291457286432
9 0.17579767267267266 0.6625552763819095 0.027271021021021025 0.03465829145728643
1 0.2696921921921922 0.06653517587939699 0.010855855855855856 0.007442211055276382
9 0.3105011261261261 0.06638693467336684 0.03917042042042042 0.07347738693467337
20 0.07243430930930932 0.0665678391959799 0.011234984984984984 0.016552763819095477
15 0.5680161411411411 0.6648844221105528 0.009906156156156157 0.005145728643216081
15 0.503277027027027 0.666108040201005 0.01180930930930931 0.0055829145728643215
15 0.3365108858858859 0.06730653266331658 0.01161036036036036 0.005969849246231156
15 0.5680161411411411 0.6719748743718593 0.009906156156156157 0.007266331658291458
15 0.5032845345345346 0.6733090452261307 0.011073573573573574 0.005914572864321608
1 0.4920007507507508 0.6738115577889447 0.010277777777777778 0.005914572864321608
9 0.536722972972973 0.6769824120603015 0.054677177177177176 0.04843718592964824
15 0.568201951951952 0.6783492462311558 0.008776276276276276 0.003934673366834171
15 0.061867492492492494 0.06812311557788944 0.006617867867867867 0.017653266331658292
15 0.841036036036036 0.6793944723618089 0.0109009009009009 0.007030150753768844
15 0.503521021021021 0.6798316582914573 0.009294294294294295 0.006899497487437186
15 0.43203453453453455 0.6813341708542714 0.00445945945945946 0.012919597989949749
15 0.4417942942942943 0.6813341708542714 0.00445945945945946 0.012919597989949749
15 0.42158971471471474 0.6816381909547738 0.004590840840840841 0.014532663316582916
15 0.4270533033033033 0.6818366834170855 0.004256756756756757 0.012919597989949749
15 0.4371903153153153 0.6816030150753769 0.00426051051051051 0.013457286432160804
15 0.8246809309309309 0.6818467336683417 0.00822072072072072 0.0059045226130653265
15 0.4471509009009009 0.682105527638191 0.004662162162162162 0.013457286432160804
15 0.90753003003003 0.6827713567839195 0.010255255255255256 0.006748743718592964
15 0.984756006006006 0.683213567839196 0.010052552552552553 0.005623115577889447
1 0.4917548798798799 0.6868768844221106 0.009786036036036037 0.005914572864321608
15 0.5027946696696697 0.687213567839196 0.010093843843843844 0.0055829145728643215
15 0.9597034534534535 0.06956532663316584 0.010247747747747747 0.006467336683417085
1 0.9847278528528529 0.6901884422110552 0.010746996996996997 0.0044974874371859295
15 0.9724136636636638 0.6906105527638191 0.010893393393393394 0.005341708542713568
15 0.567713963963964 0.6923718592964824 0.008551051051051051 0.004844221105527639
15 0.5032995495495496 0.6940854271356784 0.009602102102102102 0.005256281407035176
1 0.3615728228228228 0.6954447236180904 0.025698198198198196 0.033100502512562816
1 0.9845626876876877 0.6965603015075377 0.011167417417417417 0.006185929648241206
1 0.417087087087087 0.6969120603015075 0.0045945945945945945 0.012919597989949749
1 0.4068524774774775 0.6971809045226132 0.0043956456456456456 0.013457286432160804
15 0.9724136636636638 0.6975653266331658 0.010893393393393394 0.006185929648241206
15 0.0559009009009009 0.07017085427135678 0.005195195195195195 0.01471356783919598
15 0.5682432432432433 0.6995100502512563 0.01036036036036036 0.006055276381909548
15 0.5781137387387387 0.6996608040201006 0.010581831831831832 0.00635678391959799
15 0.39434496996997 0.7010854271356785 0.009410660660660661 0.0061909547738693465
15 0.49175112612612615 0.701286432160804 0.01128003003003003 0.005587939698492462
15 0.5033708708708708 0.7013894472361809 0.008993993993993993 0.00478894472361809
1 0.2586918168168168 0.0705929648241206 0.010626876876876877 0.006512562814070352
1 0.9846227477477477 0.7042989949748744 0.010536786786786786 0.007592964824120603
1 0.7729635885885886 0.7047788944723617 0.006888138138138138 0.016592964824120603
15 0.972576951951952 0.7051633165829146 0.01046921921921922 0.0073115577889447236
15 0.38328453453453454 0.7078517587939699 0.009812312312312313 0.005653266331658292
15 0.39382132132132136 0.7078869346733668 0.010615615615615616 0.006728643216080402
15 0.503170045045045 0.7079221105527639 0.008592342342342343 0.00478894472361809
15 0.4918280780780781 0.7085201005025126 0.010683183183183183 0.005984924623115578
15 0.9844256756756757 0.7109120603015074 0.010893393393393394 0.006748743718592964
15 0.38303678678678676 0.7161256281407035 0.010818318318318318 0.005115577889447236
15 0.9839451951951952 0.7178869346733668 0.010683183183183183 0.005623115577889447
15 0.972682057057057 0.719675879396985 0.010679429429429428 0.006185929648241206
15 0.38298235735735736 0.7237964824120603 0.009207957957957959 0.005381909547738694
1 0.9844125375375375 0.7252638190954774 0.010116366366366366 0.0073115577889447236
1 0.5575018768768769 0.7258140703517587 0.0031418918918918915 0.013437185929648241
1 0.540121996996997 0.7265879396984926 0.005168918918918919 0.012974874371859296
1 0.5532301051051052 0.7265100502512564 0.005859609609609609 0.014829145728643217
20 0.1153078078078078 0.7266608040201006 0.05118618618618619 0.048296482412060304
1 0.5448235735735736 0.7270527638190954 0.0055630630630630635 0.013904522613065327
20 0.17403528528528528 0.7282738693467338 0.05753003003003003 0.04951256281407035
15 0.2828828828828829 0.07317587939698493 0.00945945945945946 0.00464321608040201
20 0.2349774774774775 0.729537688442211 0.0562912912912913 0.05003015075376885
1 0.9842023273273273 0.7316557788944723 0.009695945945945946 0.007030150753768844
1 0.2915840840840841 0.7322261306532664 0.046381381381381384 0.06344723618090453
15 0.972682057057057 0.7336658291457286 0.010679429429429428 0.007030150753768844
1 0.9838719969969969 0.7381281407035176 0.010536786786786786 0.0059045226130653265
15 0.3831569069069069 0.7394095477386935 0.008806306306306307 0.006457286432160804
1 0.9839921171171171 0.7448819095477387 0.009275525525525526 0.005341708542713568
15 0.3942698948948949 0.745673366834171 0.010011261261261261 0.0059195979899497484
15 0.9724718468468468 0.75328391959799 0.010259009009009008 0.005060301507537689
4 0.4896865615615616 0.075321608040201 0.1940878378378378 0.03808040201005025
15 0.38338400900900904 0.754854271356784 0.010011261261261261 0.0061909547738693465
15 0.9722616366366367 0.7600979899497488 0.009838588588588588 0.005623115577889447
1 0.9841422672672673 0.7607412060301507 0.010326576576576577 0.0059045226130653265
15 0.38293543543543546 0.7619246231155778 0.010615615615615616 0.007266331658291458
1 0.13898836336336337 0.07697989949748743 0.01146021021021021 0.006221105527638191
15 0.9720945945945946 0.7735854271356783 0.010255255255255256 0.006467336683417085
1 0.6980367867867867 0.7773944723618091 0.018445945945945945 0.02514070351758794
1 0.029209834834834834 0.07775125628140703 0.026888138138138135 0.031884422110552764
15 0.9592286036036037 0.0787713567839196 0.010048798798798799 0.004778894472361809
20 0.2392867867867868 0.7887688442211056 0.04388888888888889 0.0478894472361809
20 0.11052364864864865 0.788680904522613 0.05663288288288289 0.0507286432160804
1 0.2699211711711712 0.07960050251256282 0.009061561561561562 0.007442211055276382
20 0.17569632132132132 0.78978391959799 0.05935060060060061 0.04991959798994975
1 0.33813813813813814 0.7913894472361809 0.04714714714714714 0.06217587939698493
15 0.8254466966966966 0.7955527638190956 0.0037462462462462464 0.01321608040201005
1 0.844100975975976 0.7958768844221106 0.004268018018018018 0.01185427135678392
15 0.8397691441441442 0.7959949748743719 0.0031118618618618614 0.012090452261306532
15 0.8290953453453453 0.796497487437186 0.003536036036036036 0.012090452261306532
1 0.8353903903903904 0.7962738693467337 0.0033633633633633636 0.01063819095477387
15 0.28225225225225226 0.08004020100502512 0.010450450450450451 0.005306532663316583
1 0.29219594594594595 0.8011206030150754 0.04385135135135135 0.07359798994974875
15 0.4291554054054054 0.8061482412060301 0.009211711711711711 0.0052613065326633165
15 0.5274099099099099 0.8085879396984924 0.0037687687687687683 0.013155778894472362
15 0.07194632132132132 0.8082964824120603 0.005754504504504505 0.01458291457286432
15 0.5217642642642643 0.8084346733668342 0.00448948948948949 0.011844221105527639
1 0.4799774774774775 0.808891959798995 0.022267267267267268 0.02984422110552764
1 0.5165296546546547 0.8088316582914573 0.0037800300300300303 0.012638190954773868
1 0.5322203453453453 0.8091005025125627 0.004380630630630631 0.013175879396984924
1 0.34896771771771773 0.08074623115577889 0.010998498498498498 0.0067185929648241206
20 0.9420551801801803 0.0815427135678392 0.01248873873873874 0.01635175879396985
1 0.07850225225225226 0.8092386934673367 0.004602102102102102 0.013452261306532664
15 0.8164714714714715 0.8131633165829145 0.0038138138138138137 0.011251256281407036
15 0.8310078828828829 0.8135628140703518 0.003607357357357357 0.014060301507537688
15 0.8122372372372373 0.81378391959799 0.0036036036036036037 0.013497487437185929
15 0.8204973723723723 0.8137236180904522 0.003607357357357357 0.012371859296482412
15 0.33663475975975976 0.08137185929648241 0.011858108108108108 0.006964824120603015
15 0.7981512762762764 0.8140653266331659 0.003960210210210211 0.014060301507537688
15 0.8080762012012013 0.8143668341708542 0.0035397897897897898 0.012653266331658291
15 0.8366497747747748 0.8142060301507538 0.004380630630630631 0.014341708542713567
15 0.8035716966966967 0.8142864321608041 0.0035397897897897898 0.013497487437185929
15 0.793003003003003 0.8147286432160804 0.0041741741741741735 0.012371859296482412
15 0.8252721471471471 0.8145075376884422 0.0033971471471471474 0.01293467336683417
15 0.712987987987988 0.8213819095477387 0.0048048048048048055 0.014623115577889447
1 0.7170664414414415 0.8214623115577889 0.003952702702702702 0.01377889447236181
15 0.7216047297297298 0.8214623115577889 0.004020270270270271 0.01377889447236181
15 0.43759384384384387 0.8222286432160804 0.008821321321321322 0.0052613065326633165
15 0.44820195195195195 0.8224698492462311 0.009016516516516516 0.004738693467336684
15 0.42737987987987985 0.8224698492462311 0.009414414414414414 0.004738693467336684
15 0.7773385885885885 0.8243391959798995 0.009632132132132131 0.006467336683417085
15 0.5593355855855856 0.8293618090452262 0.0038063063063063065 0.013497487437185929
15 0.5542661411411411 0.8297236180904523 0.004177927927927929 0.01321608040201005
15 0.564740990990991 0.829502512562814 0.004857357357357357 0.01377889447236181
1 0.8568374624624624 0.8300125628140703 0.005716966966966967 0.01580402010050251
15 0.8264677177177178 0.830108040201005 0.003536036036036036 0.010969849246231156
1 0.590305930930931 0.8307085427135678 0.0041854354354354355 0.013175879396984924
1 0.5987368618618619 0.8306733668341708 0.0037800300300300303 0.012100502512562812
15 0.8672560060060059 0.8305879396984924 0.004031531531531532 0.01293467336683417
1 0.822743993993994 0.8305502512562815 0.004346846846846847 0.01185427135678392
1 0.060990990990990986 0.8307035175879397 0.0048648648648648655 0.015175879396984924
15 0.835626876876877 0.8307889447236181 0.004587087087087088 0.014341708542713567
1 0.7974756006006005 0.8307010050251257 0.0033596096096096093 0.012155778894472363
1 0.8510078828828829 0.8308065326633166 0.0038175675675675676 0.013371859296482411
15 0.8136467717717717 0.8308090452261306 0.00417042042042042 0.012371859296482412
15 0.8629823573573574 0.8308693467336684 0.0037424924924924926 0.013497487437185929
1 0.8014207957957958 0.8308542713567839 0.004493243243243243 0.012462311557788945
1 0.809787912912913 0.8308542713567839 0.0032094594594594596 0.012462311557788945
1 0.8401576576576576 0.8311582914572865 0.003138138138138138 0.013070351758793971
1 0.8054804804804806 0.8312035175879398 0.0036036036036036037 0.012155778894472363
1 0.8178303303303303 0.8314020100502513 0.00427927927927928 0.011547738693467337
1 0.8309253003003003 0.8316005025125628 0.003442192192192192 0.010939698492462312
15 0.9558483483483484 0.8320954773869346 0.00478978978978979 0.01293467336683417
1 0.9607995495495496 0.8318391959798994 0.0056831831831831835 0.0144321608040201
15 0.6089977477477477 0.8358065326633166 0.004031531531531532 0.013321608040201006
15 0.7400563063063063 0.8390527638190954 0.010893393393393394 0.006748743718592964
15 0.6862725225225226 0.8417060301507537 0.010683183183183183 0.007030150753768844
15 0.13095157657657658 0.8435175879396984 0.0043956456456456456 0.013668341708542713
9 0.9194969969969969 0.84671608040201 0.06572072072072073 0.07735175879396985
15 0.7401163663663664 0.8476557788944724 0.010262762762762763 0.007874371859296483
1 0.956432057057057 0.8480427135678392 0.003704954954954955 0.012668341708542714
1 0.6569275525525525 0.8507864321608041 0.004545795795795796 0.013130653266331657
15 0.652012012012012 0.8505276381909548 0.005225225225225226 0.014623115577889447
9 0.07488926426426426 0.8508266331658292 0.023652402402402403 0.03934170854271357
15 0.6352834084084084 0.8513341708542713 0.010056306306306306 0.006185929648241206
1 0.598536036036036 0.851643216080402 0.0033783783783783786 0.011829145728643216
15 0.4885228978978979 0.8523115577889446 0.009328078078078079 0.0051256281407035175
1 0.47804804804804807 0.8529396984924623 0.009399399399399398 0.005376884422110552
15 0.49906156156156156 0.8528793969849247 0.009384384384384385 0.0062613065326633174
15 0.5259365615615615 0.8545226130653266 0.010581831831831832 0.005527638190954774
15 0.5370795795795795 0.8548919597989949 0.009594594594594594 0.0052613065326633165
15 0.7402815315315315 0.8557763819095476 0.009842342342342342 0.007030150753768844
1 0.2923216966966967 0.8564547738693468 0.022331081081081082 0.03049748743718593
15 0.6354485735735735 0.8586708542713568 0.009635885885885886 0.004778894472361809
15 0.9593337087087087 0.08651005025125628 0.010259009009009008 0.006185929648241206
1 0.5371884384384384 0.8623542713567839 0.009812312312312313 0.005110552763819096
1 0.25313250750750754 0.08645477386934675 0.023532282282282282 0.03120100502512563
15 0.28187687687687685 0.08673869346733669 0.010450450450450451 0.00563819095477387
1 0.1901313813813814 0.08687688442211054 0.022905405405405407 0.03204522613065327
15 0.6863325825825827 0.8651834170854271 0.010052552552552553 0.006748743718592964
15 0.6349680930930931 0.8658266331658291 0.009425675675675675 0.007030150753768844
1 0.6739451951951952 0.8658266331658291 0.010052552552552553 0.007030150753768844
1 0.09650525525525527 0.08686180904522613 0.028596096096096098 0.040055276381909546
1 0.26977477477477474 0.08736683417085428 0.008768768768768769 0.005889447236180905
1 0.030536786786786785 0.8696231155778894 0.010022522522522523 0.007587939698492462
1 0.5374624624624624 0.869927135678392 0.009609609609609611 0.006185929648241206
15 0.6855818318318319 0.8721582914572864 0.010052552552552553 0.005623115577889447
15 0.6350731981981982 0.8730226130653267 0.009635885885885886 0.005341708542713568
1 0.6740484234234234 0.8738668341708542 0.010259009009009008 0.007030150753768844
1 0.5257263513513514 0.876927135678392 0.009410660660660661 0.005110552763819096
15 0.5373123123123124 0.876680904522613 0.01006006006006006 0.005623115577889447
15 0.6354485735735735 0.8793341708542713 0.009635885885885886 0.0059045226130653265
15 0.7434816066066066 0.8794120603015075 0.00423048048048048 0.012090452261306532
1 0.34896771771771773 0.08778140703517588 0.010998498498498498 0.0067185929648241206
15 0.336631006006006 0.08807537688442212 0.012601351351351351 0.006301507537688442
15 0.9170814564564564 0.08823869346733668 0.009838588588588588 0.005623115577889447
15 0.7384515765765766 0.8796356783919598 0.005431681681681682 0.011532663316582915
1 0.6735698198198199 0.8808417085427136 0.010052552552552553 0.0059045226130653265
15 0.53743993993994 0.8839170854271357 0.010315315315315316 0.007030150753768844
1 0.5260003753753754 0.8839623115577889 0.009207957957957959 0.005110552763819096
15 0.12520833333333334 0.08854773869346734 0.00417042042042042 0.012271356783919598
15 0.9296171171171171 0.08874120603015076 0.010885885885885885 0.005623115577889447
15 0.13082957957957958 0.08904522613065326 0.0056531531531531535 0.013266331658291457
9 0.612224099099099 0.8854497487437186 0.03525900900900901 0.04728140703517588
1 0.6353284534534535 0.8860427135678391 0.009395645645645646 0.007261306532663317
9 0.8304185435435436 0.8860201005025126 0.08275900900900901 0.08661306532663317
15 0.7436974474474475 0.8930402010050251 0.004662162162162162 0.01321608040201005
15 0.6352233483483483 0.8930427135678392 0.010686936936936937 0.006185929648241206
15 0.7381156156156156 0.8932412060301508 0.0062612612612612615 0.014623115577889447
1 0.6642098348348348 0.9064346733668343 0.010852102102102102 0.005834170854271356
15 0.9045213963963964 0.9185276381909547 0.004237987987987988 0.01293467336683417
15 0.8992736486486487 0.9186683417085427 0.0050037537537537535 0.01321608040201005
15 0.9231906906906907 0.9190904522613066 0.00478978978978979 0.014060301507537688
15 0.582896021021021 0.9201180904522613 0.009635885885885886 0.005060301507537689
1 0.6344369369369369 0.9207562814070352 0.0038588588588588588 0.012366834170854272
1 0.592256006006006 0.9211256281407035 0.003581081081081081 0.012100502512562812
1 0.6302083333333334 0.920891959798995 0.00365990990990991 0.012638190954773868
1 0.6394181681681682 0.920891959798995 0.004061561561561562 0.012638190954773868
1 0.6219481981981981 0.9210251256281407 0.0036561561561561564 0.012904522613065326
1 0.6263532282282283 0.9211608040201005 0.0034572072072072075 0.013175879396984924
1 0.5987162162162162 0.9214020100502512 0.005990990990990991 0.016673366834170852
1 0.617743993993994 0.9212236180904522 0.004256756756756757 0.01129145728643216
1 0.6053190690690691 0.921394472361809 0.004181681681681682 0.012638190954773868
1 0.6093581081081081 0.9213592964824121 0.003250750750750751 0.01156281407035176
1 0.6130386636636637 0.9215929648241206 0.003855105105105105 0.011025125628140705
15 0.9588100600600601 0.09284170854271356 0.009211711711711711 0.004778894472361809
15 0.5609084084084084 0.9271457286432161 0.009204204204204204 0.006050251256281406
1 0.8547766516516516 0.9314798994974874 0.009102852852852852 0.0046683417085427135
1 0.8000337837837838 0.9327939698492462 0.009977477477477476 0.007296482412060302
15 0.5608108108108109 0.9335477386934673 0.009009009009009009 0.005788944723618091
15 0.550792042042042 0.934180904522613 0.009992492492492493 0.006050251256281406
15 0.2826313813813814 0.09343718592964824 0.009707207207207207 0.005969849246231156
1 0.2704410660660661 0.09363316582914573 0.010852102102102102 0.008371859296482412
15 0.5913851351351351 0.09493467336683417 0.011599099099099099 0.007959798994974874
1 0.34909534534534536 0.09515075376884422 0.012004504504504505 0.006381909547738693
15 0.33625938438438435 0.09510552763819095 0.011858108108108108 0.007296482412060302
1 0.9164358108108109 0.09602010050251257 0.009298048048048048 0.006110552763819096
15 0.9287687687687687 0.09834924623115578 0.010690690690690691 0.006748743718592964
15 0.9593337087087087 0.10015829145728643 0.010259009009009008 0.005341708542713568
1 0.3493430930930931 0.10235175879396985 0.010247747747747747 0.004703517587939699
15 0.33663475975975976 0.10247738693467337 0.011858108108108108 0.006964824120603015
20 0.9415090090090089 0.10286180904522613 0.012897897897897897 0.01677889447236181
15 0.9595439189189189 0.10669095477386935 0.010679429429429428 0.005341708542713568
20 0.9170701951951952 0.11018592964824121 0.010566816816816817 0.013336683417085427
20 0.04082582582582582 0.11168341708542713 0.038858858858858855 0.031407035175879394
20 0.9299268018018018 0.11334170854271357 0.010003753753753753 0.01763819095477387
15 0.9592304804804804 0.11380653266331658 0.010052552552552553 0.0044974874371859295
1 0.4930292792792793 0.11497236180904523 0.031103603603603605 0.04301005025125628
15 0.9408389639639639 0.11702261306532663 0.010056306306306306 0.0059045226130653265
15 0.9175037537537538 0.12232914572864322 0.010683183183183183 0.006467336683417085
15 0.2878641141141141 0.12800251256281406 0.005157657657657658 0.01580402010050251
15 0.2814470720720721 0.12811306532663316 0.005086336336336337 0.014015075376884423
1 0.9176013513513512 0.12882412060301507 0.010127627627627627 0.006391959798994975
20 0.9296565315315315 0.13243969849246232 0.010964714714714715 0.014628140703517587
15 0.9177702702702702 0.13583668341708544 0.010465465465465465 0.005341708542713568
15 0.6922053303303304 0.1405100502512563 0.005281531531531531 0.015693467336683416
1 0.7144876126126126 0.1412035175879397 0.0040503003003003 0.013060301507537687
15 0.6921208708708708 0.14127638190954772 0.004361861861861861 0.01320603015075377
1 0.7087743993993993 0.1414497487437186 0.004635885885885886 0.014557788944723617
15 0.6349699699699699 0.14171608040201003 0.005675675675675675 0.014085427135678393
1 0.9173310810810811 0.14331155778894472 0.010337837837837838 0.007226130653266332
15 0.9176407657657657 0.15053015075376885 0.010957207207207208 0.007592964824120603
4 0.2836692942942943 0.15065075376884424 0.5455668168168168 0.03898994974874372
1 0.7450544294294295 0.1507814070351759 0.008877627627627628 0.0070904522613065325
1 0.7315615615615616 0.15082412060301506 0.01042042042042042 0.005165829145728643
15 0.8966028528528529 0.15125125628140704 0.004166666666666667 0.014060301507537688
15 0.7319031531531531 0.15794723618090453 0.011103603603603603 0.005341708542713568
1 0.7442473723723724 0.16446231155778893 0.009515765765765766 0.0063115577889447235
15 0.731798048048048 0.16512311557788947 0.010893393393393394 0.005623115577889447
1 0.6023254504504505 0.16573115577889447 0.010206456456456457 0.005834170854271356
15 0.7443524774774775 0.17136180904522613 0.009725975975975977 0.005035175879396984
15 0.7315277777777778 0.17199748743718593 0.011103603603603603 0.0073115577889447236
1 0.614131006006006 0.17312311557788945 0.011295045045045044 0.005542713567839195
1 0.7437612612612613 0.178964824120603 0.010045045045045045 0.0071758793969849246
15 0.8926238738738738 0.18785427135678393 0.005217717717717718 0.014904522613065326
15 0.8844876126126127 0.1889396984924623 0.003960210210210211 0.014060301507537688
4 0.2886336336336336 0.18986934673366837 0.553993993993994 0.04104522613065327
15 0.9346584084084083 0.19290201005025126 0.010457957957957958 0.0059045226130653265
15 0.945334084084084 0.19376633165829146 0.010037537537537536 0.005623115577889447
1 0.601296921921922 0.19422864321608038 0.00890015015015015 0.005542713567839195
1 0.6017924174174174 0.2009070351758794 0.010641891891891892 0.005834170854271356
9 0.6731719219219219 0.2176532663316583 0.09409159159159158 0.12374874371859296
1 0.9875075075075075 0.21935678391959798 0.003543543543543543 0.01057286432160804
1 0.5663138138138138 0.22571608040201005 0.01551051051051051 0.009221105527638192
4 0.28633445945945946 0.23417336683417087 0.5493956456456456 0.04925125628140704
1 0.9809478228228228 0.23801256281407035 0.025709459459459457 0.02778391959798995
1 0.270121996996997 0.024552763819095477 0.009463213213213214 0.005889447236180905
15 0.164253003003003 0.024386934673366834 0.0034309309309309313 0.013597989949748743
15 0.1800487987987988 0.02438190954773869 0.004992492492492492 0.014592964824120603
15 0.28232545045045043 0.024592964824120604 0.011347597597597597 0.005969849246231156
15 0.17504879879879878 0.024557788944723616 0.004001501501501502 0.01293467336683417
1 0.1592942942942943 0.02484170854271357 0.0047747747747747754 0.013502512562814071
15 0.7311580330330331 0.24715577889447235 0.009613363363363363 0.0058693467336683415
15 0.1697484984984985 0.025391959798994976 0.0054129129129129126 0.013597989949748743
15 0.7313607357357358 0.25209547738693466 0.01076951951951952 0.004693467336683417
1 0.7314076576576577 0.2578417085427136 0.009361861861861862 0.006135678391959799
1 0.7317004504504504 0.26414070351758795 0.009947447447447447 0.006673366834170854
15 0.40650713213213213 0.26814321608040204 0.004455705705705706 0.012668341708542714
15 0.4110116366366366 0.26896231155778894 0.004455705705705706 0.013301507537688441
15 0.731768018018018 0.27115075376884423 0.011584084084084083 0.007628140703517588
15 0.380746996996997 0.2711306532663316 0.0039864864864864865 0.013618090452261308
15 0.39048423423423423 0.2714472361809045 0.004692192192192192 0.014251256281407035
15 0.3767361111111111 0.27150251256281405 0.004222972972972973 0.012351758793969849
15 0.38625750750750754 0.27131658291457283 0.0037462462462462464 0.012984924623115578
20 0.57615990990991 0.2735477386934673 0.01268018018018018 0.017447236180904522
1 0.5011918168168168 0.27367587939698496 0.020401651651651653 0.028758793969849244
1 0.06400900900900901 0.27437939698492464 0.028918918918918922 0.03921105527638191
1 0.73125 0.2776180904522613 0.009046546546546547 0.005487437185929648
15 0.5920626876876878 0.028773869346733667 0.009951201201201201 0.007296482412060302
1 0.6332507507507508 0.284072864321608 0.009744744744744745 0.006336683417085427
1 0.6459346846846846 0.2838944723618091 0.008836336336336336 0.005979899497487437
15 0.37695195195195197 0.28673618090452263 0.005405405405405406 0.012668341708542714
15 0.3733577327327327 0.2870527638190955 0.004222972972972973 0.013301507537688441
1 0.58565503003003 0.28704773869346734 0.0106493993993994 0.005251256281407035
15 0.38072635135135136 0.2872110552763819 0.004695945945945946 0.013618090452261308
15 0.38522897897897895 0.2878718592964824 0.004692192192192192 0.01393467336683417
15 0.3890033783783784 0.2880301507537688 0.003982732732732732 0.014251256281407035
15 0.7011505255255255 0.29088693467336685 0.0051539039039039045 0.012929648241206031
15 0.6957301051051051 0.2912110552763819 0.005574324324324324 0.01257286432160804
15 0.7056081081081081 0.2912110552763819 0.0035585585585585586 0.01257286432160804
15 0.7107488738738739 0.2912110552763819 0.0055818318318318315 0.01257286432160804
15 0.6826276276276276 0.2916331658291457 0.003393393393393393 0.01442211055276382
15 0.6719219219219219 0.29149497487437187 0.0045045045045045045 0.01314070351758794
15 0.6897766516516517 0.2917361809045226 0.00567942942942943 0.01563316582914573
15 0.6466103603603603 0.2919422110552764 0.010938438438438438 0.0049899497487437185
15 0.6338907657657658 0.29204773869346734 0.010274024024024024 0.005201005025125628
15 0.7218524774774775 0.2919221105527638 0.005266516516516516 0.01399497487437186
15 0.7153096846846847 0.2918819095477387 0.0049436936936936935 0.014919597989949749
1 0.6772972972972973 0.2924170854271357 0.0047447447447447446 0.013979899497487437
15 0.6668393393393394 0.2924924623115578 0.00484984984984985 0.0151356783919598
1 0.6333896396396396 0.29739447236180905 0.00852102102102102 0.005844221105527639
1 0.49154654654654656 0.29805025125628143 0.004114114114114114 0.012180904522613065
1 0.6462274774774774 0.29894221105527635 0.009421921921921922 0.004919597989949748
1 0.45281906906906905 0.2991884422110553 0.029512012012012014 0.03958291457286432
1 0.04700638138138138 0.30467085427135676 0.017436186186186187 0.02341206030150754
1 0.6461167417417418 0.30485929648241206 0.009951201201201201 0.006703517587939699
15 0.3487762762762763 0.030949748743718596 0.010615615615615616 0.007628140703517588
15 0.7010472972972973 0.3066507537688442 0.004196696696696697 0.012296482412060302
1 0.7053885135135135 0.30728140703517587 0.0038701201201201203 0.01456281407035176
1 0.6812518768768769 0.3070577889447236 0.0043956456456456456 0.013110552763819096
15 0.6959234234234234 0.30739698492462314 0.00445945945945946 0.013788944723618092
15 0.7157657657657658 0.30754522613065327 0.005105105105105105 0.013080402010050252
15 0.689573948948949 0.3075050251256281 0.004523273273273273 0.01400502512562814
15 0.7211542792792792 0.3078291457286432 0.005371621621621621 0.013648241206030151
15 0.7104786036036036 0.3079321608040201 0.005792042042042042 0.014859296482412061
15 0.2823798798798799 0.03129145728643216 0.009954954954954956 0.006301507537688442
1 0.5677158408408408 0.31201758793969847 0.029575825825825828 0.03810552763819095
1 0.4917248498498498 0.31423618090452266 0.00371996996996997 0.011386934673366834
4 0.49094406906906907 0.03204522613065327 0.19359984984984985 0.04398994974874372
1 0.2696321321321321 0.03209045226130653 0.009234234234234235 0.005889447236180905
20 0.5306118618618618 0.3221306532663316 0.024436936936936934 0.047276381909547735
1 0.7159722222222222 0.32289698492462315 0.0040165165165165165 0.013633165829145729
1 0.7213551051051051 0.3232361809045226 0.004271771771771772 0.014311557788944725
1 0.7051501501501501 0.3230829145728643 0.0041441441441441434 0.015010050251256282
15 0.4965615615615615 0.32784422110552763 0.01039039039039039 0.005437185929648241
15 0.49678490990990987 0.33507286432160804 0.009335585585585586 0.005824120603015076
1 0.4795382882882883 0.3359849246231156 0.007875375375375375 0.021718592964824122
1 0.6936993243243244 0.33568844221105526 0.005266516516516516 0.014090452261306532
1 0.07795232732732732 0.03373869346733668 0.008757507507507508 0.024261306532663316
1 0.552835960960961 0.3385502512562814 0.017083333333333332 0.011773869346733669
1 0.49670608108108105 0.3495653266331658 0.010679429429429428 0.004658291457286432
20 0.09745683183183183 0.035228643216080394 0.02374249249249249 0.03528140703517588
1 0.6938644894894894 0.3520628140703518 0.0040953453453453454 0.013673366834170855
15 0.7227909159159159 0.3523819095477387 0.010146396396396397 0.006271356783919598
15 0.7395852102102103 0.3535402010050251 0.010701951951951953 0.00557286432160804
15 0.24057995495495493 0.03577386934673367 0.0036824324324324326 0.014261306532663316
15 0.24674174174174177 0.036110552763819095 0.0047447447447447446 0.01392964824120603
1 0.23003566066066067 0.035917085427135675 0.0043656156156156155 0.012537688442211054
1 0.5087781531531531 0.36170603015075375 0.010048798798798799 0.005824120603015076
1 0.22461711711711713 0.036399497487437184 0.004039039039039039 0.013502512562814071
1 0.23493243243243245 0.03676130653266332 0.0036486486486486487 0.01221608040201005
15 0.33688250750750753 0.037984924623115576 0.012353603603603602 0.007628140703517588
9 0.5380874624624624 0.3816507537688442 0.02812687687687688 0.026618090452261305
1 0.2584590840840841 0.03874120603015075 0.010161411411411412 0.007130653266331658
15 0.34914414414414413 0.038658291457286435 0.012102102102102103 0.006964824120603015
1 0.5087575075075075 0.3839221105527638 0.009256756756756758 0.005030150753768844
1 0.3599812312312312 0.0392035175879397 0.010503003003003003 0.006045226130653266
15 0.28245307807807807 0.038994974874371854 0.010852102102102102 0.0066331658291457285
1 0.5089358108108109 0.39125125628140706 0.008862612612612612 0.006623115577889447
15 0.5421058558558559 0.4056005025125628 0.004632132132132132 0.01421608040201005
1 0.5474962462462463 0.40592964824120603 0.004151651651651652 0.012864321608040201
1 0.5316910660660661 0.4061457286432161 0.003322072072072072 0.014301507537688442
15 0.5371734234234234 0.40658040201005025 0.004527027027027028 0.012155778894472363
1 0.06051614114114114 0.04054773869346734 0.02118243243243243 0.03084422110552764
9 0.07085022522522523 0.4083542713567839 0.03509384384384384 0.04082914572864322
15 0.5087349849849849 0.40830653266331657 0.009962462462462462 0.005557788944723618
1 0.5202946696696696 0.4153442211055276 0.009057807807807808 0.005562814070351759
15 0.5094557057057058 0.415070351758794 0.010653153153153154 0.006020100502512563
1 0.12386824324324325 0.042103015075376886 0.02251126126126126 0.029934673366834173
1 0.5087349849849849 0.422105527638191 0.009962462462462462 0.006020100502512563
1 0.5202364864864866 0.4221683417085427 0.010442942942942943 0.007150753768844221
1 0.5603303303303303 0.42716331658291457 0.02981981981981982 0.040256281407035174
1 0.9081418918918919 0.4357713567839196 0.010728228228228227 0.00621608040201005
1 0.576417042042042 0.4404698492462311 0.00944069069069069 0.005562814070351759
15 0.5087931681681681 0.4415502512562814 0.008577327327327328 0.0037035175879396986
15 0.908384009009009 0.4426507537688442 0.010461711711711712 0.0059045226130653265
15 0.5085322822822823 0.4494346733668342 0.010307807807807809 0.0074120603015075375
1 0.5202571321321321 0.4491984924623115 0.011234984984984984 0.007944723618090453
15 0.9080705705705705 0.44976633165829144 0.009834834834834834 0.005060301507537689
1 0.270121996996997 0.04534924623115578 0.009463213213213214 0.005271356783919598
15 0.34915165165165163 0.04569346733668342 0.010615615615615616 0.006964824120603015
1 0.3606062312312312 0.046070351758793975 0.010251501501501501 0.005708542713567839
15 0.28250375375375375 0.04619597989949749 0.010202702702702703 0.006964824120603015
15 0.3080686936936937 0.46779899497487437 0.005026276276276277 0.012984924623115578
15 0.30269519519519517 0.46796733668341706 0.003288288288288288 0.013321608040201006
15 0.292378003003003 0.4683015075376884 0.005176426426426426 0.012984924623115578
15 0.2979316816816817 0.4689748743718593 0.005022522522522522 0.012321608040201005
1 0.03674737237237237 0.47385175879396985 0.015686936936936936 0.02107035175879397
1 0.06102477477477477 0.47974120603015075 0.037214714714714714 0.04490954773869347
20 0.5592436186186186 0.48050251256281407 0.02839714714714715 0.04341708542713568
1 0.9079861111111112 0.48731155778894475 0.009665915915915917 0.0067839195979899495
1 0.8410698198198199 0.48932160804020103 0.009466966966966967 0.0067839195979899495
1 0.03173986486486487 0.49668844221105524 0.01693318318318318 0.02051256281407035