1 0.9537089028444773 0.5889424173318131 0.011592168452161064 0.006847206385404789
15 0.06630772072404877 0.059777651083238306 0.005537495382342076 0.015792474344355757
1 0.41867750277059473 0.5965535917901938 0.010609530845954932 0.00838654503990878
15 0.058586996675286294 0.06024515393386545 0.006350203176948652 0.017867730900798174
1 0.9537015145917991 0.5995524515393387 0.01009974141115626 0.007542759407069556
1 0.35471739933505725 0.6024372862029647 0.01050609530845955 0.009891676168757127
1 0.18261913557443665 0.6042360319270239 0.01060214259327669 0.008928164196123148
15 0.051376062061322496 0.06062428734321551 0.005966014037680088 0.01862599771949829
1 0.148945326930181 0.604900228050171 0.011226449944588105 0.00911630558722919
1 0.7593055042482453 0.6082240592930445 0.009190986331732544 0.008922462941847207
4 0.26201145179165125 0.6313854047890536 0.5151570003694126 0.04042189281641961
15 0.8383912079793129 0.6340820980615736 0.012209087550794235 0.008187001140250855
15 0.838407831547839 0.6450057012542759 0.011503509420022165 0.008369441277080957
15 0.763315478389361 0.06801026225769669 0.005389730328777244 0.01857468643101482
15 0.7426209826376062 0.06814709236031927 0.006113779091244921 0.016567844925883694
15 0.7359715552271888 0.06805872291904219 0.006113779091244921 0.017531356898517675
4 0.25775951237532324 0.6814310148232612 0.5155190247506465 0.04473204104903079
1 0.7092537864794977 0.6815735461801596 0.005873660879202069 0.01651083238312429
15 0.7231030661248615 0.0684806157354618 0.005496859992611748 0.013814139110604333
15 0.729344292574806 0.06897662485746864 0.0061581086073143705 0.0170866590649943
15 0.7556871074990764 0.06887685290763969 0.0049094939046915404 0.015746864310148233
1 0.6407794606575544 0.6919469783352338 0.00930181012190617 0.01217217787913341
15 0.9312781677133357 0.07148802736602053 0.01106021425932767 0.009566704675028508
20 0.8844791281861839 0.07145381984036488 0.014987070557813077 0.02090079817559863
9 0.7670410048023643 0.7160005701254276 0.023923162172146288 0.045456100342075256
15 0.9536257850018471 0.7196750285062713 0.011425932766900628 0.010615735461801596
4 0.2588788326560768 0.7260433295324972 0.500764684152198 0.04501710376282782
20 0.7868747691171039 0.07367730900798175 0.013350572589582563 0.020786773090079817
15 0.40920760990025856 0.7461830102622578 0.011618027336534909 0.0066191562143671605
1 0.3934983376431474 0.747018244013683 0.011968969338751384 0.00942987457240593
1 0.2506021425932767 0.7476197263397948 0.012101957886959733 0.008352337514253136
15 0.76 0.7494897377423033 0.011318803103066126 0.01209236031927024
15 0.7737864794975988 0.749717787913341 0.011555227188769857 0.012548460661345497
9 0.8535777613594385 0.07620011402508552 0.03667159216845216 0.06346066134549601
15 0.3938714444033986 0.7589937286202966 0.010498707055781308 0.00943557582668187
15 0.40924824528998893 0.7594099201824402 0.010221647580347248 0.011408209806157355
1 0.1107794606575545 0.7641020524515393 0.005821943110454378 0.017371721778791333
15 0.9542168452161064 0.7665307867730901 0.010391577391946804 0.00968643101482326
15 0.40965644625046177 0.7721664766248575 0.010299224233468783 0.011835803876852909
15 0.3928980421130403 0.7721693272519954 0.010768378278537126 0.010701254275940706
15 0.4093830809013668 0.7853791334093501 0.010491318803103066 0.008614595210946407
1 0.05383265607683783 0.8030558722919042 0.006446250461765792 0.01774230330672748
20 0.30383635020317695 0.8073489167616875 0.011440709272257111 0.02290763968072976
15 0.31925748060583675 0.8093928164196122 0.010513483561137791 0.009891676168757127
15 0.5654820834872553 0.8147263397947548 0.011643886220908756 0.009156214367160775
9 0.7585001847063171 0.8178078677309008 0.13761359438492796 0.08373432155074116
1 0.039754340598448464 0.8204218928164196 0.010059106021425932 0.009144811858608893
1 0.028043960103435534 0.8221750285062714 0.011019578869597339 0.009230330672748005
4 0.16316401920945697 0.8220980615735461 0.14605467306981898 0.04898517673888256
1 0.05197635759142962 0.8226653363740022 0.012338381972663464 0.010210946408209806
1 0.3101496121167344 0.8305045610034207 0.004857776135943849 0.015627137970353477
15 0.6589822681935722 0.8317645381984037 0.010982637606206132 0.007884834663625998
15 0.8318212042851865 0.8381841505131129 0.010151459179903953 0.008181299885974914
15 0.6589970446989287 0.8416989737742303 0.010273365349094938 0.008369441277080957
15 0.47045437753971187 0.8431527936145953 0.010727742888806797 0.008996579247434435
15 0.4837236793498338 0.8433152793614594 0.009929811599556705 0.009321550741163056
15 0.4031861839674917 0.8438854047890536 0.009179903952715184 0.009321550741163056
15 0.4141743627632065 0.8440877993158494 0.011946804580716662 0.008586088939566704
15 0.8321481344661987 0.847796465222349 0.010805319541928335 0.008021664766248575
9 0.6127244181751016 0.8489908779931585 0.06475434059844846 0.13013683010262256
15 0.30981344661987437 0.8506071835803877 0.005663095677872184 0.017063854047890535
1 0.6593332101957887 0.8520182440136831 0.010945696342814924 0.008483466362599772
15 0.48395825637236795 0.8534635119726339 0.008921315108976726 0.006812998859749144
15 0.4151939416328039 0.8546864310148232 0.010291835980790543 0.006978335233751426
20 0.38372367934983376 0.8565992018244013 0.011629109715552272 0.023346636259977196
1 0.9101773180642778 0.8572006841505131 0.01097155522718877 0.008586088939566704
15 0.9214425563354266 0.8570524515393386 0.01059844846693757 0.010570125427594071
20 0.4692205393424455 0.8589509692132269 0.012693018101219061 0.02006841505131129
20 0.4014554857776136 0.8607098061573546 0.01310676025120059 0.022445838084378562
15 0.4150424824528999 0.8640507411630559 0.010727742888806797 0.007462941847206386
15 0.4834613963797562 0.8645467502850627 0.010882896195049872 0.009595210946408209
9 0.90882342076099 0.08703819840364879 0.023040265977096415 0.04408779931584949
15 0.9215164388622091 0.8672291904218927 0.0107462135205024 0.009258836944127708
1 0.9102161063908385 0.8671522234891675 0.010310306612486147 0.009104903078677309
15 0.9215903213889914 0.8777708095781072 0.010893978574067233 0.009817559863169897
1 0.9102678241595862 0.8773888255416192 0.01115256741780569 0.009053591790193842
1 0.807033616549686 0.8781641961231471 0.010816401920945696 0.009464082098061575
15 0.7363649796823051 0.08826681870011402 0.0061618027336534905 0.015758266818700115
15 0.7629700775766531 0.08823546180159635 0.005437753971185815 0.015695553021664768
15 0.7690487624676764 0.08832953249714938 0.005773919468045808 0.017023945267958952
15 0.7299150350942003 0.08861459521094642 0.005821943110454378 0.015313568985176738
1 0.15171038049501293 0.8858893956670467 0.011584780199482822 0.011231470923603193
15 0.9216475803472479 0.8872377423033067 0.010269671222755818 0.00822690992018244
1 0.9101034355374954 0.8880216647662486 0.010823790173623938 0.009794754846066135
15 0.7430642777983006 0.0888740022805017 0.006261544144809752 0.015832383124287343
15 0.7563224972294053 0.08906214367160775 0.005441448097524936 0.016208665906499428
15 0.7233210195788696 0.08921037628278221 0.005932766900628001 0.016505131128848348
15 0.9103620243812338 0.8976026225769669 0.01060214259327669 0.009572405929304447
15 0.92184891023273 0.8982383124287343 0.010672330993719985 0.00856328392246294
9 0.7289545622460288 0.9028620296465222 0.04379756187661618 0.05543899657924743
9 0.46962319911340966 0.9034321550741162 0.04379017362393794 0.06
9 0.40184706316956037 0.9061830102622577 0.04418175101588474 0.0632212086659065
15 0.883836350203177 0.09084093500570126 0.0107462135205024 0.008363740022805016
15 0.9218341337273736 0.9082126567844927 0.009903952715182858 0.009127708095781072
15 0.9217934983376431 0.9078392246294185 0.010561507203546362 0.00952109464082098
1 0.9107868489102328 0.9080387685290764 0.010712966383450314 0.00877993158494869
9 0.7752752124122645 0.9116305587229191 0.028570373106760253 0.03876852907639681
15 0.8951828592537866 0.9130929304446979 0.010535648319172515 0.007485746864310148
15 0.8708219431104544 0.9155501710376283 0.005404506834133727 0.01582098061573546
15 0.8645770225341706 0.9160091220068416 0.0062135205024011824 0.014458380843785633
15 0.8776172885112671 0.9160034207525656 0.0056963428149242705 0.016727480045610033
15 0.8580236424085704 0.9162286202964652 0.005666789804211304 0.01717787913340935
15 0.8839527151828593 0.9165478905359179 0.005068341337273735 0.015535917901938427
15 0.9220687107499076 0.9177537058152794 0.01111193202807536 0.009965792474344357
15 0.9219227927595124 0.9180444697833523 0.010820096047284816 0.008266818700114024
15 0.9105282600664943 0.9180216647662486 0.010934613963797562 0.009361459521094642
15 0.895533801256003 0.9232012542759408 0.010498707055781308 0.00831812998859749
4 0.05072404876246768 0.9262742303306727 0.04973032877724418 0.11252565564424173
15 0.9223088289619505 0.9276482326111745 0.011592168452161064 0.008090079817559864
4 0.11515145917990396 0.9282867730900798 0.04781307720724049 0.09374572405929305
15 0.9221998522349464 0.9284179019384264 0.010635389730328777 0.008489167616875713
15 0.9100295530107129 0.9284435575826682 0.010676025120059105 0.008540478905359179
1 0.43085149612116735 0.9290193842645382 0.009837458441078684 0.00855188141391106
1 0.4997155522718877 0.9289823261117446 0.010882896195049872 0.009618015963511974
15 0.6373513114148504 0.9298232611174458 0.006139637975618766 0.015860889395667047
15 0.6132452899889177 0.9305530216647663 0.005951237532323605 0.01732041049030787
15 0.8955892131510899 0.9328107183580389 0.010609530845954932 0.00701254275940707
15 0.8643812338381973 0.9330558722919042 0.006560768378278538 0.0166248574686431
15 0.8842630217953453 0.9335974914481185 0.004950129294421869 0.016567844925883694
15 0.8774824528998891 0.933648802736602 0.005426671592168452 0.01781071835803877
15 0.8710694495751755 0.9335091220068416 0.005899519763575915 0.017531356898517675
4 0.2632065016623569 0.9338654503990877 0.21684521610639085 0.1322690992018244
15 0.8575988178795715 0.9338540478905359 0.00555596601403768 0.015940706955530216
15 0.8517454746952347 0.9340820980615736 0.004931658662726265 0.016396807297605474
1 0.8443091983745844 0.9343643101482326 0.005574436645733284 0.016961231470923602
15 0.8839176209826376 0.10290763968072976 0.010908755079423717 0.007411630558722919
4 0.4263797561876616 0.10471778791334094 0.1929885482083487 0.049800456100342075
15 0.7754728481714074 0.10598346636259978 0.006800886590321389 0.015843785632839225
1 0.723609161433321 0.10614595210946409 0.0065090506095308465 0.018449258836944128
1 0.8265090506095308 0.1057297605473204 0.009870705578130771 0.008494868871151653
15 0.749176209826376 0.10639395667046751 0.005925378647949759 0.016664766248574686
15 0.7623365349094939 0.10649942987457241 0.0049094939046915404 0.01345496009122007
15 0.7559770964166975 0.1069327251995439 0.005489471739933505 0.015461801596351198
15 0.769617657923901 0.10679589509692132 0.005434059844846694 0.017468643101482325
1 0.7294384927964536 0.10683865450399088 0.00708533431843369 0.017554161915621435
1 0.7367380864425563 0.10727480045610034 0.006169190986331732 0.016145952109464082
1 0.7427188769855929 0.10743443557582669 0.006309567787218322 0.018745724059293045
15 0.8835223494643517 0.11298745724059293 0.009379386775027707 0.008187001140250855
1 0.7098947173993351 0.11662200684150513 0.010849649057997783 0.009754846066134549
1 0.9071056520132988 0.11907354618015963 0.01073882526782416 0.00895667046750285
1 0.6813557443664574 0.13953249714937288 0.010661248614702622 0.009965792474344357
15 0.6240893978574068 0.14817559863169896 0.00990764684152198 0.009007981755986317
15 0.6807850018470631 0.15029361459521096 0.010997414111562616 0.009823261117445838
4 0.43696158108607314 0.1546807297605473 0.1639120797931289 0.04938426453819841
1 0.6812910971555227 0.16060718358038767 0.009793128925009236 0.007645381984036488
15 0.6235759142962689 0.16088084378563283 0.009619504987070558 0.008192702394526796
15 0.610583671961581 0.16133979475484608 0.01097155522718877 0.011391106043329532
9 0.2998688585149612 0.16345496009122007 0.034536387144440336 0.09657924743443558
15 0.3346453638714444 0.16828107183580387 0.010258588843738455 0.008169897377423033
15 0.6234632434429257 0.17341505131128848 0.010871813816032508 0.009315849486887115
15 0.5959863317325452 0.1735661345496009 0.010591060214259328 0.009618015963511974
15 0.6105208718138161 0.17385119726339796 0.010107129663834502 0.00790763968072976
15 0.6809623199113409 0.176157354618016 0.010613224972294052 0.00909920182440137
1 0.6649427410417437 0.17722348916761688 0.011821204285186553 0.00895096921322691
15 0.3350387883265608 0.1786716077537058 0.011045437753971186 0.008426453819840364
15 0.6241872922053934 0.18665621436716076 0.010103435537495382 0.008432155074116305
15 0.6105282600664943 0.18633409350057012 0.011599556704839305 0.01006841505131129
15 0.33506280014776507 0.18846636259977195 0.011832286664203917 0.00863169897377423
1 0.28020687107499076 0.19898517673888255 0.007772441817510158 0.019407069555302164
9 0.8546084226080533 0.20785062713797034 0.037255264130033244 0.06450399087799316
15 0.4032988548208349 0.21055587229190423 0.010882896195049872 0.008340935005701254
1 0.6812301440709272 0.21144526795895097 0.010410048023642409 0.008979475484606614
1 0.825105282600665 0.2222405929304447 0.005585519024750647 0.016887115165336374
15 0.40274288880679715 0.2240279361459521 0.00977096416697451 0.007919042189281642
9 0.7569671222755818 0.23692417331812998 0.10499445881049133 0.16255986316989737
15 0.4033468784632434 0.23696408209806158 0.011717768747691171 0.007565564424173318
4 0.9168119689693387 0.024709236031927026 0.08482452899889176 0.022052451539338654
1 0.8477114887329147 0.24805017103762828 0.008684891023272997 0.009213226909920182
1 0.6817547100110823 0.24914766248574685 0.010720354636128556 0.009127708095781072
15 0.6570520871813816 0.2496436716077537 0.010816401920945696 0.008979475484606614
1 0.6681806427779831 0.24955530216647664 0.010908755079423717 0.009942987457240593
1 0.417033616549686 0.2605672748004561 0.01027705947543406 0.010302166476624857
15 0.6684299963058736 0.26123432155074117 0.010668636867380864 0.0093557582668187
1 0.2990727742888807 0.26145667046750287 0.010779460657554488 0.009800456100342076
15 0.6816309567787218 0.26196693272519955 0.010472848171407463 0.008540478905359179
15 0.3214185445142224 0.026653363740022806 0.011141485038788326 0.008836944127708095
15 0.6812135205024012 0.27674458380843786 0.01037680088659032 0.00958950969213227
1 0.8291965275212413 0.28060148232611176 0.007118581455485777 0.018443557582668187
20 0.0461987439970447 0.2815735461801596 0.05693387513852974 0.05915621436716078
15 0.7887735500554119 0.03006271379703535 0.00532693018101219 0.017936145952109465
15 0.8633339490210565 0.030453249714937285 0.01037680088659032 0.008454960091220069
9 0.8548633173254524 0.2996550741163056 0.03776505356483192 0.07023375142531357
1 0.5091355744366457 0.307112314709236 0.01272995936461027 0.01217217787913341
20 0.8001570003694126 0.030655644241733178 0.013317325452530476 0.022542759407069554
15 0.07273365349094939 0.031864310148232614 0.005090506095308459 0.015838084378563284
15 0.06606760251200591 0.03183010262257697 0.005796084226080532 0.016909920182440138
1 0.6967657923900997 0.31372576966932725 0.011189508681196897 0.010575826681870012
20 0.05485592907277429 0.032192132269099206 0.014403398596231992 0.022194982896237173
15 0.5417122275581825 0.03227194982896237 0.01065016623568526 0.008671607753705816
15 0.8138936091614334 0.032462941847206384 0.006065755448836351 0.01589509692132269
1 0.51134466198744 0.3370239452679589 0.010498707055781308 0.010421892816419613
20 0.04711488732914666 0.3419412770809578 0.05876616180273366 0.055604332953249715
1 0.8397414111562614 0.3430359179019384 0.006782415958625785 0.016744583808437855
15 0.5588289619504987 0.35140820980615733 0.010158847432582194 0.008403648802736603
9 0.36841521980051717 0.35823831242873433 0.11695603989656447 0.1782782212086659
15 0.5596231991134097 0.36209521094640823 0.011008496490579977 0.006972633979475485
1 0.5112633912079794 0.3664509692132269 0.010336165496859992 0.00998289623717218
15 0.5589970446989286 0.3717103762827822 0.010495012929442186 0.007958950969213228
15 0.5589065386036203 0.3814595210946408 0.011052826006649428 0.009213226909920182
15 0.5111968969338752 0.38193557582668186 0.010203176948651645 0.00902508551881414
4 0.42509050609530846 0.03896807297605473 0.19779830070188403 0.04372862029646522
15 0.03806243073513114 0.3910661345496009 0.01110823790173624 0.00904218928164196
15 0.051992981159955674 0.3907839224629418 0.011632803841891392 0.00847776510832383
15 0.5588160325083118 0.39182440136830105 0.011610639083856667 0.008278221208665906
15 0.9537957148134467 0.3940906499429875 0.012504617657923902 0.010530216647662485
15 0.06410048023642409 0.40297605473204107 0.011466568156630956 0.010057012542759407
15 0.025271518285925377 0.40281927023945263 0.012862947912818619 0.009743443557582668
1 0.05226265238271149 0.40294754846066133 0.01069449575175471 0.008859749144811859
15 0.03847247875877355 0.4036944127708096 0.011189508681196897 0.008072976054732041
15 0.08572404876246768 0.4045695553021665 0.006690062800147765 0.016664766248574686
1 0.5119449575175471 0.4057611174458381 0.010960472848171409 0.008785632839224629
1 0.8327502770594755 0.4106413911060433 0.012748429996305873 0.008283922462941847
15 0.5594865164388622 0.4120581527936146 0.00925748060583672 0.008836944127708095
1 0.051913557443664576 0.41523945267958956 0.01073513114148504 0.009498289623717219
1 0.06417990395271518 0.4153620296465222 0.01236424085703731 0.01088369441277081
1 0.03849279645363871 0.416445267958951 0.011230144070927225 0.008489167616875713
15 0.0251957886959734 0.4161630558722919 0.011233838197266347 0.007924743443557583
15 0.5587218322866642 0.42309863169897377 0.009944588104913188 0.009253135689851767
15 0.32167159216845215 0.042728050171037625 0.010908755079423717 0.009059293044469783
15 0.55932766900628 0.43302166476624854 0.010417436276320649 0.009714937286202964
15 0.5411174732175841 0.04503990877993159 0.010938308090136682 0.00798175598631699
15 0.46031584780199486 0.4553278221208666 0.0067048393055042475 0.014418472063854047
1 0.486298485408201 0.4558523375142532 0.004735869966752863 0.015467502850627137
15 0.47983930550424825 0.4561374002280502 0.005116364979682305 0.014897377423033067
15 0.4661802733653491 0.4564025085518814 0.005873660879202069 0.016567844925883694
15 0.43338012560029554 0.456733181299886 0.006767639453269302 0.016088939566704673
15 0.4467824159586258 0.4569042189281642 0.006235685260435907 0.017571265678449258
15 0.440487624676764 0.4567388825541619 0.006206132249722941 0.01838084378563284
15 0.45328038418913924 0.45721208665906504 0.006671592168452161 0.017046750285062712
4 0.5387753971185815 0.4577080957810718 0.03728481714074622 0.3783580387685291
9 0.03997414111562616 0.45892816419612315 0.04079054303657185 0.06836944127708096
1 0.2902234946435168 0.4616049030786773 0.010812707794606576 0.008728620296465223
15 0.5589841152567419 0.46328392246294187 0.009730328777244182 0.008665906499429873
15 0.4177170299224233 0.4650855188141391 0.010166235685260436 0.01112884834663626
1 0.06492427041004803 0.4651311288483467 0.0057258958256372365 0.01692132269099202
1 0.30485408200960473 0.4678164196123147 0.009782046545991872 0.008608893956670468
1 0.14927595123753232 0.4691448118586089 0.010410048023642409 0.007844925883694412
15 0.3999593646102697 0.4700513112884835 0.010114517916512744 0.008517673888255415
1 0.2898928703361655 0.47068985176738887 0.010890284447728112 0.008654503990877993
15 0.486054673069819 0.47590935005701257 0.0057258958256372365 0.015672748004561
15 0.45998522349464355 0.47640250855188143 0.004565940155153306 0.013238312428734321
1 0.4928574067233099 0.4763112884834664 0.0045548577761359435 0.0153363740022805
15 0.4730365718507573 0.4766932725199544 0.004809752493535279 0.016100342075256555
15 0.4796564462504618 0.4770039908779931 0.006228297007757665 0.01672177879133409
15 0.4528592537864795 0.4765763968072976 0.0043516808274843 0.015866590649942988
15 0.44645917990395273 0.47712086659064995 0.004850387883265608 0.01581527936145952
15 0.4402087181381603 0.4774087799315849 0.004170668636867381 0.016391106043329533
15 0.4664351680827485 0.4775285062713797 0.005644625046176579 0.017770809578107186
15 0.6959549316586627 0.04788768529076397 0.008828961950498707 0.00911630558722919
15 0.42489287033616546 0.47960376282782213 0.011957886959734022 0.008238312428734322
15 0.40020502401182123 0.4797576966932725 0.010605836719615812 0.00854618015963512
15 0.2902382711488733 0.48087514253135694 0.010103435537495382 0.007360319270239453
9 0.10475434059844846 0.48476909920182437 0.06396010343553749 0.12803306727480046
9 0.19693387513852975 0.48492873432155076 0.06287403029183598 0.12607183580387685
1 0.4127595123753232 0.4886288483466362 0.009117103804950129 0.008044469783352336
15 0.40034540081270775 0.4899942987457241 0.010886590321388992 0.008494868871151653
15 0.425138529737717 0.4901140250855188 0.01097155522718877 0.008734321550741162
1 0.2903269301810122 0.490669897377423 0.0117584041374215 0.00870581527936146
15 0.2790653860362024 0.4913426453819841 0.009922423346878463 0.007770809578107184
4 0.9803435537495382 0.495287913340935 0.039002585888437385 0.7089338654503992
4 0.9143590690801626 0.4972377423033067 0.04076099002585889 0.700290763968073
1 0.024275951237532324 0.49943557582668185 0.005700036941263391 0.019395667046750286
1 0.4138788326560768 0.49982326111744585 0.011355744366457332 0.008768529076396808
1 0.42417805688954563 0.49991733181299886 0.012005910602142593 0.00895667046750285
1 0.1490893978574067 0.5005074116305587 0.010775766531215368 0.008996579247434435
1 0.401193202807536 0.501054732041049 0.013321019578869598 0.007810718358038768
1 0.035118212042851864 0.5022206385404789 0.009652752124122645 0.010142531356898517
1 0.49310491318803107 0.5023802736602052 0.00578869597340229 0.016163055872291904
15 0.048309937199852236 0.502984606613455 0.010177318064277798 0.009389965792474343
1 0.06164758034724788 0.5029532497149373 0.010254894717399335 0.009327251995438997
1 0.3998023642408571 0.5104675028506271 0.009061691909863319 0.009532497149372862
1 0.7101791651274474 0.51442417331813 0.006985592907277429 0.017445838084378565
15 0.9308681196896934 0.05183580387685291 0.01097894347986701 0.007890535917901939
15 0.9173439231621722 0.05238027366020524 0.010528260066494275 0.008979475484606614
15 0.8836941263391207 0.052642531356898524 0.01120059106021426 0.0106442417331813
15 0.3998503878832656 0.5204532497149373 0.009896564462504618 0.007839224629418473
1 0.9537236793498338 0.5202651083238312 0.010144070927225711 0.009743443557582668
1 0.28734022903583306 0.5205558722919041 0.006523827114887329 0.01944697833523375
1 0.49295160694495754 0.5210946408209807 0.006220908755079423 0.01596351197263398
9 0.46097709641669743 0.5244811858608894 0.0553121536756557 0.061505131128848346
15 0.9027133357960843 0.052887685290763965 0.010820096047284816 0.008854047890535918
1 0.4006834133727374 0.530384834663626 0.011562615441448099 0.00717787913340935
15 0.9532988548208349 0.5329389965792474 0.011510897672700407 0.010005701254275941
1 0.39847986701145177 0.5406984036488027 0.009371998522349465 0.008420752565564424
1 0.4926283708902845 0.541633409350057 0.005574436645733284 0.014851767388825541
1 0.9536405615072036 0.5462628278221209 0.009977835241965275 0.008147092360319269
4 0.8683598079054304 0.5498774230330673 0.04037680088659032 0.4361288483466363
4 0.8042999630587365 0.5543244013683011 0.0385962319911341 0.42563854047890537
1 0.954054303657185 0.5586174458380844 0.010805319541928335 0.008911060433295325
4 0.6715940155153307 0.5590136830102622 0.0406390838566679 0.4327366020524515
4 0.6053287772441818 0.5593358038768529 0.03666420391577392 0.4299600912200684
4 0.7348836350203176 0.5593358038768529 0.041618027336534906 0.4299600912200684
15 0.8312486147026229 0.5646721778791334 0.011961581086073144 0.009618015963511974