1 0.3387972876516774 0.6849064449064449 0.008072805139186295 0.04548856548856549
1 0.3570235546038544 0.6849064449064449 0.008836545324768023 0.04548856548856549
1 0.3288829407566024 0.6853846153846154 0.008229835831548894 0.04436590436590437
1 0.3472608850820842 0.6863097713097713 0.007869379014989294 0.04413721413721414
20 0.5680763740185582 0.6937110187110187 0.014810849393290507 0.05893970893970894
1 0.5567237687366168 0.6960446985446985 0.0056673804425410425 0.028264033264033265
1 0.17656852248394003 0.6972557172557172 0.004814418272662384 0.030686070686070686
1 0.5785563882940756 0.6985862785862785 0.005078515346181299 0.029189189189189186
1 0.865758386866524 0.6994386694386695 0.007748037116345468 0.045446985446985444
1 0.8752266238401143 0.6994022869022869 0.007412562455389008 0.04329521829521829
1 0.8848965024982156 0.7006288981288982 0.0074803711634546756 0.04574844074844075
15 0.6687098501070663 0.7017047817047817 0.005513918629550321 0.029189189189189186
1 0.8937455389007852 0.7022505197505198 0.008047822983583156 0.044833679833679835
1 0.6080014275517487 0.7042099792099793 0.005438972162740899 0.02796257796257796
20 0.10348322626695217 0.7039085239085239 0.015674518201284796 0.0730977130977131
1 0.09102426837972877 0.7052650727650728 0.005745895788722342 0.027993762993762994
1 0.5899607423269093 0.7063253638253638 0.005760171306209851 0.030114345114345114
15 0.659330835117773 0.7079106029106029 0.0038865096359743043 0.027047817047817047
1 0.7270253390435403 0.7079106029106029 0.006513204853675946 0.027047817047817047
15 0.626948608137045 0.7085239085239086 0.004789436117059244 0.028274428274428273
15 0.6515024982155603 0.7107536382536382 0.0053604568165596 0.028575883575883573
20 0.5990560314061385 0.7102598752598752 0.01181655960028551 0.04422037422037422
1 0.11563526052819414 0.7182744282744283 0.006431120628122769 0.031143451143451146
20 0.6347608850820842 0.7181340956340957 0.008279800142755174 0.03502079002079002
1 0.706279443254818 0.7200727650727651 0.004992862241256246 0.030582120582120585
9 0.6951962883654532 0.7198232848232848 0.014946466809421842 0.05711018711018711
15 0.6442201998572449 0.7238461538461539 0.005785153461812991 0.029812889812889813
20 0.31519271948608135 0.7240280665280665 0.016538187009279087 0.07175675675675676
20 0.1882583868665239 0.7250467775467776 0.015346181299072092 0.06547817047817048
15 0.20124197002141328 0.7257952182952183 0.007765881513204854 0.03579002079002079
1 0.1218112062812277 0.7261434511434511 0.004507494646680942 0.03024948024948025
15 0.7508333333333334 0.726533264033264 0.007019985724482513 0.03518711018711019
1 0.6841720199857244 0.7278170478170478 0.004318344039971449 0.02735966735966736
20 0.3709314775160599 0.7291787941787942 0.017380442541042113 0.0675051975051975
15 0.6684850107066381 0.7331029106029107 0.005778015703069237 0.027536382536382534
20 0.7388187009279087 0.7340800415800415 0.01582441113490364 0.07107068607068608
20 0.7885135617416131 0.7343555093555094 0.015285510349750177 0.06954261954261955
1 0.7758618843683084 0.7365956340956341 0.004971448965024982 0.028284823284823287
15 0.8011099214846539 0.7384355509355509 0.0069307637401855825 0.031964656964656966
20 0.8524839400428265 0.7400571725571725 0.014746609564596717 0.06847193347193348
1 0.5805638829407566 0.7433627858627859 0.006238401142041399 0.0335031185031185
20 0.9085670949321912 0.7469178794178793 0.016991434689507496 0.06556133056133057
15 0.9208529621698787 0.7467879417879417 0.006588151320485368 0.03411642411642412
15 0.6020003568879372 0.7528066528066528 0.005571020699500356 0.02952182952182952
15 0.5892041399000714 0.7531133056133056 0.004960742326909351 0.030135135135135133
15 0.5952962169878658 0.7534199584199583 0.005724482512491078 0.030748440748440745
15 0.6271448965024982 0.7543087318087318 0.005895788722341185 0.030446985446985445
1 0.6591523911491791 0.7546569646569646 0.004957173447537474 0.029064449064449067
15 0.6517344753747324 0.7556185031185031 0.005110635260528194 0.028908523908523907
1 0.640901142041399 0.7590436590436591 0.00485724482512491 0.02952182952182952
1 0.5567380442541042 0.7587058212058212 0.004982155603140614 0.02676715176715177
1 0.6095306923625982 0.7612110187110187 0.004928622412562455 0.02554054054054054
15 0.634507494646681 0.7627130977130977 0.00563169164882227 0.026465696465696468
15 0.6158565310492505 0.7630197505197505 0.0047323340471092075 0.02707900207900208
15 0.6759867951463241 0.7645945945945946 0.004364739471805853 0.028149688149688146
15 0.6689561027837259 0.7686746361746362 0.004578872234118487 0.027993762993762994
15 0.7088008565310492 0.7705613305613306 0.005039257673090649 0.029688149688149687
15 0.3313936473947181 0.7706185031185031 0.007541042112776588 0.03811850311850312
15 0.7153443968593861 0.770483367983368 0.005278372591006423 0.02953222453222453
15 0.6903693790149893 0.7748388773388774 0.004578872234118487 0.027848232848232846
20 0.9696573875802998 0.7801299376299377 0.008551034975017845 0.03843035343035343
1 0.5695574589578872 0.7820478170478171 0.003497501784439686 0.023555093555093554
1 0.562849750178444 0.7845790020790021 0.005071377587437545 0.028617463617463618
15 0.38247323340471095 0.7871881496881497 0.007630264097073519 0.03383575883575883
15 0.7211652391149179 0.7922869022869022 0.00407209136331192 0.0274012474012474
1 0.5956834403997145 0.7938461538461538 0.007926481084939329 0.036756756756756756
15 0.8721770164168452 0.7953898128898128 0.006309778729478944 0.03568607068607069
1 0.3768433261955746 0.7960966735966736 0.005649536045681656 0.028783783783783785
1 0.5851463240542469 0.7975259875259876 0.0075517487508922196 0.044116424116424115
1 0.9198572448251249 0.7969386694386694 0.005310492505353319 0.030467775467775467
15 0.6175249821556031 0.7989085239085238 0.005214132762312634 0.028170478170478172
1 0.6651356174161314 0.8017203742203742 0.0062169878658101365 0.02755717255717256
15 0.865669164882227 0.8032224532224532 0.005428265524625268 0.02848232848232848
1 0.9605888650963598 0.8060343035343035 0.005403283369022127 0.027869022869022868
15 0.629710920770878 0.808497920997921 0.0053176302640970735 0.02863825363825364
15 0.6111277658815133 0.811964656964657 0.005267665952890792 0.027255717255717255
1 0.6045003568879371 0.8126195426195426 0.004860813704496788 0.026486486486486487
1 0.5732958600999286 0.8131600831600831 0.004550321199143469 0.027567567567567567
15 0.9480977872947894 0.8143866943866944 0.005403283369022127 0.03002079002079002
15 0.9538793718772306 0.8147349272349272 0.005546038543897216 0.02863825363825364
15 0.9758654532476803 0.8163565488565488 0.004550321199143469 0.027723492723492726
9 0.6533083511777301 0.8171881496881497 0.01753747323340471 0.07096673596673596
1 0.45539614561027836 0.8237422037422037 0.005010706638115632 0.03002079002079002
1 0.11389900071377587 0.8268970893970894 0.005813704496788009 0.12364864864864865
1 0.2542273376159886 0.8278274428274428 0.008097787294789436 0.12343035343035343
1 0.6714364739471805 0.8281340956340956 0.005256959314775161 0.030488565488565485
1 0.28844932191291933 0.8297037422037422 0.03157387580299786 0.09807692307692308
1 0.14745182012847965 0.8301507276507276 0.0315203426124197 0.09897089397089397
1 0.6650463954318344 0.8311746361746362 0.005324768022840828 0.028253638253638254
15 0.6249018558172733 0.8383887733887734 0.00426481084939329 0.02604989604989605
1 0.47837972876516777 0.8386954261954263 0.004582441113490364 0.02666320166320166
1 0.49153997144896505 0.8396881496881496 0.005206995003568879 0.028648648648648647
1 0.4973857958600999 0.8409251559251559 0.005478229835831549 0.026964656964656965
9 0.6948215560314062 0.8434251559251559 0.010628122769450393 0.0673076923076923
15 0.6125035688793719 0.8443503118503118 0.005164168451106353 0.027577962577962578
1 0.9419807280513918 0.847120582120582 0.005303354746609565 0.02896049896049896
15 0.9478872234118487 0.847120582120582 0.004982155603140614 0.02896049896049896
15 0.9540007137758745 0.8475363825363825 0.005074946466809422 0.025634095634095633
15 0.9759564596716631 0.8471881496881497 0.0054461099214846535 0.027016632016632014
1 0.9696556031406138 0.8481288981288981 0.004978586723768736 0.02681912681912682
15 0.6836705924339758 0.8511278586278586 0.005456816559600285 0.02865904365904366
1 0.787066381156317 0.8519126819126819 0.031663097787294786 0.09675675675675675
1 0.7526820128479657 0.8522609147609148 0.0335581727337616 0.09537422037422037
20 0.17122591006423982 0.8599688149688149 0.008404710920770879 0.038024948024948026
20 0.21326909350463955 0.8635031185031186 0.008265524625267666 0.03885654885654886
20 0.3762366167023554 0.8646101871101871 0.01300142755174875 0.04522869022869023
15 0.6679693076374019 0.8649168399168399 0.005460385438972163 0.027130977130977132
20 0.3207387580299786 0.8646309771309771 0.008358315488936474 0.03695426195426195
9 0.592441113490364 0.8683939708939709 0.030706638115631693 0.05903326403326403
15 0.674155960028551 0.873970893970894 0.004985724482512491 0.026528066528066527
20 0.6247251962883654 0.8813409563409563 0.01033547466095646 0.03711018711018711
20 0.8356209850107066 0.8831496881496882 0.008857958600999286 0.03864864864864865
20 0.6339132762312634 0.8838045738045738 0.009439685938615274 0.03787941787941788
1 0.6105032119914348 0.8845218295218295 0.0040185581727337615 0.02683991683991684
20 0.8529336188436831 0.8840800415800416 0.009221984296930764 0.03635135135135135
20 0.9085992148465382 0.8872297297297297 0.009204139900071377 0.038492723492723493
15 0.180262312633833 0.8887162162162162 0.00506423982869379 0.028991683991683993
15 0.6168790149892933 0.8888357588357588 0.004635974304068522 0.02715176715176715
15 0.6482119914346895 0.8903690228690229 0.005203426124197002 0.030218295218295218
1 0.3091952177016417 0.8921413721413721 0.005970735189150607 0.029604989604989605
1 0.3376249107780157 0.893024948024948 0.005014275517487509 0.029293139293139293
1 0.36562633832976443 0.8942983367983368 0.00605638829407566 0.02976091476091476
15 0.6680906495360457 0.8960343035343036 0.0049892933618843685 0.026995841995841995
15 0.17096895074946467 0.89741683991684 0.005749464668094218 0.02976091476091476
15 0.1964097073518915 0.8977650727650728 0.00595289079229122 0.02837837837837838
15 0.20197180585296215 0.8970738045738046 0.004942897930049964 0.026995841995841995
15 0.2224250535331906 0.898497920997921 0.005877944325481798 0.03192307692307692
15 0.32459136331192007 0.9018035343035342 0.005356887937187723 0.030218295218295218
15 0.30323340471092075 0.9014241164241164 0.005467523197715918 0.02945945945945946
15 0.33156852248394003 0.902079002079002 0.005749464668094218 0.028690228690228692
15 0.35292648108493935 0.9026923076923077 0.004925053533190578 0.029916839916839917
15 0.3590810135617416 0.9033471933471934 0.005813704496788009 0.029147609147609145
15 0.38089043540328343 0.9048908523908524 0.005892219842969308 0.02807692307692308
1 0.7131245538900784 0.905 0.005835117773019273 0.030374220374220374
15 0.5692184154175589 0.906049896049896 0.006388294075660242 0.026237006237006234
15 0.1379568165596003 0.9083367983367984 0.0061063526052819415 0.030810810810810812
15 0.6743272662384011 0.9091268191268191 0.005328336902212705 0.02823284823284823
15 0.6867951463240543 0.909402286902287 0.0052819414703783015 0.026704781704781706
4 0.4450892219842969 0.9100363825363825 0.10074232690935045 0.09034303534303534
15 0.6805157030692363 0.9100155925155925 0.00485724482512491 0.02793139293139293
15 0.7285528194147037 0.9115904365904366 0.005285510349750179 0.029002079002079
1 0.08384903640256959 0.912047817047817 0.004957173447537474 0.029916839916839917
15 0.07761777301927196 0.9120738045738045 0.00605638829407566 0.027889812889812887
1 0.8700553176302641 0.9134719334719335 0.005635260528194147 0.030686070686070686
1 0.8978390435403283 0.9140956340956341 0.00552819414703783 0.027775467775467775
1 0.9257369735902926 0.9143607068607069 0.00493576017130621 0.030384615384615385
15 0.7065346181299073 0.9147089397089397 0.00550321199143469 0.029002079002079
15 0.7209653818700927 0.9153222453222453 0.005813704496788009 0.030228690228690226
15 0.8277391149179157 0.9196361746361746 0.005228408279800143 0.03054054054054054
15 0.8914935760171306 0.9209511434511435 0.0056852248394004285 0.02901247401247401
15 0.8573572448251249 0.9216060291060292 0.005221270521056388 0.028243243243243246
15 0.863718772305496 0.9216060291060292 0.005096359743040685 0.028243243243243246
15 0.8852266238401143 0.9212214137214138 0.005999286224125624 0.027474012474012474
15 0.9133386866523913 0.9227962577962578 0.005835117773019273 0.028544698544698547
15 0.11946466809421842 0.9228118503118503 0.005524625267665953 0.028575883575883573
15 0.1316452533904354 0.9228118503118503 0.004903640256959315 0.028575883575883573
15 0.9195485367594575 0.923456340956341 0.004693076374018558 0.027785862785862786
1 0.1072180585296217 0.9251143451143452 0.0045860099928622415 0.029022869022869026
15 0.0918629550321199 0.9255925155925155 0.0052819414703783015 0.0279002079002079
15 0.24067808708065666 0.9263773388773389 0.005267665952890792 0.02946985446985447
1 0.24733226266952177 0.9263773388773389 0.005014275517487509 0.02946985446985447
15 0.27076909350463957 0.9263409563409564 0.004778729478943612 0.027318087318087318
1 0.2643486795146324 0.9269906444906445 0.004785867237687366 0.030696465696465697
15 0.27695217701641683 0.9273388773388773 0.005010706638115632 0.029313929313929312
1 0.161539971448965 0.9269594594594595 0.005449678800856531 0.028555093555093555
15 0.1742755174875089 0.9280405405405405 0.005224839400428265 0.02655925155925156
15 0.16744289793004996 0.9285343035343036 0.005121341898643826 0.029625779625779627
1 0.18930585296216987 0.9288825363825364 0.006020699500356888 0.028243243243243246
15 0.2282619557458958 0.9298024948024949 0.005417558886509636 0.030083160083160084
15 0.6448965024982155 0.9305821205821206 0.004996431120628123 0.027484407484407485
15 0.23451641684511063 0.9303846153846154 0.005792291220556745 0.029168399168399167
1 0.222121698786581 0.9307328482328483 0.005271234832262669 0.027785862785862786
15 0.6504657387580299 0.9321569646569646 0.005428265524625268 0.028555093555093555
1 0.3468379728765168 0.9326247401247401 0.004168451106352605 0.025332640332640332
15 0.30310314061384724 0.9335498960498961 0.005206995003568879 0.02926195426195426
15 0.33144896502498217 0.9335966735966736 0.005510349750178444 0.027276507276507274
15 0.32515881513204853 0.9332848232848233 0.00506423982869379 0.026652806652806654
15 0.3530317630264097 0.9335446985446986 0.0051356174161313346 0.027172557172557173
1 0.3188508208422555 0.9338513513513513 0.00529621698786581 0.027785862785862786
15 0.3594789436117059 0.934054054054054 0.005182012847965739 0.02819126819126819
15 0.621250892219843 0.9353170478170478 0.00552819414703783 0.02655925155925156
1 0.3745877944325482 0.9351195426195427 0.005421127765881513 0.028243243243243246
15 0.6084814418272662 0.934927234927235 0.004257673090649536 0.02993762993762994
15 0.6570253390435403 0.9356237006237007 0.004271948608137045 0.027172557172557173
15 0.38059064953604566 0.9363929313929313 0.004578872234118487 0.02871101871101871
15 0.6338722341184868 0.9365436590436591 0.005788722341184867 0.02901247401247401
1 0.6679157744468237 0.9365436590436591 0.0046395431834403995 0.02901247401247401
1 0.8339471805852962 0.9361642411642412 0.005510349750178444 0.028253638253638254
15 0.5809850107066381 0.9368191268191268 0.004225553176302641 0.027484407484407485
1 0.5747608850820842 0.9370841995841996 0.0053390435403283375 0.030093555093555092
15 0.5687062812276945 0.938045738045738 0.004650249821556031 0.02993762993762994
15 0.6024482512491077 0.9393607068607068 0.004325481798715203 0.028409563409563406
15 0.6740774446823697 0.9408991683991684 0.004828693790149893 0.02732848232848233
1 0.6864025695931477 0.9415124740124741 0.005210563882940757 0.028555093555093555
15 0.6803551034975018 0.9424324324324325 0.005963597430406853 0.030395010395010393
1 0.5901605995717345 0.9420945945945945 0.0054461099214846535 0.02764033264033264
1 0.6992184154175589 0.9420945945945945 0.006573875802997859 0.02764033264033264
15 0.7691399000713777 0.9443295218295219 0.005089221984296931 0.027952182952182953
15 0.7624625267665953 0.9449428274428274 0.00529621698786581 0.02917879417879418
1 0.7964436117059244 0.9452494802494803 0.005449678800856531 0.02979209979209979
15 0.8032084225553177 0.9458679833679833 0.00470378301213419 0.026871101871101873
15 0.7066541755888651 0.9470686070686071 0.005028551034975018 0.025114345114345113
15 0.7348322626695217 0.9470634095634096 0.005710206995003569 0.02718295218295218
15 0.7283565310492506 0.9477130977130978 0.005606709493219129 0.03056133056133056
1 0.7223233404710921 0.9473700623700624 0.005674518201284797 0.027796257796257794
1 0.7500910064239829 0.9483679833679834 0.004821556031406138 0.02979209979209979
15 0.7562455389007852 0.9482900207900208 0.004282655246252677 0.02963617463617464
1 0.7747769450392578 0.9486382536382537 0.00565667380442541 0.028253638253638254
15 0.7814257673090649 0.9502182952182953 0.0053925767309064955 0.029334719334719334
15 0.8280710206995004 0.9513357588357588 0.005178443968593862 0.02741164241164241
15 0.8094682369735904 0.9507952182952183 0.005089221984296931 0.028409563409563406
1 0.8509332619557459 0.952110187110187 0.005221270521056388 0.02688149688149688
15 0.8643665239114917 0.9517983367983368 0.005678087080656674 0.02833679833679834
15 0.857555317630264 0.95260395010395 0.004903640256959315 0.027869022869022868
1 0.8794807280513918 0.9533783783783784 0.005214132762312634 0.02733887733887734
15 0.8909528907922911 0.9526507276507277 0.0053176302640970735 0.02588357588357588
15 0.8855728051391863 0.9536850311850312 0.0052640970735189155 0.027952182952182953
1 0.9069289793004996 0.9533004158004158 0.005149892933618843 0.02718295218295218
15 0.9195199857244825 0.9541476091476091 0.006063526052819414 0.0267983367983368
15 0.9137740899357601 0.9549584199584199 0.005992148465381869 0.02634095634095634