15 0.5224060402684564 0.13992010652463382 0.011255033557046979 0.008202396804260985
15 0.10807046979865773 0.14710386151797603 0.008087248322147652 0.027896138482023967
15 0.09437919463087248 0.14757656458055926 0.004865771812080537 0.028841544607190413
9 0.5625973154362416 0.15300932090545938 0.040630872483221475 0.06900133155792278
15 0.5039026845637584 0.15426098535286284 0.013174496644295302 0.015579227696404793
15 0.5242046979865772 0.1556657789613848 0.008140939597315437 0.00773635153129161
15 0.9026912751677852 0.15605858854860186 0.004040268456375839 0.029826897470039946
1 0.8850201342281879 0.1672237017310253 0.014335570469798657 0.014873501997336884
15 0.5031845637583893 0.1697936085219707 0.011738255033557046 0.012023968042609853
15 0.5232214765100671 0.17005326231691079 0.008859060402684563 0.009880159786950731
1 0.09268456375838925 0.1806924101198402 0.009530201342281878 0.00985352862849534
1 0.038741610738255036 0.1824034620505992 0.005 0.02126498002663116
15 0.5038221476510067 0.1872769640479361 0.008986577181208055 0.007043941411451398
15 0.522741610738255 0.1882290279627164 0.007899328859060402 0.008948069241011984
9 0.4236744966442953 0.19119174434087885 0.11043624161073826 0.1373768308921438
1 0.09321140939597315 0.1975099866844208 0.011926174496644295 0.011531291611185086
15 0.5040604026845638 0.20430093209054595 0.009463087248322148 0.011797603195739014
1 0.09214765100671142 0.21251664447403462 0.008456375838926174 0.012250332889480691
1 0.31006040268456375 0.21724367509986686 0.00804026845637584 0.032356857523302265
15 0.5042986577181208 0.2246404793608522 0.009939597315436243 0.012529960053262318
1 0.09196644295302013 0.23249667110519306 0.008093959731543624 0.01226364846870839
9 0.14968791946308724 0.23363515312916114 0.04971140939597315 0.10774966711051931
15 0.3047751677852349 0.24586551264980028 0.01223489932885906 0.01503328894806924
1 0.09214765100671142 0.24802929427430095 0.008456375838926174 0.008708388814913448
15 0.5019630872483222 0.2486617842876165 0.011979865771812082 0.0073102529960053265
15 0.2384261744966443 0.2583422103861518 0.007053691275167785 0.0266711051930759
15 0.30276510067114093 0.26361517976031956 0.012241610738255032 0.007922769640479362
1 0.09220805369127516 0.26615179760319574 0.00857718120805369 0.01299600532623169
4 0.027936241610738256 0.2731491344873502 0.043791946308724836 0.14683089214380826
1 0.10725503355704698 0.29086551264980026 0.010483221476510067 0.01182423435419441
15 0.19125167785234898 0.29819573901464713 0.012033557046979865 0.013169107856191745
1 0.2880268456375839 0.2988814913448735 0.009610738255033557 0.017203728362183753
1 0.304006711409396 0.2988681757656458 0.009355704697986578 0.04380825565912117
15 0.22166107382550335 0.3120572569906791 0.003053691275167785 0.019587217043941414
15 0.21176174496644293 0.31422103861517975 0.004731543624161074 0.02125166444740346
15 0.19315771812080537 0.3181091877496671 0.010476510067114093 0.007723035952063914
15 0.191996644295302 0.3381757656458056 0.010838926174496643 0.010572569906790947
15 0.3081375838926175 0.34004660452729696 0.0055369127516778525 0.03029294274300932
1 0.2289530201342282 0.34161784287616515 0.01763758389261745 0.017456724367509988
1 0.2550335570469799 0.3434553928095872 0.01476510067114094 0.015805592543275633
15 0.1933255033557047 0.3599933422103862 0.012154362416107381 0.008934753661784287
15 0.2440167785234899 0.36975366178428765 0.006154362416107382 0.025792276964047938
1 0.22621812080536913 0.36985352862849535 0.022906040268456378 0.015339547270306259
9 0.28806375838926174 0.3718575233022636 0.025791946308724834 0.048641810918774966
15 0.2529328859060403 0.3719174434087883 0.0051946308724832215 0.02745672436750999
9 0.9246778523489932 0.37207057256990683 0.037275167785234896 0.12363515312916111
15 0.2635234899328859 0.37301597869507325 0.007583892617449665 0.02699067909454061
15 0.3134026845637584 0.3746138482023968 0.009355704697986578 0.008881491344873501
15 0.3305973154362416 0.37482689747003994 0.010187919463087248 0.011970705725699068
1 0.5269463087248322 0.38071904127829564 0.00691275167785235 0.018428761651131824
15 0.19353020134228188 0.38101198402130493 0.009879194630872484 0.013688415446071904
15 0.5473020134228188 0.3915446071904128 0.008697986577181209 0.010785619174434087
15 0.3353187919463087 0.3921704394141145 0.007550335570469799 0.00937416777629827
15 0.31217785234899326 0.393641810918775 0.009590604026845638 0.006990679094540613
15 0.7094630872483221 0.39892143808255653 0.013557046979865772 0.0122237017310253
15 0.3142248322147651 0.4065579227696405 0.012342281879194632 0.01151797603195739
15 0.33498322147651005 0.40912782956058585 0.010906040268456376 0.00866844207723036
15 0.548261744966443 0.4099334221038615 0.01061744966442953 0.012942743009320907
1 0.5285939597315437 0.4101398135818908 0.01289261744966443 0.016018641810918773
15 0.7540201342281879 0.4110852197070573 0.004684563758389262 0.023235685752330225
1 0.15696308724832214 0.4174833555259653 0.005201342281879195 0.028042609853528626
1 0.7134496644295302 0.41910785619174434 0.017503355704697986 0.015312916111850865
15 0.3362751677852349 0.42567909454061253 0.009463087248322148 0.01247669773635153
15 0.3125 0.42810252996005327 0.014261744966442953 0.01199733688415446
1 0.5229395973154362 0.42795605858854857 0.01097986577181208 0.01436750998668442
1 0.25641946308724833 0.4425166444740346 0.01619463087248322 0.014194407456724368
15 0.27238926174496647 0.44386817576564586 0.005181208053691275 0.0222237017310253
15 0.7529630872483222 0.4445938748335552 0.006597315436241611 0.02633821571238349
1 0.28916442953020133 0.44503328894806926 0.005174496644295302 0.027217043941411452
1 0.28093288590604026 0.4462450066577896 0.004818791946308724 0.026977363515312918
1 0.2978154362416107 0.44593209054593874 0.006369127516778523 0.034340878828229025
1 0.7126979865771813 0.45335552596537954 0.013315436241610738 0.017230359520639147
15 0.5485738255033556 0.46272303595206393 0.011241610738255034 0.009334221038615179
15 0.8518657718120806 0.047463382157123826 0.011114093959731543 0.01503328894806924
1 0.8986677852348994 0.047463382157123826 0.01612751677852349 0.01503328894806924
15 0.21553691275167783 0.47199067909454057 0.010939597315436242 0.009227696404793609
15 0.2859496644295302 0.4757256990679094 0.009483221476510068 0.008708388814913448
1 0.5279261744966443 0.4795406125166445 0.014241610738255034 0.011011984021304926
15 0.5501711409395973 0.48296937416777624 0.010409395973154363 0.007217043941411452
15 0.3125503355704698 0.4839547270306258 0.008993288590604028 0.00918774966711052
15 0.33253691275167785 0.48464047936085214 0.01138255033557047 0.01322237017310253
15 0.2874362416107382 0.4899001331557923 0.007087248322147651 0.007762982689747004
9 0.2507718120805369 0.4918242343541944 0.027718120805369124 0.051557922769640475
1 0.5631979865771812 0.4928295605858855 0.006932885906040269 0.026937416777629827
15 0.21505704697986577 0.4942743009320905 0.00997986577181208 0.0085219707057257
1 0.751006711409396 0.49712383488681755 0.013422818791946308 0.01155792276964048
15 0.5265469798657718 0.49712383488681755 0.010140939597315437 0.01155792276964048
15 0.2868322147651007 0.5015978695073235 0.012590604026845639 0.012516644474034621
9 0.43520134228187923 0.5058122503328895 0.122751677852349 0.27127829560585887
15 0.3300436241610738 0.5090213049267642 0.010422818791946308 0.008721704394141145
9 0.6289932885906041 0.5141677762982689 0.11167785234899329 0.11754993342210386
15 0.21468456375838926 0.5143475366178428 0.01057718120805369 0.011384820239680427
1 0.7502885906040269 0.516577896138482 0.011986577181208054 0.015845539280958724
15 0.2873859060402684 0.5178695073235686 0.012355704697986577 0.0077762982689747
1 0.5251912751677852 0.5259520639147803 0.011456375838926175 0.01062583222370173
15 0.21590939597315434 0.5286218375499334 0.01034228187919463 0.01330226364846871
4 0.02310402684563758 0.5380159786950732 0.04620805369127516 0.37030625832223707
1 0.2726812080536913 0.5413182423435419 0.012476510067114093 0.012063914780292943
9 0.12658389261744968 0.5571970705725698 0.011557046979865771 0.0677896138482024
1 0.8691241610738254 0.0555392809587217 0.006704697986577181 0.031185086551264982
9 0.9233557046979866 0.5597536617842876 0.04134228187919463 0.13681757656458057
1 0.5292046979865772 0.5623635153129161 0.012771812080536913 0.014207723035952064
15 0.7507080536912752 0.5681025299600533 0.012825503355704697 0.009707057256990679
15 0.3331744966442953 0.5717177097203728 0.008630872483221476 0.011611185086551266
15 0.15513758389261745 0.05784287616511318 0.010946308724832213 0.01715046604527297
1 0.5281174496644295 0.5812782956058589 0.011939597315436241 0.012090545938748335
1 0.8234630872483222 0.06016644474034621 0.014711409395973155 0.01647137150466045
15 0.3336510067114094 0.5902729693741678 0.009583892617449664 0.008774966711051931
15 0.5516275167785235 0.6037083888149134 0.009295302013422818 0.009014647137150465
1 0.6663389261744966 0.6091744340878829 0.01187248322147651 0.017283621837549935
15 0.31360738255033555 0.6106058588548602 0.007080536912751678 0.009494007989347537
1 0.5285939597315437 0.6111984021304927 0.01289261744966443 0.010679094540612517
15 0.3336510067114094 0.6122969374167776 0.009583892617449664 0.010213049267643142
15 0.28826174496644297 0.6127696404793609 0.010080536912751677 0.011158455392809588
1 0.6485 0.6165179760319573 0.008409395973154363 0.03463382157123835
1 0.12081208053691274 0.6235752330226365 0.016120805369127515 0.019454061251664448
15 0.5513624161073826 0.6246338215712384 0.0114496644295302 0.01091877496671105
15 0.09653355704697987 0.06328229027962716 0.009174496644295302 0.030692410119840214
15 0.31360738255033555 0.6280426098535287 0.007080536912751678 0.00974700399467377
15 0.2900704697986577 0.6285153129161118 0.012355704697986577 0.010692410119840212
1 0.527744966442953 0.6293675099866843 0.012536912751677853 0.00973368841544607
15 0.33277516778523486 0.6345339547270307 0.011859060402684566 0.01474034620505992
15 0.3117013422818792 0.6393142476697736 0.00863758389261745 0.008322237017310254
15 0.5522147651006711 0.6393808255659121 0.011812080536912753 0.013781624500665779
1 0.527744966442953 0.6454460719041278 0.012536912751677853 0.0125965379494008
1 0.1305503355704698 0.6468641810918775 0.01814765100671141 0.015432756324900133
1 0.11054026845637585 0.6473368841544607 0.018395973154362415 0.01637816245006658
15 0.33253691275167785 0.6477563249001331 0.01138255033557047 0.011890812250332889
15 0.6135805369127517 0.649953395472703 0.005684563758389262 0.03492676431424767
15 0.10639597315436242 0.0666577896138482 0.004738255033557047 0.03211717709720373
15 0.2906812080536913 0.6524900133155792 0.01223489932885906 0.010705725699067909
15 0.5507046979865772 0.6577230359520639 0.010134228187919463 0.007856191744340879
15 0.3135805369127517 0.6580292942743009 0.009711409395973154 0.013794940079893474
1 0.5081543624161073 0.6581824234354194 0.014966442953020135 0.011438082556591211
15 0.3561073825503356 0.659034620505992 0.008859060402684563 0.01047936085219707
15 0.5530369127516779 0.6748934753661785 0.014798657718120806 0.010239680426098536
15 0.7500369127516779 0.6780093209054594 0.012825503355704697 0.013808255659121171
1 0.12789261744966443 0.6945206391478029 0.015516778523489934 0.046830892143808256
1 0.4985704697986577 0.7007123834886818 0.0051946308724832215 0.02992010652463382
1 0.4878187919463087 0.7014513981358188 0.0065100671140939596 0.02873501997336884
15 0.7507785234899329 0.7023901464713715 0.011624161073825504 0.009307589880159787
15 0.42527852348993284 0.7052929427430092 0.006261744966442953 0.023102529960053263
1 0.4355201342281879 0.7062450066577896 0.0066107382550335565 0.025006657789613848
15 0.45219127516778523 0.7067709720372836 0.005053691275167785 0.020732356857523303
15 0.4433489932885906 0.7067177097203728 0.004818791946308724 0.02595206391478029
15 0.4618255033557047 0.7090945406125166 0.005530201342281879 0.030705725699067907
1 0.4157147651006711 0.7111917443408788 0.004583892617449664 0.026910785619174434
1 0.8966208053691275 0.07232356857523302 0.013375838926174496 0.011491344873501999
1 0.10986577181208053 0.7234420772303595 0.006308724832214765 0.03543275632490013
9 0.06454026845637584 0.7379760319573901 0.03109395973154362 0.08580559254327563
1 0.7078288590604027 0.7453195739014647 0.016999999999999998 0.012609853528628496
15 0.3330268456375839 0.7461451398135819 0.006993288590604027 0.030239680426098536
15 0.3231208053691275 0.7466178428761652 0.003288590604026846 0.031185086551264982
15 0.31492281879194634 0.7472902796271639 0.005684563758389262 0.024540612516644474
15 0.3431644295302013 0.7487150466045273 0.005791946308724833 0.027390146471371505
15 0.35146979865771816 0.7501930758988016 0.004953020134228188 0.025019973368841545
15 0.47995637583892614 0.7525033288948069 0.004208053691275167 0.024314247669773636
15 0.48985570469798656 0.7533888149134487 0.002530201342281879 0.020758988015978697
15 0.4974161073825503 0.7546671105193076 0.0028859060402684563 0.025978695073235688
15 0.5066040268456377 0.7546671105193076 0.005154362416107382 0.025978695073235688
9 0.4480167785234899 0.7631225033288949 0.026234899328859064 0.05354194407456724
1 0.12259060402684563 0.7646338215712384 0.02102013422818792 0.0325965379494008
1 0.7081744966442953 0.7692476697736352 0.019033557046979864 0.017856191744340878
15 0.14615771812080539 0.7746471371504661 0.013120805369127518 0.015339547270306259
1 0.29524496644295306 0.77534620505992 0.015993288590604025 0.05402130492676432
1 0.27703355704697985 0.7760852197070573 0.01312751677852349 0.05283621837549934
1 0.1838993288590604 0.7786351531291611 0.014778523489932886 0.01266311584553928
1 0.16473825503355705 0.7798468708388815 0.01538255033557047 0.012423435419440746
15 0.21592953020134228 0.7819041278295606 0.014409395973154361 0.013874833555259654
1 0.48575503355704697 0.7872569906790946 0.011778523489932887 0.008601864181091877
15 0.31484228187919466 0.7879693741677762 0.006865771812080537 0.02600532623169108
15 0.2022281879194631 0.7940279627163782 0.0057986577181208055 0.0248069241011984
15 0.21683221476510067 0.7981225033288948 0.009503355704697987 0.014354194407456724
15 0.1583255033557047 0.07932090545938748 0.009268456375838927 0.012170439414114515
15 0.17756711409395973 0.08086551264980027 0.01285234899328859 0.01525965379494008
15 0.750993288590604 0.8021371504660453 0.014738255033557048 0.011731025299600533
1 0.14783221476510067 0.8035552596537949 0.01646979865771812 0.014567243675099865
15 0.19368456375838924 0.8048268974700399 0.006161073825503355 0.022436750998668445
15 0.5081241610738255 0.8087949400798934 0.0041677852348993285 0.025046604527296935
15 0.5000302013422818 0.8106924101198403 0.008114093959731544 0.028841544607190413
15 0.5176241610738255 0.8106924101198403 0.0057181208053691274 0.028841544607190413
1 0.41840268456375834 0.8106058588548601 0.005932885906040269 0.0233422103861518
15 0.5264060402684564 0.8108854860186419 0.005832214765100671 0.021238348868175765
15 0.5356241610738255 0.8122636484687084 0.005476510067114094 0.029320905459387484
15 0.5668624161073825 0.8226364846870838 0.004865771812080537 0.02077230359520639
4 0.028023489932885906 0.8456724367509987 0.05604697986577181 0.22929427430093208
9 0.17411744966442952 0.8472103861517976 0.023402684563758387 0.04595206391478029
1 0.618510067114094 0.8578695073235686 0.01822818791946309 0.01933422103861518
1 0.467251677852349 0.8638814913448735 0.013697986577181208 0.012716378162450068
1 0.4501577181208054 0.8643608521970706 0.009040268456375839 0.013675099866844207
15 0.745728187919463 0.8750066577896138 0.004208053691275167 0.026977363515312918
15 0.7543791946308726 0.8775033288948069 0.005402684563758389 0.03197070572569907
1 0.6129328859060402 0.8922769640479361 0.007073825503355704 0.029560585885486018
15 0.6307852348993289 0.9019174434087883 0.011906040268456375 0.01155792276964048
15 0.7896308724832214 0.9102063914780294 0.00610738255033557 0.030798934753661782
1 0.023382550335570473 0.9191344873501998 0.010523489932885906 0.019360852197070573
1 0.7550201342281879 0.9250199733688416 0.013395973154362417 0.049773635153129166
15 0.5499530201342282 0.9309254327563249 0.005946308724832214 0.0296271637816245
15 0.5368422818791946 0.09334221038615179 0.013281879194630872 0.016245006657789614
9 0.531510067114094 0.9356058588548601 0.007986577181208054 0.033661784287616514
1 0.13551006711409397 0.9578295605858855 0.00793288590604027 0.02218375499334221
1 0.899731543624161 0.09788282290279628 0.014228187919463087 0.009347536617842876
9 0.7893221476510066 0.10214380825565914 0.024281879194630873 0.09509986684420772
9 0.7089798657718122 0.10699733688415444 0.0676241610738255 0.09415446071904127
1 0.09498993288590604 0.10954727030625831 0.00474496644295302 0.030013315579227696
15 0.15556040268456375 0.11063914780292944 0.005080536912751678 0.029533954727030624
15 0.18061744966442952 0.11311584553928096 0.00687248322147651 0.02383488681757656
15 0.8998087248322147 0.11346870838881491 0.011697986577181208 0.013888149134487349
15 0.16349328859060402 0.11401464713715047 0.004838926174496644 0.030958721704394142
15 0.17220469798657717 0.11454061251664446 0.006154362416107382 0.026684420772303593
15 0.5035570469798657 0.11615845539280958 0.011140939597315437 0.011278295605858855
15 0.5248154362416108 0.12027296937416777 0.008020134228187918 0.01151797603195739
9 0.6446140939597316 0.1238948069241012 0.03151006711409396 0.12528628495339547
15 0.5054966442953021 0.13249667110519306 0.012335570469798657 0.01199733688415446