1 0.6410680379746835 0.34385196374622357 0.005237341772151899 0.07138972809667674
1 0.9602650316455696 0.34962235649546825 0.0051819620253164556 0.08293051359516616
1 0.9536946202531645 0.35315709969788517 0.0054905063291139245 0.07187311178247734
20 0.630975079113924 0.35457703927492445 0.011159018987341772 0.09283987915407856
1 0.9724584651898734 0.35421450151057404 0.005043512658227848 0.07398791540785497
20 0.6175870253164557 0.35389728096676737 0.012072784810126582 0.09148036253776436
1 0.9660680379746834 0.355785498489426 0.004920886075949367 0.07712990936555891
1 0.5457337816455696 0.3857099697885196 0.003651107594936709 0.052386706948640484
15 0.6070767405063291 0.38620845921450153 0.004501582278481013 0.0715105740181269
1 0.56078125 0.3894561933534743 0.0036827531645569622 0.0538368580060423
1 0.18008504746835444 0.4037311178247734 0.011277689873417722 0.1307250755287009
1 0.9044976265822785 0.4211027190332326 0.004406645569620254 0.06879154078549848
1 0.5884355221518988 0.42134441087613295 0.004402689873417722 0.07531722054380664
1 0.5992642405063291 0.42403323262839876 0.0054905063291139245 0.07465256797583082
15 0.012697784810126582 0.43167673716012084 0.004825949367088607 0.07181268882175226
1 0.14598299050632912 0.44859516616314205 0.005573575949367088 0.06939577039274925
1 0.1400751582278481 0.45089123867069486 0.004833860759493671 0.07398791540785497
1 0.8288844936708861 0.45108761329305136 0.005079113924050633 0.06833836858006043
1 0.15190071202531646 0.4511480362537765 0.004750791139240506 0.08054380664652568
1 0.15811115506329113 0.45388217522658614 0.005304588607594937 0.06788519637462236
1 0.8091890822784811 0.4511933534743202 0.004454113924050633 0.06854984894259819
1 0.12087420886075949 0.4542296072507553 0.005197784810126583 0.06858006042296072
1 0.16518591772151897 0.45448640483383684 0.005213607594936709 0.06909365558912386
15 0.12752175632911392 0.454441087613293 0.005043512658227848 0.0750453172205438
15 0.03645371835443038 0.4526132930513595 0.004869462025316456 0.07138972809667674
1 0.13368670886075948 0.4538972809667674 0.005506329113924051 0.07395770392749244
15 0.018914161392405062 0.4563897280966767 0.004600474683544304 0.06685800604229607
15 0.030310522151898733 0.4545166163141994 0.0044501582278481016 0.06915407854984894
15 0.02453520569620253 0.45670694864048333 0.004766613924050633 0.07353474320241692
15 0.042308148734177216 0.45471299093655587 0.00471123417721519 0.06954682779456194
15 0.0483504746835443 0.4565861027190332 0.00571993670886076 0.07933534743202418
15 0.6134058544303798 0.4678851963746224 0.004501582278481013 0.0656797583081571
15 0.6197646360759494 0.46651057401812684 0.004560917721518987 0.0689728096676737
15 0.6068532436708861 0.4677643504531722 0.005636867088607595 0.07148036253776435
1 0.9601186708860758 0.48661631419939577 0.004098101265822785 0.07293051359516617
15 0.9657772943037976 0.48815709969788523 0.004339398734177215 0.06996978851963746
15 0.9722191455696202 0.4882930513595166 0.0045648734177215185 0.0702416918429003
1 0.9487658227848101 0.48933534743202417 0.005917721518987342 0.07836858006042297
15 0.9545925632911393 0.49907854984894257 0.004121835443037974 0.05555891238670695
1 0.5095253164556962 0.5239577039274924 0.004018987341772152 0.05093655589123867
1 0.5155221518987342 0.523429003021148 0.003354430379746836 0.05592145015105741
1 0.504881329113924 0.5238066465256798 0.0034335443037974683 0.0506344410876133
1 0.5218928006329114 0.5250755287009063 0.004228639240506329 0.05317220543806647
1 0.7967622626582278 0.53797583081571 0.0041257911392405065 0.07293051359516617
1 0.8223457278481012 0.540453172205438 0.004659810126582278 0.06580060422960725
15 0.7906962025316456 0.5416012084592146 0.004651898734177215 0.06809667673716012
15 0.8084473892405064 0.5417673716012085 0.005344145569620253 0.06842900302114803
15 0.8152116297468355 0.5403474320241691 0.005423259493670886 0.07163141993957704
15 0.8029311708860759 0.5419486404833836 0.004596518987341772 0.06879154078549848
15 0.6265743670886076 0.5811329305135952 0.004731012658227849 0.06861027190332326
1 0.5804291930379747 0.5825377643504531 0.0034216772151898734 0.04725075528700907
1 0.9806606012658229 0.5870090634441087 0.004833860759493671 0.0622356495468278
1 0.5099268196202532 0.5928549848942598 0.004030854430379747 0.049758308157099695
1 0.504910996835443 0.5958308157099698 0.004284018987341772 0.055709969788519643
15 0.9749030854430379 0.596570996978852 0.003603639240506329 0.05114803625377643
1 0.5151364715189873 0.5999093655589124 0.004956487341772151 0.06386706948640483
15 0.9701087816455696 0.5995619335347432 0.0035087025316455694 0.05108761329305136
1 0.5211847310126583 0.6044712990936556 0.005185917721518987 0.07299093655589124
1 0.8661372626582278 0.6064652567975831 0.004426424050632911 0.06489425981873112
1 0.8832950949367088 0.6063595166163143 0.003931962025316455 0.06468277945619336
1 0.877060917721519 0.6067522658610273 0.004121835443037974 0.06546827794561934
20 0.9051720727848102 0.6135347432024169 0.012084651898734177 0.09716012084592145
9 0.6144659810126581 0.6132326283987916 0.01057753164556962 0.07238670694864048
1 0.5315387658227848 0.6330815709969789 0.0037420886075949372 0.057703927492447134
1 0.5267009493670886 0.6337462235649547 0.002768987341772152 0.04694864048338368
1 0.6020233386075949 0.6466616314199396 0.007844145569620252 0.13320241691842902
1 0.6331526898734177 0.651963746223565 0.0036471518987341773 0.047129909365558914
15 0.6429193037974683 0.65 0.003401898734177215 0.04924471299093656
15 0.6381665348101266 0.6507552870090635 0.0033900316455696203 0.05075528700906345
15 0.9704252373417722 0.6577945619335347 0.003350474683544304 0.04670694864048339
15 0.9750118670886075 0.6597432024169184 0.0030300632911392407 0.05060422960725076
15 0.6260166139240506 0.6625226586102718 0.004406645569620254 0.06824773413897281
1 0.5791693037974684 0.665 0.0040664556962025315 0.049033232628398794
1 0.8951522943037975 0.6761027190332326 0.004703322784810127 0.06519637462235649
1 0.5144521360759494 0.6813141993957703 0.004378955696202532 0.06957703927492448
1 0.8759928797468355 0.6900906344410875 0.004359177215189873 0.06900302114803625
1 0.531904667721519 0.6970543806646525 0.0036827531645569622 0.052719033232628394
9 0.8188666930379747 0.7001208459214502 0.01827136075949367 0.13740181268882173
15 0.9077650316455695 0.7077190332326284 0.005403481012658228 0.06196374622356496
15 0.9016633702531647 0.7108006042296072 0.005067246835443038 0.06812688821752266
15 0.9796301424050633 0.7289123867069487 0.0035640822784810127 0.04996978851963746
15 0.9840901898734178 0.7321752265861027 0.002990506329113924 0.05045317220543807
15 0.9888251582278481 0.7329305135951661 0.0029667721518987344 0.0459214501510574
1 0.973928006329114 0.7386858006042296 0.004818037974683544 0.07555891238670695
1 0.9163746044303797 0.7446827794561934 0.008382120253164557 0.1298489425981873
1 0.6080399525316456 0.7607552870090635 0.004054588607594937 0.06531722054380665
15 0.6260838607594936 0.7615861027190333 0.004541139240506329 0.06697885196374623
1 0.5469382911392405 0.7898640483383685 0.003686708860759494 0.051027190332326285
15 0.5409928797468355 0.7979456193353475 0.004454113924050633 0.06719033232628398
1 0.9835818829113924 0.8248036253776435 0.0067207278481012656 0.09069486404833836
9 0.6371815664556962 0.841404833836858 0.010122626582278482 0.11181268882175226
9 0.571123417721519 0.8629607250755287 0.010126582278481013 0.1126283987915408
9 0.6148813291139241 0.8811329305135951 0.009825949367088608 0.08250755287009064
1 0.9223002373417721 0.884108761329305 0.006784018987341772 0.08241691842900302
1 0.5817306170886076 0.8892296072507552 0.00285996835443038 0.05036253776435046
15 0.6258306962025316 0.9014954682779456 0.005617088607594936 0.06885196374622356
1 0.8009909018987341 0.9202719033232629 0.004671677215189874 0.07015105740181268
1 0.7946835443037975 0.9185045317220543 0.004715189873417722 0.07265861027190333
1 0.9829964398734177 0.9253776435045318 0.0063409810126582285 0.08640483383685801
1 0.9748951740506329 0.9270543806646526 0.00596123417721519 0.08371601208459215
1 0.4459948575949367 0.25755287009063443 0.0035403481012658226 0.04984894259818731
1 0.46594145569620254 0.2598489425981873 0.0030854430379746835 0.05444108761329305
15 0.4615545886075949 0.26111782477341394 0.0038053797468354427 0.05697885196374622
15 0.4564042721518987 0.2595015105740181 0.0037895569620253165 0.05374622356495468
1 0.14930775316455697 0.2868429003021148 0.00668512658227848 0.08425981873111783
1 0.14082278481012658 0.290785498489426 0.006329113924050633 0.08610271903323263
15 0.031087816455696204 0.2942749244712991 0.005213607594936709 0.07495468277945619