15 0.2785222083852221 0.1178310502283105 0.006608551266085513 0.009634703196347032
15 0.28763179742631795 0.11921803652968037 0.005732669157326692 0.012408675799086758
15 0.14202573682025738 0.12436643835616437 0.0026068908260689083 0.015856164383561643
15 0.14636778746367787 0.12557648401826482 0.0029887920298879204 0.01827625570776256
1 0.4100705687007057 0.13200913242009132 0.007355749273557493 0.012876712328767123
9 0.3089456205894562 0.13309360730593608 0.02511415525114155 0.051575342465753425
15 0.14195101701951016 0.1470890410958904 0.004117891241178912 0.017922374429223745
15 0.13748443337484434 0.14823059360730592 0.0034869240348692405 0.017922374429223745
15 0.40989622249896224 0.15416666666666667 0.007007056870070568 0.013812785388127854
15 0.49426317974263184 0.15470890410958904 0.006376089663760897 0.010331050228310504
1 0.4619198837691989 0.156324200913242 0.007276878372768784 0.011278538812785389
15 0.28775840597758406 0.15794520547945207 0.005985886259858863 0.00995433789954338
9 0.43569530925695305 0.16059360730593608 0.0395101701951017 0.13397260273972603
15 0.49424034869240346 0.16722602739726028 0.007990867579908675 0.012534246575342467
15 0.40989622249896224 0.16801940639269405 0.007007056870070568 0.014121004566210045
1 0.2995060190950602 0.16970319634703196 0.0062349522623495225 0.010639269406392694
15 0.28740556247405563 0.16960045662100456 0.006110419261104193 0.012716894977168951
1 0.30993565794935657 0.17036529680365298 0.007168949771689498 0.009680365296803653
1 0.4620464923204649 0.17099885844748858 0.006699875466998755 0.010947488584474885
1 0.34300539643005395 0.17406963470319636 0.00523038605230386 0.035353881278538814
1 0.4025259443752594 0.18371004566210047 0.003889580738895807 0.022671232876712327
1 0.460662100456621 0.1979109589041096 0.0039310917393109174 0.02139269406392694
15 0.1750975508509755 0.19858447488584477 0.0056537982565379825 0.01132420091324201
15 0.6498962224989622 0.2071917808219178 0.00797011207970112 0.012557077625570776
15 0.6572789539227896 0.20769977168949771 0.006131174761311748 0.011289954337899545
15 0.17499584889995848 0.20975456621004568 0.006280614362806144 0.008550228310502284
15 0.35365089248650894 0.21407534246575344 0.0032752179327521793 0.03089041095890411
15 0.3446077210460772 0.21439497716894979 0.0051141552511415524 0.020114155251141554
15 0.6502532171025321 0.21812785388127856 0.007853881278538814 0.011598173515981735
1 0.4127106683271067 0.21877283105022832 0.0051639684516396845 0.022020547945205478
15 0.657046492320465 0.22012557077625572 0.005666251556662515 0.008744292237442922
1 0.33377750103777504 0.22586757990867581 0.007530095475300955 0.038493150684931504
15 0.17439186384391864 0.2333390410958904 0.005902864259028643 0.012340182648401827
1 0.3656143628061436 0.24993150684931506 0.013088418430884185 0.02041095890410959
9 0.27935865504358653 0.27930365296803655 0.02405562474055625 0.06773972602739727
15 0.49414902449149023 0.2901598173515982 0.006147779161477792 0.01182648401826484
15 0.494609796596098 0.30157534246575346 0.0070693233706932345 0.01182648401826484
1 0.2163470319634703 0.30840753424657535 0.008451639684516397 0.04375570776255708
22 0.18340597758405977 0.31127283105022835 0.026421751764217516 0.07003424657534246
1 0.33313615608136155 0.3361929223744292 0.004586965545869656 0.019417808219178084
1 0.32573059360730594 0.33650684931506847 0.003889580738895807 0.02004566210045662
1 0.30466791199667914 0.3373344748858447 0.004105437941054379 0.019417808219178084
4 0.011587795765877958 0.34086187214611874 0.023175591531755916 0.1292123287671233
1 0.2956330427563304 0.35165525114155255 0.011772519717725197 0.020662100456621008
1 0.11644458281444582 0.35226027397260273 0.010390203403902034 0.015022831050228311
1 0.2778829389788294 0.36174086757990864 0.006160232461602325 0.03398401826484018
15 0.14777708592777086 0.3709703196347032 0.00663760896637609 0.01363013698630137
15 0.14803030303030304 0.39503995433789957 0.007144043171440432 0.011541095890410958
1 0.13442714819427148 0.3981506849315068 0.010655873806558738 0.01776255707762557
1 0.07715857202158571 0.39849885844748856 0.005707762557077625 0.029874429223744295
9 0.3279701120797011 0.4073002283105023 0.04738895807388958 0.1114041095890411
9 0.10692403486924035 0.42746575342465754 0.03202988792029888 0.0969406392694064
9 0.2761519302615193 0.4305079908675799 0.028435035284350353 0.10759132420091325
1 0.14752594437525943 0.44902397260273974 0.010286425902864259 0.012203196347031963
1 0.1341884599418846 0.45068493150684935 0.012669157326691573 0.013242009132420091
1 0.07744914902449149 0.451027397260274 0.009609796596097965 0.013926940639269405
15 0.14831880448318804 0.4644805936073059 0.006890826068908261 0.01115296803652968
1 0.1338480697384807 0.4676255707762557 0.011158156911581568 0.012876712328767123
15 0.32466583644665836 0.4716666666666667 0.004250726442507264 0.01410958904109589
15 0.3293980904939809 0.4753310502283105 0.003752594437525944 0.01687214611872146
15 0.14819219593192196 0.47640981735159815 0.00663760896637609 0.012180365296803653
15 0.0772851805728518 0.47886986301369866 0.005960979659609796 0.012534246575342467
4 0.06303237858032379 0.04845319634703196 0.04387297633872976 0.06265981735159817
4 0.21882523868825238 0.04877283105022831 0.051598173515981734 0.05188356164383562
22 0.18393316728933168 0.48746575342465753 0.02000415110004151 0.07995433789954338
4 0.13946243254462434 0.04896118721461187 0.10125778331257784 0.061392694063926945
15 0.5551286841012869 0.4943835616438356 0.007725197177251971 0.011598173515981735
1 0.08931506849315068 0.49833904109589044 0.011755915317559153 0.014942922374429223
1 0.12409713574097135 0.49819634703196347 0.01241178912411789 0.021506849315068494
1 0.1089456205894562 0.4984760273972603 0.01365711913657119 0.01978310502283105
15 0.08024076380240765 0.49916666666666665 0.0035699460356994604 0.021164383561643834
15 0.09876504773765048 0.49937214611872144 0.004088833540888335 0.017009132420091326
15 0.0416604400166044 0.4990639269406393 0.006940639269406392 0.01182648401826484
15 0.1351681195516812 0.5039041095890411 0.005496056454960565 0.010091324200913241
15 0.26905770029057696 0.5039326484018265 0.0034537152345371523 0.01928082191780822
15 0.5546554586965545 0.5045262557077625 0.007608966376089663 0.009052511415525114
15 0.28150477376504773 0.5064212328767124 0.005101701951017019 0.015125570776255707
15 0.04155873806558738 0.5119634703196347 0.007567455375674554 0.012511415525114157
1 0.5173183893731839 0.5163869863013699 0.010145288501452885 0.014509132420091326
1 0.5296492320464923 0.5172431506849315 0.010730593607305937 0.011655251141552513
15 0.1481299294312993 0.5181164383561644 0.006513075965130759 0.011118721461187215
20 0.2602137816521378 0.5221518264840183 0.011502698215026983 0.035171232876712324
15 0.041307596513075966 0.5254851598173516 0.007065172270651722 0.012157534246575343
15 0.289431299294313 0.5266152968036529 0.004350352843503528 0.014417808219178083
15 0.2694354503943545 0.5294520547945205 0.004209215442092155 0.010958904109589041
15 0.28228310502283105 0.5299372146118722 0.003337484433374844 0.01649543378995434
15 0.6300581154005811 0.5355936073059361 0.0031631382316313823 0.01410958904109589
15 0.633310502283105 0.5355593607305936 0.003856371938563719 0.01632420091324201
1 0.6423349937733499 0.5359132420091324 0.008621834786218347 0.017031963470319635
15 0.05293482772934827 0.5386586757990868 0.007073474470734744 0.01110730593607306
1 0.214634703196347 0.5419406392694064 0.006687422166874221 0.04050228310502283
15 0.2305790784557908 0.5438470319634704 0.006197592361975923 0.010068493150684931
1 0.5210087173100871 0.5537614155251142 0.009223744292237443 0.011632420091324201
15 0.6334267330842673 0.555656392694064 0.004088833540888335 0.013139269406392694
1 0.6425757575757576 0.555216894977169 0.008273142382731424 0.01226027397260274
15 0.6298733914487339 0.5566095890410958 0.0036239103362391036 0.01504566210045662
15 0.30050643420506434 0.5577054794520548 0.0057451224574512245 0.012671232876712329
4 0.014792444997924451 0.5642694063926941 0.025433789954337902 0.30890410958904113
20 0.26081776670817763 0.5691495433789954 0.011880448318804483 0.042408675799086755
15 0.30108343711083435 0.5701198630136987 0.005238688252386882 0.007819634703196347
15 0.2731486093814861 0.5703938356164384 0.003333333333333333 0.0175
1 0.5208821087588211 0.5714497716894977 0.009800747198007472 0.01732876712328767
15 0.04143420506434205 0.6019349315068493 0.007318389373183893 0.01437214611872146
15 0.5341012868410129 0.6408105022831051 0.006351183063511831 0.012214611872146118
15 0.5336965545869655 0.6525399543378996 0.0055417185554171855 0.012842465753424657
9 0.579796596097966 0.6577568493150685 0.03879618098796181 0.08035388127853882
9 0.6584371108343711 0.663972602739726 0.03750518887505189 0.07680365296803653
1 0.42260273972602735 0.6650285388127855 0.00419261104192611 0.017271689497716895
1 0.44528019925280204 0.6653767123287672 0.0030552096305520964 0.015684931506849315
1 0.48959734329597343 0.6649029680365297 0.0028559568285595684 0.01473744292237443
1 0.4419468659194687 0.6660102739726027 0.003860523038605231 0.016952054794520548
1 0.4694229970942299 0.6660102739726027 0.0031880448318804483 0.016952054794520548
1 0.4738065587380656 0.6652511415525114 0.0036529680365296807 0.013150684931506848
1 0.45755500207555 0.6663242009132421 0.0035284350352843504 0.01757990867579909
1 0.4530323785803238 0.6666095890410959 0.004445828144458282 0.020433789954337898
1 0.4184620174346202 0.6665810502283105 0.0033831465338314656 0.022659817351598176
1 0.42624740556247404 0.6661986301369863 0.002349522623495226 0.01504566210045662
1 0.4309194686591947 0.6661986301369863 0.0033914487339144874 0.01504566210045662
1 0.45002075550020754 0.6661986301369863 0.00340390203403902 0.01504566210045662
1 0.4621793275217933 0.6661986301369863 0.003644665836446658 0.01504566210045662
1 0.4851224574512246 0.6661986301369863 0.004699045246990452 0.01504566210045662
1 0.47820257368202573 0.666170091324201 0.0033125778331257786 0.017271689497716895
1 0.4385201328352013 0.6664840182648403 0.002818596928185969 0.017899543378995433
1 0.4340120381901204 0.6668321917808219 0.0029348277293482776 0.016312785388127853
1 0.46558322955583226 0.6668321917808219 0.002150269821502698 0.016312785388127853
1 0.4929659609796596 0.6668321917808219 0.003781652137816521 0.016312785388127853
1 0.5012723121627232 0.6668321917808219 0.0037899543378995437 0.016312785388127853
1 0.49688875051888753 0.6671518264840182 0.0033250311332503114 0.016952054794520548
15 0.5201660440016604 0.6735844748858447 0.0058779576587795765 0.011552511415525114
15 0.5346782897467829 0.6751084474885845 0.007505188875051888 0.0077511415525114155
15 0.5203964300539643 0.6839840182648401 0.006338729763387297 0.014086757990867579
15 0.4260626816106268 0.6846175799086758 0.002810294728102947 0.015353881278538812
15 0.5347011207970113 0.6846175799086758 0.005890410958904109 0.015353881278538812
15 0.44979036944790374 0.6852853881278538 0.0029431299294312993 0.014406392694063927
15 0.4733229555832295 0.6852853881278538 0.004346201743462018 0.014406392694063927
15 0.45916977999169784 0.6855993150684931 0.0026068908260689083 0.015034246575342466
15 0.4695392278953922 0.6859817351598173 0.0034205064342050645 0.011232876712328766
15 0.48881486093814863 0.6855993150684931 0.003781652137816521 0.015034246575342466
15 0.5006724782067248 0.6862671232876711 0.004250726442507264 0.014086757990867579
15 0.41844956413449563 0.6862328767123288 0.004188459941884599 0.0163013698630137
15 0.46201743462017436 0.686615296803653 0.0024906600249066002 0.012499999999999999
15 0.44539643005396434 0.6862043378995434 0.003287671232876712 0.018527397260273974
15 0.4967725197177252 0.6865810502283105 0.003092569530925695 0.01471461187214612
15 0.48200913242009136 0.6869349315068493 0.002623495226234952 0.013139269406392694
15 0.442063096720631 0.6864897260273972 0.0040929846409298466 0.021381278538812786
15 0.4304358655043587 0.6871860730593607 0.004084682440846824 0.018207762557077626
15 0.45363221253632213 0.6875684931506849 0.00398505603985056 0.014406392694063927
15 0.4338833540888335 0.6871232876712329 0.003507679535076795 0.011232876712328766
15 0.4662058945620589 0.6874372146118722 0.0042258198422581985 0.011860730593607307
15 0.49283935242839355 0.6874086757990867 0.0043586550435865505 0.014086757990867579
15 0.48544624325446245 0.6877568493150685 0.0028559568285595684 0.012499999999999999
15 0.4224989622249896 0.6884874429223744 0.00315483603154836 0.018527397260273974
15 0.43829597343295973 0.6891438356164384 0.002370278123702781 0.019840182648401827
15 0.4382793690327937 0.6897545662100457 0.0031672893316728934 0.02106164383561644
1 0.5196928185969282 0.6953310502283105 0.005761726857617269 0.007100456621004566
15 0.4680282274802823 0.7018321917808219 0.005379825653798257 0.008687214611872147
1 0.5137069323370693 0.7023401826484018 0.005413034454130344 0.007420091324200913
15 0.5052635948526359 0.7026255707762558 0.006791199667911996 0.010273972602739725
15 0.426409298464093 0.7053196347031964 0.003503528435035284 0.015662100456621007
15 0.41869240348692405 0.7057933789954338 0.0038439186384391865 0.01660958904109589
15 0.5208821087588211 0.7090296803652968 0.005649647156496471 0.007100456621004566
15 0.46350767953507677 0.7122602739726028 0.006301369863013699 0.008995433789954337
1 0.505747198007472 0.7138755707762557 0.006097965960979659 0.009942922374429225
15 0.5132337069323372 0.7150171232876713 0.0052968036529680365 0.009942922374429225
15 0.520535491905355 0.7195833333333334 0.004956413449564134 0.009942922374429225
1 0.4733229555832295 0.7217066210045663 0.008497301784973018 0.009623287671232876
15 0.5136031548360316 0.7245319634703197 0.004375259443752594 0.006141552511415525
15 0.1603030303030303 0.7299372146118721 0.0034620174346201744 0.016952054794520548
15 0.21396222498962222 0.7302511415525115 0.005342465753424657 0.01757990867579909
15 0.18129514321295143 0.730222602739726 0.003935242839352429 0.019805936073059364
15 0.13632004981320048 0.7305707762557078 0.004479036944790369 0.01821917808219178
15 0.16573474470734745 0.7305365296803653 0.005193026151930262 0.020433789954337898
15 0.21788501452885015 0.7309189497716895 0.004885844748858447 0.0166324200913242
15 0.2247716894977169 0.7305365296803653 0.004545454545454545 0.020433789954337898
15 0.19780199252801992 0.730884703196347 0.002909921129099211 0.01884703196347032
15 0.12410543794105439 0.7312043378995433 0.004126193441261934 0.019486301369863013
15 0.1528165213781652 0.7315867579908676 0.004263179742631797 0.015684931506849315
15 0.20645288501452885 0.7315867579908676 0.0036073059360730592 0.015684931506849315
15 0.13223744292237444 0.7315182648401826 0.0037858032378580322 0.020114155251141554
15 0.19430676629306765 0.7315182648401826 0.0025612287256122873 0.020114155251141554
15 0.20953300124533 0.7319006849315068 0.003955998339559983 0.016312785388127853
15 0.17555209630552096 0.7322203196347031 0.003242009132420091 0.016952054794520548
15 0.1445101701951017 0.7325342465753425 0.004254877542548776 0.01757990867579909
15 0.1488937318389373 0.7325342465753425 0.004719800747198007 0.01757990867579909
15 0.22128684101286844 0.7329166666666667 0.0033872976338729763 0.01377853881278539
15 0.22951224574512244 0.7325342465753425 0.004894146948941469 0.01757990867579909
15 0.14042756330427564 0.7325057077625571 0.003561643835616438 0.019805936073059364
1 0.5202698215026982 0.7324543378995434 0.006915732669157327 0.010570776255707763
15 0.12855749273557493 0.7328538812785388 0.0038978829389788297 0.01821917808219178
15 0.20144873391448734 0.7332020547945205 0.005222083852220839 0.0166324200913242
15 0.41865711913657117 0.7334988584474885 0.0021129099211290993 0.017226027397260275
15 0.42225612287256126 0.7334646118721461 0.0034993773349937733 0.019440639269406396
15 0.5342154420921544 0.733755707762557 0.006579493565794936 0.010890410958904109
15 0.5407907845579079 0.7350856164383561 0.007276878372768784 0.008984018264840183
15 0.46182233291822333 0.73537100456621 0.007911996679119966 0.011837899543378995
1 0.48443129929431294 0.7371746575342466 0.007467828974678289 0.010878995433789954
1 0.4722976338729764 0.7375285388127855 0.009767538397675385 0.00930365296803653
1 0.49375259443752595 0.7397431506849315 0.00701535907015359 0.013732876712328767
15 0.5595350767953507 0.7397146118721462 0.0032544624325446243 0.015958904109589042
1 0.5068098796180988 0.7417408675799086 0.010713989207139892 0.010878995433789954
15 0.5630759651307596 0.7413299086757991 0.00452469904524699 0.016906392694063927
15 0.4615691158156912 0.7487157534246576 0.009066002490660025 0.01341324200913242
1 0.47255085097550853 0.7541381278538812 0.008613532586135326 0.010559360730593607
1 0.4917683686176837 0.7544235159817352 0.008858447488584475 0.01341324200913242
15 0.5141677044416771 0.7547716894977169 0.006334578663345787 0.01182648401826484
15 0.4995184723951847 0.7549600456621005 0.006093814860938148 0.009920091324200913
1 0.19925695309256952 0.7578938356164383 0.004989622249896223 0.02263698630136986
1 0.11876504773765048 0.7585616438356164 0.004238273142382732 0.021689497716894976
1 0.12327521793275219 0.7595433789954338 0.004126193441261934 0.02136986301369863
15 0.5633291822332918 0.759115296803653 0.003370693233706932 0.015947488584474888
15 0.275271897052719 0.7598287671232877 0.0075799086757990875 0.012808219178082192
15 0.2323038605230386 0.759417808219178 0.004665836446658364 0.018835616438356163
1 0.195 0.7604965753424658 0.003947696139476961 0.023276255707762556
15 0.4842818596928186 0.766181506849315 0.005508509755085098 0.011815068493150685
15 0.4921710253217103 0.7657420091324201 0.005512660855126608 0.00865296803652968
15 0.5147343295973432 0.7657420091324201 0.004146948941469489 0.00865296803652968
15 0.4990452469904525 0.7660559360730594 0.005977584059775841 0.00928082191780822
1 0.3042631797426318 0.7665296803652968 0.006616853466168534 0.012511415525114157
1 0.3138252386882524 0.7669121004566211 0.005815691158156912 0.008710045662100456
1 0.47241178912411785 0.7689098173515982 0.009995848899958488 0.014988584474885845
1 0.024711498547114987 0.7760559360730594 0.013723536737235368 0.020148401826484016
15 0.29494188459941884 0.777939497716895 0.0070693233706932345 0.012499999999999999
15 0.31399750933997506 0.7783219178082191 0.006160232461602325 0.008698630136986301
15 0.3047467828974678 0.7799372146118722 0.005923619759236197 0.009646118721461186
15 0.1861332503113325 0.7850399543378996 0.003648816936488169 0.01756849315068493
15 0.23249896222498964 0.7858561643835617 0.003395599833955998 0.01691780821917808
15 0.23634080531340806 0.7858561643835617 0.004437525944375259 0.01691780821917808
15 0.11901826484018264 0.7861700913242009 0.003084267330842673 0.01754566210045662
15 0.12326276463262764 0.7861700913242009 0.004931506849315069 0.01754566210045662
15 0.1951681195516812 0.7863527397260275 0.004283935242839353 0.017910958904109587
15 0.11071191365711913 0.7863641552511416 0.0030759651307596513 0.01565068493150685
1 0.32212951432129516 0.7884018264840182 0.005819842258198422 0.010593607305936073
1 0.33058530510585304 0.7897031963470319 0.007787463677874637 0.01091324200913242
15 0.30403279369032793 0.7900171232876712 0.006156081361560813 0.011541095890410958
15 0.2944811124948111 0.79037100456621 0.006147779161477792 0.009965753424657534
1 0.33785180572851803 0.7903367579908677 0.005716064757160647 0.012180365296803653
15 0.3135139061851391 0.7913527397260274 0.006853466168534663 0.009646118721461186
1 0.3705188875051889 0.8004794520547945 0.007123287671232876 0.009634703196347032
1 0.36103777501037776 0.8014611872146119 0.006425902864259029 0.009315068493150684
15 0.29508094645080946 0.8020947488584474 0.00568700705687007 0.010582191780821917
4 0.5847488584474886 0.08228881278538813 0.14749688667496885 0.048139269406392696
15 0.2939975093399751 0.8115410958904109 0.006841012868410129 0.011210045662100456
15 0.16677459526774596 0.8133390410958904 0.007272727272727273 0.010239726027397261
15 0.3606683271066833 0.8131621004566211 0.0073474470734744704 0.012168949771689497
15 0.3710398505603985 0.8138242009132419 0.008165213781652138 0.011210045662100456
15 0.16695931921959317 0.8266837899543379 0.006811955168119552 0.011815068493150685
15 0.25452054794520546 0.8368892694063927 0.0026068908260689083 0.016244292237442923
15 0.2631714404317144 0.837208904109589 0.0033042756330427564 0.016883561643835615
15 0.16678497301784975 0.8393949771689497 0.006463262764632628 0.012123287671232877
15 0.20926110419261104 0.08460045662100457 0.0034122042341220428 0.01623287671232877
15 0.21312370278123702 0.08501141552511415 0.0036654213366542135 0.019337899543378997
15 0.16688875051888752 0.8532819634703197 0.007501037775010378 0.010216894977168949
15 0.2298609381486094 0.08626141552511415 0.0039310917393109174 0.017271689497716895
15 0.19699252801992528 0.08660388127853881 0.003781652137816521 0.01795662100456621
1 0.4612287256122872 0.10087899543378996 0.00589456205894562 0.01226027397260274
15 0.20118306351183063 0.10514269406392694 0.0030303030303030303 0.01622146118721461
15 0.28793482772934825 0.10638698630136985 0.007999169779991698 0.014143835616438357
15 0.20871938563719386 0.10749429223744292 0.0031589871315898716 0.018641552511415523
15 0.4843441261934413 0.10781963470319635 0.0031423827314238273 0.017009132420091326
15 0.48906185139061853 0.10845319634703196 0.005105853051058531 0.01827625570776256
1 0.48029472810294727 0.10943493150684931 0.004176006641760066 0.01795662100456621
1 0.36862598588625983 0.11105593607305936 0.014130344541303444 0.01891552511415525