15 0.7281865464632455 0.12718192627824018 0.013932038834951456 0.009417360285374553
9 0.45338765603328707 0.12946492271105825 0.013571428571428571 0.025873959571938172
1 0.4662794729542302 0.13177764565992867 0.0074549237170596395 0.02098692033293698
15 0.4212725381414702 0.14674197384066587 0.006206657420249653 0.022378121284185495
15 0.4410228848821082 0.15821640903686088 0.008259361997226076 0.016789536266349582
9 0.08467059639389736 0.19430439952437573 0.044514563106796114 0.04378121284185493
15 0.29408460471567266 0.23702140309155767 0.013966712898751734 0.007931034482758621
15 0.12306518723994453 0.24618906064209273 0.004798890429958391 0.016753864447086802
15 0.12946601941747574 0.24634958382877528 0.005117891816920943 0.019453032104637336
15 0.13539528432732317 0.24597502972651605 0.0044937586685159505 0.0210820451843044
15 0.14179611650485438 0.24743162901307966 0.004812760055478502 0.021617122473246136
15 0.37223647711511787 0.2504280618311534 0.009382801664355062 0.008585017835909632
15 0.1232246879334258 0.2682936979785969 0.005117891816920943 0.020535077288941734
15 0.12994105409153953 0.2704042806183115 0.006067961165048544 0.02
15 0.13608876560332872 0.27077883472057074 0.0044937586685159505 0.018370986920332937
15 0.14248959778085993 0.27131985731272296 0.004812760055478502 0.019453032104637336
15 0.37173370319001386 0.28167657550535075 0.009764216366158113 0.00925089179548157
1 0.06401872399445215 0.30520808561236623 0.04481969486823856 0.07296076099881094
15 0.3723127600554785 0.3105410225921522 0.010922330097087379 0.00990487514863258
9 0.4188938973647711 0.31212841854934603 0.07773231622746186 0.21997621878715815
15 0.29073162274618586 0.3242152199762188 0.005873786407766991 0.015850178359096315
1 0.227125520110957 0.3268608799048751 0.006262135922330096 0.021141498216409038
1 0.20789528432732318 0.3291082045184304 0.006636615811373093 0.01850178359096314
15 0.37254507628294037 0.3377586206896552 0.008613037447988903 0.007265160523186683
1 0.2270873786407767 0.3572473246135553 0.008959778085991679 0.010570749108204519
15 0.2965880721220527 0.3573781212841855 0.01203883495145631 0.013210463733650415
15 0.2392649098474341 0.3574435196195006 0.009736477115117891 0.008585017835909632
1 0.06387309292649099 0.3575089179548157 0.01124133148404993 0.015850178359096315
1 0.03612690707350901 0.3624673008323424 0.011227461858529821 0.013876337693222354
1 0.047687239944521495 0.3639179548156956 0.006608876560332871 0.01915576694411415
1 0.2920388349514563 0.37316884661117716 0.004327323162274618 0.013876337693222354
1 0.30441054091539527 0.3744887039239001 0.005492371705963939 0.01651605231866825
15 0.29797503467406383 0.3741557669441142 0.005104022191400832 0.015850178359096315
15 0.2425 0.3758085612366231 0.005110957004160888 0.01915576694411415
1 0.24912968099861305 0.37733055885850175 0.005887656033287101 0.01982164090368609
15 0.23134535367545078 0.38598097502972656 0.007766990291262136 0.020475624256837098
15 0.3102669902912621 0.3939774078478002 0.004722607489597781 0.01982164090368609
15 0.2924271844660194 0.39582639714625445 0.005104022191400832 0.021141498216409038
15 0.2980894590846047 0.3962187871581451 0.003945908460471568 0.017170035671819264
15 0.3045249653259362 0.396884661117717 0.004334257975034674 0.01850178359096314
15 0.21036061026352287 0.3980737217598097 0.007406380027739251 0.01850178359096314
15 0.24180651872399445 0.3979369797859691 0.005110957004160888 0.015850178359096315
1 0.16493065187239944 0.39826991676575507 0.024729542302357833 0.052187871581450655
15 0.24835991678224686 0.3979369797859691 0.004348127600554785 0.015850178359096315
15 0.05870665742024966 0.4028299643281807 0.005069348127600555 0.01850178359096314
1 0.06487170596393897 0.4034898929845422 0.0035298196948682385 0.01982164090368609
15 0.2318862690707351 0.4036206896551724 0.011622746185852984 0.010570749108204519
9 0.04276352288488211 0.4071997621878716 0.018952843273231622 0.0367538644470868
15 0.24211511789181692 0.4154458977407848 0.004341192787794729 0.015196195005945302
15 0.24835991678224686 0.417294887039239 0.004348127600554785 0.01651605231866825
15 0.31076976421636615 0.4188109393579073 0.004341192787794729 0.017170035671819264
15 0.3045249653259362 0.41894768133174787 0.004334257975034674 0.01982164090368609
15 0.2915395284327323 0.4205291319857313 0.004715672676837725 0.015850178359096315
15 0.2982836338418863 0.42000000000000004 0.004334257975034674 0.017170035671819264
15 0.18492718446601944 0.42099286563614746 0.005083217753120666 0.01915576694411415
15 0.205121359223301 0.42099286563614746 0.006636615811373093 0.01915576694411415
15 0.3179750346740638 0.42086206896551726 0.006269070735090152 0.01651605231866825
1 0.2249861303744799 0.4215873959571938 0.015852981969486823 0.013210463733650415
15 0.21236477115117894 0.42205112960761 0.005866851595006935 0.01651605231866825
15 0.05866851595006935 0.43063614744351963 0.007766990291262136 0.00990487514863258
15 0.4489771151178918 0.44414982164090366 0.010298196948682385 0.008394768133174791
1 0.41176490984743414 0.44554696789536263 0.006608876560332871 0.023079667063020216
15 0.45220180305131763 0.4599583828775267 0.007038834951456311 0.02098692033293698
15 0.4118862690707351 0.467372175980975 0.00823855755894591 0.016789536266349582
1 0.4422884882108183 0.49227110582639716 0.013564493758668516 0.011890606420927468
4 0.049628987517337034 0.5257609988109394 0.031296809986130374 0.15259215219976222
9 0.42658113730929265 0.5388525564803806 0.04456310679611651 0.07413793103448275
15 0.11340499306518724 0.5408917954815695 0.010443828016643552 0.00925089179548157
15 0.1371151178918169 0.5500713436385256 0.009320388349514562 0.008585017835909632
15 0.11355755894590847 0.5527824019024971 0.013522884882108182 0.00925089179548157
15 0.1379230235783634 0.5660582639714625 0.008162274618585298 0.007265160523186683
9 0.24479542302357837 0.6020630202140309 0.1470110957004161 0.23385255648038047
1 0.41951803051317615 0.6260760998810939 0.015180305131761444 0.008394768133174791
15 0.07582871012482663 0.6330439952437574 0.004639389736477115 0.015196195005945302
15 0.06889389736477115 0.6343638525564804 0.004639389736477115 0.0178359096313912
15 0.09128294036061026 0.6356837098692033 0.005034674063800277 0.020475624256837098
15 0.08434812760055478 0.6360166468489893 0.005034674063800277 0.021141498216409038
1 0.418498613037448 0.6371284185493461 0.01314147018030513 0.009096313912009513
15 0.10615811373092927 0.6513436385255648 0.004271844660194175 0.01850178359096314
15 0.1008009708737864 0.6535196195005946 0.004653259361997226 0.020475624256837098
15 0.09425104022191401 0.6551070154577884 0.005423023578363384 0.01651605231866825
15 0.08781553398058252 0.6564922711058264 0.005034674063800277 0.014530321046373366
1 0.1253536754507628 0.6764447086801427 0.027406380027739253 0.05681331747919144
1 0.10084257975034673 0.676640903686088 0.015832177531206658 0.01915576694411415
9 0.41054785020804435 0.6853864447086802 0.05271844660194174 0.08183115338882282
1 0.08059639389736477 0.6915041617122473 0.012787794729542303 0.013210463733650415
4 0.04672676837725381 0.6998275862068964 0.032427184466019415 0.13211652794292508
1 0.10091886269070735 0.7006183115338883 0.017371705963938975 0.017170035671819264
15 0.139875173370319 0.07074910820451843 0.005131761442441055 0.0178359096313912
15 0.07971220527045769 0.7056420927467302 0.012406380027739252 0.010570749108204519
1 0.07951803051317614 0.7191854934601665 0.012018030513176143 0.013876337693222354
15 0.08055825242718447 0.7335196195005945 0.015485436893203882 0.00925089179548157
15 0.5507836338418863 0.7713495838287753 0.005866851595006935 0.023079667063020216
15 0.5584119278779474 0.7724019024970273 0.005866851595006935 0.025184304399524376
15 0.24263522884882108 0.7725564803804994 0.008155339805825243 0.023115338882283
15 0.2493862690707351 0.07834720570749108 0.010561719833564494 0.00925089179548157
15 0.2513834951456311 0.7737455410225922 0.006234396671289875 0.023115338882283
15 0.26533633841886267 0.7733531510107016 0.007787794729542302 0.02708680142687277
15 0.2583599167822469 0.7750713436385256 0.0035436893203883496 0.025766944114149825
15 0.2321532593619972 0.7753329369797859 0.006608876560332871 0.01915576694411415
9 0.8321636615811373 0.7821938168846612 0.036033287101248264 0.04476813317479191
1 0.15375173370319 0.7826634958382878 0.016241331484049933 0.017170035671819264
15 0.12675450762829404 0.7842925089179549 0.0038557558945908456 0.0156718192627824
15 0.1265360610263523 0.07880499405469679 0.004805825242718447 0.017300832342449467
1 0.1201352288488211 0.7852140309155767 0.004486823855755894 0.015136741973840667
15 0.5725728155339805 0.7921938168846612 0.005062413314840499 0.01958382877526754
1 0.18589112343966713 0.7919797859690844 0.007011095700416088 0.031046373365041617
15 0.593869625520111 0.7921938168846612 0.004660194174757281 0.01958382877526754
15 0.5863626907073509 0.7930321046373365 0.006289875173370319 0.01888228299643282
15 0.5119382801664355 0.7938703923900119 0.005846047156726768 0.018180737217598098
15 0.5649410540915395 0.7940844233055886 0.005055478502080444 0.02098692033293698
15 0.5800797503467406 0.7940844233055886 0.003432732316227462 0.02098692033293698
15 0.6029299583911234 0.7938703923900119 0.007524271844660194 0.018180737217598098
15 0.13278085991678223 0.0802615933412604 0.004812760055478502 0.0178359096313912
15 0.5023890429958392 0.7975089179548157 0.010325936199722607 0.011189060642092748
9 0.09151525658807212 0.7991022592152199 0.04294729542302358 0.052425683709869206
9 0.09140429958391123 0.8001724137931036 0.04549930651872399 0.052187871581450655
1 0.46007628294036057 0.8040844233055886 0.01030513176144244 0.007693222354340071
15 0.381119972260749 0.0816230677764566 0.004958391123439668 0.018180737217598098
1 0.24375520110957005 0.8111355529131985 0.006234396671289875 0.021795481569560047
15 0.5022260748959778 0.8148573127229488 0.012773925104022192 0.012592152199762188
15 0.8706380027739251 0.8175148632580261 0.0034119278779472955 0.02028537455410226
1 0.5280998613037448 0.8188406658739595 0.027073509015256587 0.030071343638525563
1 0.23392857142857143 0.821307966706302 0.007385575589459085 0.023115338882283
15 0.4967579750346741 0.8324851367419739 0.004611650485436893 0.0216884661117717
15 0.4080097087378641 0.08351367419738406 0.007420249653259362 0.01958382877526754
15 0.4305755894590846 0.08351367419738406 0.005395284327323163 0.01958382877526754
15 0.49031206657420245 0.8326218787158145 0.004202496532593619 0.01958382877526754
15 0.5041851595006934 0.833602853745541 0.004209431345353676 0.016789536266349582
15 0.4829264909847434 0.833602853745541 0.007461858529819695 0.016789536266349582
15 0.45770804438280166 0.8345778834720571 0.004181692094313454 0.013983353151010701
15 0.46505547850208045 0.8358382877526754 0.005006934812760056 0.01888228299643282
15 0.4756622746185853 0.8366111771700357 0.0054160887656033285 0.013293697978596909
1 0.12284674063800279 0.8406123662306778 0.005748959778085991 0.018917954815695602
15 0.23820388349514562 0.8461474435196196 0.00622746185852982 0.020475624256837098
1 0.16317614424410543 0.8467717003567182 0.0420249653259362 0.07404280618311535
15 0.23038141470180304 0.8476694411414982 0.005839112343966713 0.021141498216409038
1 0.24891816920943136 0.8500475624256837 0.012399445214979194 0.0330321046373365
15 0.4162933425797503 0.08561236623067776 0.004570041608876561 0.023781212841854936
15 0.2491574202496533 0.08871581450653983 0.012877947295423024 0.008585017835909632
1 0.3783633841886269 0.8885612366230677 0.017475728155339806 0.024447086801426873
15 0.2483113730929265 0.09790130796670629 0.01673370319001387 0.007931034482758621
1 0.4639528432732316 0.10051129607609988 0.011123439667128986 0.032175980975029723
15 0.24950416088765606 0.10708085612366232 0.016345353675450765 0.007265160523186683
15 0.4232316227461858 0.10764565992865636 0.004576976421636615 0.02028537455410226
15 0.13981276005547852 0.10734244946492272 0.006393897364771152 0.017300832342449467
15 0.12659847434119278 0.10750297265160523 0.0035436893203883496 0.02
15 0.39054785020804433 0.10764565992865636 0.005783633841886269 0.02028537455410226
15 0.13278085991678223 0.10944708680142687 0.004812760055478502 0.016753864447086802
15 0.4369001386962552 0.1096730083234245 0.004174757281553398 0.01958382877526754
15 0.4003398058252427 0.11100475624256838 0.004563106796116505 0.017491082045184306
15 0.7270319001386963 0.11414982164090369 0.011622746185852984 0.011890606420927468