15 0.6867677756033921 0.12574937027707808 0.006281800391389433 0.022279596977329976
15 0.6938551859099805 0.1283375314861461 0.006105675146771037 0.017380352644836273
15 0.7176027397260274 0.1335138539042821 0.007938682322243967 0.02017632241813602
15 0.729628180039139 0.1370654911838791 0.008506196999347683 0.022241813602015114
15 0.6542596216568819 0.13738035264483628 0.011715590345727332 0.0253904282115869
15 0.848747553816047 0.14302896725440806 0.009302022178734508 0.021574307304785892
1 0.8805577299412916 0.1624433249370277 0.03900195694716243 0.06544080604534006
15 0.7528212654924984 0.16496221662468513 0.009230267449445531 0.010025188916876574
15 0.757279843444227 0.17821158690176322 0.010319634703196348 0.013853904282115869
15 0.09715264187866927 0.18192065491183879 0.0064383561643835616 0.021272040302267002
15 0.09097195042400523 0.18292821158690176 0.00842791911285062 0.025806045340050376
15 0.2134344422700587 0.18740554156171285 0.010691454664057404 0.027204030226700253
15 0.22474559686888457 0.19030856423173803 0.008525766470971951 0.02545340050377834
1 0.7291650358773646 0.1992191435768262 0.04541422048271364 0.07853904282115869
1 0.5714220482713633 0.20197103274559194 0.01564253098499674 0.03618387909319899
1 0.7012067840834965 0.21355163727959697 0.014285714285714285 0.019042821158690177
1 0.8773842139595565 0.25418765743073046 0.035264187866927595 0.07008816120906801
1 0.7897977821265493 0.2616498740554156 0.04273972602739726 0.07745591939546599
1 0.8322146118721462 0.26269521410579344 0.0427723418134377 0.07954659949622166
4 0.048812785388127854 0.2640743073047859 0.02978473581213307 0.2107682619647355
15 0.377941943900848 0.27158690176322414 0.010939334637964775 0.024282115869017632
1 0.3873874755381605 0.2735831234256927 0.008956294846705806 0.023236775818639796
1 0.0993085453359426 0.28323677581863976 0.012054794520547946 0.017355163727959696
1 0.10003913894324853 0.32631612090680107 0.03960861056751468 0.07328715365239294
1 0.12881930854533594 0.33118387909319896 0.008454011741682975 0.02256926952141058
15 0.1685518590998043 0.3508060453400504 0.007031963470319634 0.021511335012594456
15 0.17453359425962167 0.35150503778337533 0.005949119373776907 0.022909319899244333
15 0.16507501630789304 0.3696221662468514 0.01573385518590998 0.013803526448362722
15 0.22546966731898238 0.3807430730478589 0.009973907371167644 0.028488664987405543
15 0.16510763209393348 0.38368387909319895 0.01318982387475538 0.011700251889168765
4 0.11002935420743641 0.532676322418136 0.03871493803000652 0.18122166246851384
15 0.45700913242009134 0.07846347607052896 0.009908675799086757 0.020906801007556677
15 0.46752446183953034 0.07943954659949623 0.01136986301369863 0.015302267002518893
15 0.5155218525766471 0.07982367758186398 0.01212654924983692 0.013551637279596978
15 0.49105022831050227 0.07979219143576827 0.008845401174168297 0.016007556675062973
15 0.483672537508154 0.08185768261964736 0.00974559686888454 0.010062972292191436
15 0.5173711676451402 0.09241813602015113 0.013215916503587737 0.013551637279596978
15 0.4032126549249837 0.9254534005037782 0.007990867579908675 0.022191435768261967
15 0.41048271363339855 0.9276574307304786 0.008180039138943248 0.019042821158690177
15 0.4209947814742335 0.9307682619647355 0.009634703196347032 0.015188916876574308
15 0.7883300717547292 0.11784634760705288 0.00979778212654925 0.034181360201511336
15 0.831689497716895 0.11739294710327457 0.009106327462491846 0.0282367758186398
1 0.568091976516634 0.12046599496221663 0.019419439008480106 0.02682619647355164
9 0.7599151989562949 0.12467254408060453 0.03646444879321591 0.07806045340050377
20 0.7017123287671232 0.12622166246851385 0.011382909328114806 0.013148614609571788