4 0.14576523702031602 0.10279324055666003 0.16241083521444696 0.18968190854870776
4 0.9027629796839729 0.10377733598409543 0.06918284424379233 0.11212723658051689
4 0.262686230248307 0.10901093439363818 0.053137697516930024 0.18820079522862823
4 0.7263792325056434 0.11446819085487078 0.06133634311512416 0.12754473161033797
15 0.6884966139954853 0.13314115308151092 0.004532731376975169 0.021749502982107354
15 0.6925801354401806 0.13392644135188866 0.005476297968397292 0.021332007952286285
15 0.7634898419864561 0.1389562624254473 0.004632054176072235 0.01946322067594433
15 0.7674401805869075 0.1412375745526839 0.0035033860045146728 0.024025844930417498
15 0.763334085778781 0.1598558648111332 0.005223476297968398 0.015536779324055667
15 0.7687336343115123 0.15958250497017892 0.004284424379232506 0.016978131212723655
15 0.6756907449209932 0.16652087475149108 0.007814898419864559 0.010974155069582504
15 0.6586433408577878 0.1667296222664016 0.008934537246049661 0.011391650099403579
15 0.647313769751693 0.16646123260437376 0.007042889390519187 0.012842942345924454
15 0.6380361173814898 0.16935884691848907 0.008352144469525959 0.008697813121272366
15 0.8557945823927765 0.17151093439363815 0.004139954853273137 0.016978131212723655
15 0.8506388261851016 0.17254970178926443 0.0037607223476297967 0.019055666003976145
15 0.613665914221219 0.17416500994035786 0.004758465011286682 0.02029821073558648
1 0.6087742663656884 0.17436878727634195 0.00400451467268623 0.02070576540755467
15 0.8425756207674944 0.17551192842942345 0.009304740406320542 0.01305168986083499
15 0.7634379232505644 0.17706262425447317 0.003625282167042889 0.016153081510934395
15 0.6680428893905191 0.17720675944333997 0.006966139954853273 0.008489065606361828
15 0.6488487584650113 0.17892644135188868 0.009209932279909705 0.009940357852882704
15 0.6599774266365688 0.17917495029821073 0.00799097065462754 0.01242544731610338
15 0.7392844243792326 0.1797117296222664 0.008591422121896163 0.009522862823061631
15 0.7689232505643341 0.1799403578528827 0.004663656884875847 0.015944333996023855
15 0.6369164785553048 0.18033300198807156 0.008821670428893905 0.010765407554671967
1 0.7766772009029345 0.1800844930417495 0.008433408577878103 0.008280318091451293
15 0.8239819413092551 0.18066600397614313 0.005525959367945824 0.01739562624254473
15 0.8286681715575621 0.18155566600397616 0.004966139954853273 0.017186878727634195
15 0.6288713318284425 0.18184890656063618 0.006275395033860045 0.011809145129224654
15 0.7560993227990971 0.18207256461232604 0.0070067720090293455 0.008280318091451293
15 0.6220135440180586 0.18277833001988072 0.008812641083521444 0.013667992047713717
15 0.6675981941309255 0.18859840954274354 0.005173814898419865 0.011391650099403579
15 0.6481805869074492 0.18944831013916502 0.009679458239277653 0.009115308151093439
1 0.7886455981941309 0.19014910536779323 0.010699774266365689 0.03437375745526839
1 0.8021264108352144 0.19321570576540756 0.005155756207674943 0.018638170974155068
9 0.6894130925507901 0.19503976143141155 0.029841986455981937 0.04017892644135189
1 0.6611828442437924 0.195720675944334 0.004984198645598193 0.01967196819085487
1 0.65644920993228 0.19568091451292247 0.0054492099322799095 0.017604373757455268
15 0.6685395033860045 0.19834990059642146 0.007056433408577878 0.0070377733598409545
1 0.6202731376975169 0.20292743538767397 0.00984650112866817 0.012216699801192842
15 0.4810496613995486 0.20855367793240556 0.009503386004514672 0.005576540755467197
15 0.47197968397291196 0.20896123260437377 0.006713318284424379 0.00837972166998012
15 0.4618487584650113 0.2092196819085487 0.009024830699774266 0.00889662027833002
15 0.4516681715575621 0.21059642147117297 0.00762528216704289 0.009662027833001989
1 0.6689074492099323 0.2103230616302187 0.00959819413092551 0.009115308151093439
15 0.48980361173814896 0.21056660039761432 0.009855530474040631 0.0076143141153081515
9 0.7665191873589164 0.21098409542743538 0.02874943566591422 0.04224652087475149
15 0.44235891647855535 0.21089960238568586 0.007968397291196387 0.014244532803180915
15 0.41390519187358915 0.21248011928429422 0.007945823927765237 0.011441351888667992
15 0.4228465011286682 0.21184393638170976 0.009575620767494356 0.010168986083499006
15 0.43205643340857786 0.2133051689860835 0.008130925507900679 0.009115308151093439
1 0.8387471783295711 0.21371769383697814 0.015191873589164785 0.019880715705765408
1 0.346902934537246 0.21570576540755468 0.012090293453724605 0.009940357852882704
1 0.370665914221219 0.21694831013916502 0.013566591422121896 0.01242544731610338
1 0.39847404063205416 0.21775844930417496 0.014103837471783296 0.01802186878727634
15 0.5114018058690746 0.21879224652087473 0.007905191873589165 0.01014910536779324
15 0.480645598194131 0.2206361829025845 0.007792325056433409 0.0078727634194831
15 0.48986455981941307 0.22083996023856858 0.008171557562076751 0.008280318091451293
15 0.4715169300225734 0.22173459244532803 0.007593679458239278 0.008081510934393639
15 0.462410835214447 0.2220427435387674 0.0083431151241535 0.008697813121272366
15 0.5182415349887133 0.22200298210735586 0.004428893905191873 0.016570576540755468
15 0.9602866817155755 0.22210735586481112 0.0045462753950338605 0.016779324055666
15 0.9652076749435665 0.22297713717693837 0.004455981941309255 0.020506958250497018
15 0.41427313769751695 0.22307654075546718 0.008681715575620768 0.010765407554671967
15 0.4421331828442438 0.22355367793240558 0.008419864559819412 0.009731610337972166
1 0.4322460496613995 0.2237624254473161 0.008510158013544019 0.01014910536779324
15 0.20276749435665914 0.22377733598409544 0.011855530474040633 0.01415506958250497
15 0.24918961625282168 0.2245675944333996 0.004474040632054176 0.01772365805168986
1 0.38430925507900676 0.22581013916500994 0.009250564334085777 0.008280318091451293
15 0.45456207674943566 0.22649602385685882 0.004383747178329571 0.017604373757455268
1 0.6093589164785553 0.226058648111332 0.006076749435665915 0.02070576540755467
1 0.4499525959367946 0.22701292246520874 0.0041941309255079 0.018638170974155068
1 0.6189164785553047 0.22709741550695825 0.005327313769751693 0.022783300198807158
15 0.5116930022573364 0.22910536779324053 0.006681715575620768 0.008906560636182904
15 0.47105643340857795 0.2322962226640159 0.009381489841986456 0.009324055666003977
1 0.5356049661399549 0.23338966202783298 0.021097065462753948 0.03934393638170974
1 0.20277200902934536 0.23406560636182902 0.010961625282167044 0.010874751491053677
15 0.4420857787810384 0.23475646123260435 0.008325056433408579 0.008280318091451293
15 0.15151241534988713 0.23618787276341946 0.010474040632054175 0.013131212723658053
1 0.3940451467268623 0.23616799204771372 0.008857787810383747 0.009115308151093439
15 0.40528893905191876 0.23616799204771372 0.008772009029345372 0.009115308151093439
15 0.3844018058690745 0.2363717693836978 0.009435665914221219 0.009522862823061631
20 0.3588871331828442 0.23635188866799206 0.011679458239277653 0.01345924453280318
20 0.37223702031602707 0.23703777335984097 0.013097065462753951 0.012842942345924454
1 0.8344762979683973 0.23757455268389663 0.009358916478555305 0.009940357852882704
1 0.47856433408577875 0.2387127236580517 0.005435665914221219 0.022157057654075545
1 0.34759819413092546 0.2392544731610338 0.010772009029345372 0.009324055666003977
1 0.45993453724604966 0.2397266401590457 0.004293453724604966 0.018220675944333995
15 0.4873814898419864 0.23941848906560634 0.005914221218961625 0.017604373757455268
15 0.46466817155756207 0.23989562624254473 0.0038284424379232507 0.016570576540755468
20 0.4974785553047404 0.24045228628230617 0.01166139954853273 0.009731610337972166
15 0.518431151241535 0.24068091451292248 0.004808126410835214 0.016153081510934395
1 0.15136568848758464 0.24209244532803179 0.008374717832957112 0.007047713717693837
1 0.7781354401805869 0.24302186878727633 0.011349887133182844 0.008906560636182904
1 0.4421534988713318 0.24353876739562624 0.009363431151241535 0.009940357852882704
15 0.45242663656884874 0.24436878727634195 0.008239277652370203 0.011600397614314115
15 0.16911512415349886 0.24510437375745525 0.009562076749435666 0.011083499005964215
15 0.4045823927765237 0.24610834990059643 0.007358916478555305 0.009115308151093439
15 0.39379909706546273 0.2467892644135189 0.01017155756207675 0.008489065606361828
15 0.38430925507900676 0.24741053677932406 0.009250564334085777 0.009731610337972166
20 0.5111399548532731 0.25 0.008284424379232507 0.02485089463220676
15 0.9088713318284425 0.2536878727634195 0.009164785553047405 0.010357852882703777
15 0.15115349887133184 0.2543290258449304 0.008853273137697517 0.013628230616302188
1 0.8917088036117381 0.2550546719681908 0.004636568848758465 0.019055666003976145
15 0.9013814898419864 0.2554671968190855 0.005020316027088036 0.019880715705765408
9 0.8088510158013544 0.255506958250497 0.04208126410835214 0.09153081510934394
15 0.48572460496614 0.2556113320079523 0.008920993227990972 0.012216699801192842
15 0.5204063205417607 0.2560039761431412 0.008758465011286682 0.0070377733598409545
15 0.4049119638826185 0.25818091451292247 0.008018058690744921 0.011391650099403579
15 0.3679548532731377 0.2589662027833002 0.009047404063205417 0.010974155069582504
15 0.3581151241534989 0.26058151093439363 0.009232505643340858 0.012216699801192842
15 0.7039909706546275 0.2673956262425447 0.007530474040632054 0.009940357852882704
15 0.7130248306997742 0.26735586481113316 0.007539503386004514 0.0078727634194831
15 0.6943566591422122 0.2675596421471173 0.009029345372460496 0.008280318091451293
15 0.40447855530474036 0.268389662027833 0.008957110609480812 0.009940357852882704
15 0.7218306997742664 0.2689264413518887 0.005286681715575621 0.016978131212723655
9 0.42531828442437924 0.26921968190854867 0.021742663656884875 0.061302186878727634
15 0.7135417607223475 0.27785288270377734 0.00857336343115124 0.010974155069582504
15 0.7038984198645598 0.2786630218687873 0.007345372460496614 0.006630218687872763
15 0.6954018058690745 0.27928429423459245 0.009313769751693003 0.0078727634194831
15 0.40508126410835216 0.28110337972167 0.007453724604966141 0.009522862823061631
15 0.7839209932279909 0.2814562624254473 0.009376975169300226 0.012216699801192842
15 0.6785778781038374 0.28700795228628234 0.003656884875846501 0.021332007952286285
15 0.6685665914221219 0.2880864811133201 0.004401805869074492 0.015536779324055667
15 0.6833769751693003 0.2881858846918489 0.004225733634311512 0.01573558648111332
15 0.6732708803611739 0.2881660039761431 0.004781038374717833 0.01967196819085487
15 0.7403566591422123 0.2881660039761431 0.008027088036117382 0.009731610337972166
15 0.6640022573363432 0.2883946322067594 0.004302483069977426 0.016153081510934395
15 0.687704288939052 0.2883946322067594 0.0038510158013544014 0.016153081510934395
15 0.6198284424379232 0.2901739562624255 0.005345372460496614 0.01573558648111332
15 0.7273069977426636 0.28942842942345925 0.0035981941309255077 0.018220675944333995
15 0.638158013544018 0.29127236580516896 0.004984198645598193 0.015944333996023855
15 0.630959367945824 0.2919383697813121 0.008645598194130924 0.009324055666003977
15 0.881941309255079 0.2929324055666004 0.008577878103837472 0.009324055666003977
15 0.7020067720090293 0.29295228628230613 0.005367945823927765 0.01532803180914513
15 0.4050519187358917 0.29282803180914513 0.008297968397291196 0.009115308151093439
15 0.7058623024830699 0.294110337972167 0.004049661399548533 0.013667992047713717
15 0.692765237020316 0.2938021868787276 0.004040632054176072 0.01305168986083499
15 0.7115846501128669 0.29452286282306167 0.005562076749435666 0.014493041749502982
15 0.6974243792325057 0.29514413518886684 0.004329571106094808 0.01573558648111332
15 0.6433882618510158 0.2987475149105368 0.004609480812641084 0.016978131212723655
9 0.8982979683972913 0.2990407554671968 0.01781489841986456 0.061302186878727634
15 0.7412415349887133 0.30197813121272365 0.00708803611738149 0.009522862823061631
15 0.6477832957110609 0.3023111332007952 0.00527313769751693 0.016153081510934395
15 0.881744920993228 0.30297216699801194 0.00999097065462754 0.009522862823061631
9 0.7627810383747178 0.3042147117296223 0.024884875846501127 0.05176938369781312
15 0.6590835214446952 0.3041948310139165 0.0034943566591422123 0.015944333996023855
15 0.6532302483069977 0.3044234592445328 0.004428893905191873 0.01242544731610338
15 0.4060496613995485 0.30475646123260436 0.008487584650112867 0.009115308151093439
1 0.6266230248306998 0.307117296222664 0.0062934537246049655 0.017813121272365808
15 0.8429435665914221 0.308772365805169 0.008234762979683972 0.011182902584493042
15 0.833647855530474 0.3088767395626243 0.008604966139954852 0.011391650099403579
1 0.6689706546275395 0.30910536779324055 0.004306997742663656 0.017813121272365808
15 0.7875146726862302 0.3097465208747515 0.003923250564334085 0.015119284294234593
1 0.6640699774266365 0.30993041749502986 0.005340857787810384 0.01946322067594433
1 0.6728939051918736 0.30993041749502986 0.0040270880361173815 0.01946322067594433
1 0.6831873589164785 0.31067594433399603 0.003846501128668171 0.016978131212723655
1 0.6340744920993228 0.3104075546719682 0.004040632054176072 0.01842942345924453
15 0.7825462753950339 0.31088469184890655 0.003918735891647856 0.01739562624254473
1 0.6879864559819413 0.3115059642147117 0.004415349887133183 0.018638170974155068
1 0.6784830699774266 0.3115705765407555 0.0034672686230248304 0.016779324055666
1 0.8040744920993228 0.31274850894632206 0.0045372460496614 0.021123260437375745
15 0.7924063205417607 0.3126043737574553 0.004677200902934537 0.018846918489065608
15 0.7981083521444695 0.3133300198807157 0.004343115124153499 0.02029821073558648
1 0.7067855530474041 0.31448807157057657 0.004993227990970655 0.018638170974155068
1 0.6926907449209933 0.3156461232604374 0.0047945823927765235 0.016978131212723655
1 0.638589164785553 0.31531809145129225 0.004040632054176072 0.02029821073558648
1 0.697234762979684 0.31643638170974153 0.0039503386004514675 0.016570576540755468
1 0.7019119638826185 0.3170775347912525 0.005178329571106095 0.013876739562624255
1 0.7115643340857788 0.3165805168986084 0.004618510158013544 0.018846918489065608
1 0.7399435665914221 0.3177186878727634 0.009909706546275395 0.011182902584493042
1 0.64327539503386 0.3196669980119284 0.0034808126410835216 0.019055666003976145
15 0.8815575620767495 0.32144632206759444 0.009616252821670428 0.008697813121272366
15 0.8251602708803611 0.32238071570576543 0.008785553047404063 0.010566600397614315
1 0.9406726862302484 0.32351888667992046 0.005047404063205418 0.022783300198807158
1 0.6476501128668172 0.32453280318091454 0.003200902934537246 0.018846918489065608
15 0.8330541760722348 0.32496520874751494 0.003805869074492099 0.01573558648111332
1 0.6528532731376975 0.3250497017892644 0.003674943566591422 0.019880715705765408
1 0.6576523702031603 0.32606361829025843 0.004243792325056434 0.015944333996023855
15 0.8426049661399548 0.3264811133200795 0.004848758465011287 0.016779324055666
15 0.837683972911964 0.32751491053677934 0.004939051918735891 0.018846918489065608
15 0.8817268623024831 0.33159542743538767 0.009051918735891649 0.009115308151093439
1 0.8619774266365688 0.3321968190854871 0.009282167042889389 0.034174950298210736
1 0.8519006772009029 0.33271371769383695 0.008993227990970656 0.035208747514910536
15 0.9194920993227991 0.3336878727634195 0.005124153498871332 0.019264413518886678
15 0.9144018058690745 0.3338916500994036 0.0057787810383747185 0.01967196819085487
15 0.6640225733634312 0.33399602385685884 0.004343115124153499 0.019880715705765408
1 0.6305936794582393 0.3388220675944334 0.006108352144469526 0.017604373757455268
15 0.8260632054176072 0.3393389662027833 0.004270880361173815 0.018638170974155068
15 0.8395846501128669 0.34169980119284293 0.00964334085778781 0.007455268389662028
15 0.953354401805869 0.3439165009940358 0.007837471783295712 0.013876739562624255
15 0.9617832957110609 0.34493041749502984 0.009345372460496614 0.009940357852882704
1 0.6975191873589165 0.34718687872763415 0.0036162528216704287 0.01842942345924453
1 0.7025146726862302 0.34718687872763415 0.0027720090293453722 0.01842942345924453
1 0.5935801354401806 0.3487425447316103 0.014248306997742663 0.011600397614314115
1 0.6903115124153498 0.35147614314115305 0.009065462753950338 0.009115308151093439
1 0.5783656884875846 0.35333996023856856 0.014519187358916478 0.012842942345924454
1 0.6641444695259593 0.35598906560636184 0.0036839729119638827 0.016153081510934395
15 0.6553860045146727 0.3564015904572565 0.006031602708803612 0.016978131212723655
1 0.9425146726862302 0.35719184890656064 0.012343115124153498 0.036451292246520876
9 0.21096162528216703 0.3588618290258449 0.05442889390519187 0.0656361829025845
1 0.5475033860045146 0.3608747514910537 0.011485327313769752 0.012007952286282306
1 0.5342279909706547 0.3638568588469185 0.01382844243792325 0.012007952286282306
9 0.9562009029345373 0.36605367793240556 0.015336343115124154 0.022365805168986085
1 0.6183995485327314 0.36721172962226645 0.008808126410835216 0.02070576540755467
1 0.16155981941309255 0.3679920477137177 0.00980135440180587 0.010337972166998012
1 0.9832595936794583 0.3680218687872764 0.030627539503386005 0.04618290258449304
1 0.6956094808126412 0.3685785288270378 0.005214446952595937 0.01946322067594433
15 0.523744920993228 0.3693687872763419 0.004600451467268622 0.019055666003976145
15 0.5139796839729119 0.3695129224652088 0.004031602708803612 0.021332007952286285
1 0.5186636568848758 0.3699900596421471 0.0034672686230248304 0.02029821073558648
15 0.6908013544018059 0.3697813121272366 0.006433408577878104 0.019880715705765408
20 0.8460293453724604 0.373220675944334 0.012600451467268623 0.012842942345924454
20 0.8232121896162528 0.3742544731610338 0.007598194130925507 0.02485089463220676
1 0.7021512415349888 0.376013916500994 0.004753950338600451 0.01842942345924453
1 0.6562234762979684 0.37640656063618294 0.004997742663656885 0.023190854870775345
1 0.6636930022573363 0.376655069582505 0.0036839729119638827 0.01573558648111332
15 0.8316613995485328 0.37910039761431413 0.005534988713318284 0.018638170974155068
1 0.5331647855530475 0.37904075546719684 0.012604966139954854 0.010566600397614315
1 0.6016523702031603 0.3794731610337972 0.006916478555304741 0.01739562624254473
15 0.8362979683972912 0.3794731610337972 0.004875846501128669 0.01739562624254473
1 0.5773002257336344 0.38009443339960236 0.004261851015801354 0.018638170974155068
15 0.943178329571106 0.38028330019880713 0.010058690744920993 0.01305168986083499
1 0.5879255079006772 0.38324055666003976 0.00925959367945824 0.0070377733598409545
4 0.07489841986455982 0.3830168986083499 0.1290293453724605 0.6666302186878728
1 0.17556207674943566 0.38414512922465205 0.014329571106094808 0.02077534791252485
15 0.8571963882618511 0.38394632206759444 0.008749435665914221 0.01242544731610338
15 0.8664176072234763 0.3861431411530815 0.009133182844243793 0.012842942345924454
15 0.40105417607223476 0.3872117296222664 0.009331828442437923 0.014980119284294234
1 0.4139819413092551 0.38730119284294234 0.012613995485327314 0.011182902584493042
1 0.5708081264108352 0.3879870775347912 0.004821670428893905 0.03044731610337972
15 0.3920790067720091 0.3878230616302187 0.009440180586907449 0.014214711729622267
15 0.5136975169300225 0.39171471172962224 0.0034672686230248304 0.01802186878727634
15 0.5237923250564335 0.3920626242544732 0.004695259593679458 0.02070576540755467
15 0.1422415349887133 0.39296222664015906 0.004573363431151242 0.0205168986083499
1 0.5185891647855531 0.3924801192842942 0.004221218961625282 0.02154075546719682
15 0.45654627539503384 0.39610337972167 0.004740406320541761 0.018846918489065608
15 0.45176749435665914 0.3968886679920477 0.005115124153498871 0.01842942345924453
1 0.4471851015801354 0.39678429423459244 0.004076749435665914 0.018220675944333995
1 0.9656027088036118 0.3983399602385686 0.006148984198645598 0.021332007952286285
1 0.4412099322799097 0.40038767395626246 0.005670428893905192 0.029403578528827037
15 0.25421670428893905 0.40250497017892645 0.004595936794582393 0.017733598409542743
15 0.24941083521444699 0.4032952286282306 0.004013544018058691 0.021302186878727633
15 0.1442708803611738 0.407713717693837 0.008632054176072235 0.00827037773359841
15 0.4352257336343115 0.4098558648111332 0.0045372460496614 0.020506958250497018
1 0.3940112866817156 0.41105367793240555 0.006081264108352144 0.032842942345924456
1 0.23024379232505643 0.41347912524850894 0.010826185101580135 0.009860834990059643
15 0.4517200902934537 0.41656560636182904 0.005020316027088036 0.01802186878727634
15 0.4567358916478555 0.4160437375745527 0.005119638826185101 0.016978131212723655
1 0.4472505643340858 0.41755964214711727 0.005110609480812641 0.01802186878727634
1 0.23040632054176075 0.42247017892644134 0.010248306997742663 0.013926441351888667
15 0.14393453724604965 0.4230019880715706 0.008862302483069977 0.009025844930417495
20 0.9560677200902935 0.42349900596421475 0.013264108352144468 0.041829025844930416
15 0.8552121896162529 0.42613320079522865 0.00839277652370203 0.009324055666003977
15 0.846510158013544 0.4267544731610338 0.009047404063205417 0.010566600397614315
15 0.4409841986455982 0.43089463220675944 0.0034130925507900676 0.018846918489065608
1 0.4356297968397291 0.43083001988071573 0.004442437923250564 0.02070576540755467
15 0.8469142212189616 0.43596918489065606 0.008952595936794582 0.009115308151093439
15 0.14196388261851015 0.4362773359840954 0.004920993227990971 0.01768389662027833
15 0.8560406320541761 0.4377882703777336 0.009146726862302484 0.010765407554671967
1 0.3922528216704289 0.4382107355864811 0.009787810383747177 0.009622266401590456
9 0.9098735891647856 0.4417644135188867 0.03825733634311512 0.06046719681908549
1 0.572117381489842 0.44337972166998013 0.009246049661399549 0.012007952286282306
1 0.27652821670428895 0.4453528827037773 0.005878103837471783 0.01794234592445328
1 0.4517855530474041 0.4468389662027833 0.006054176072234763 0.03085487077534791
1 0.2728916478555305 0.4469831013916501 0.004022573363431151 0.019214711729622264
1 0.28319864559819413 0.4483598409542744 0.006577878103837472 0.019980119284294235
1 0.2872189616252822 0.4483598409542744 0.007395033860045146 0.019980119284294235
1 0.2571851015801354 0.44887673956262425 0.014144469525959368 0.013061630218687873
15 0.49603611738148984 0.4490954274353877 0.007873589164785554 0.009522862823061631
15 0.44086230248306996 0.44974155069582505 0.004072234762979684 0.016779324055666
1 0.43537697516930024 0.4507753479125249 0.003033860045146727 0.018846918489065608
15 0.4459232505643341 0.4507753479125249 0.004261851015801354 0.018846918489065608
15 0.14380586907449208 0.4519731610337972 0.007702031602708803 0.011302186878727633
1 0.23069525959367945 0.4524155069582505 0.009923250564334086 0.014174950298210736
1 0.9563972911963883 0.4552683896620278 0.013923250564334086 0.009940357852882704
15 0.49563205417607226 0.4594532803180914 0.007968397291196387 0.010357852882703777
1 0.2579255079006772 0.46431411530815114 0.01111060948081264 0.010139165009940358
1 0.2315530474040632 0.4650546719681909 0.01073589164785553 0.01162027833001988
1 0.8606975169300225 0.4663071570576541 0.004916478555304741 0.020089463220675945
15 0.27198871331828445 0.46634691848906556 0.004022573363431151 0.018180914512922464
15 0.2764018058690745 0.46614314115308153 0.00472234762979684 0.021749502982107354
1 0.8666636568848759 0.4668886679920477 0.005110609480812641 0.019264413518886678
15 0.28086004514672686 0.4668588469184891 0.004609480812641084 0.019204771371769385
15 0.2914334085778781 0.4674701789264413 0.0058916478555304744 0.018439363817097418
15 0.28645372460496615 0.46805666003976143 0.004961625282167043 0.015636182902584495
1 0.2671489841986456 0.4696123260437376 0.005178329571106095 0.02073558648111332
15 0.9584198645598194 0.46959741550695827 0.008939051918735891 0.010765407554671967
15 0.9491422121896163 0.4713817097415507 0.010248306997742663 0.010357852882703777
15 0.2841512415349887 0.4807952286282306 0.010288939051918735 0.01129224652087475
1 0.9331851015801355 0.48090457256461233 0.011742663656884877 0.009522862823061631
1 0.4488961625282167 0.48132206759443336 0.0038871331828442437 0.02029821073558648
15 0.2733002257336343 0.4840308151093439 0.009354401805869075 0.01179920477137177
1 0.44201805869074495 0.48796719681908546 0.005480812641083522 0.029612326043737574
15 0.3875259593679458 0.48904572564612325 0.006654627539503386 0.02182902584493042
9 0.2180270880361174 0.49075049701789264 0.02251015801354402 0.15247514910536777
15 0.9327720090293454 0.4914662027833002 0.00911060948081264 0.010765407554671967
1 0.9608284424379233 0.49188369781312125 0.007435665914221219 0.011600397614314115
9 0.1942663656884876 0.49260437375745525 0.020135440180586908 0.14624254473161033
1 0.3767584650112867 0.4985785288270378 0.007693002257336342 0.0289662027833002
15 0.16336568848758465 0.5003280318091451 0.010704288939051919 0.010596421471172962
1 0.30500451467268624 0.5009145129224652 0.007751693002257337 0.025685884691848907
15 0.45334762979683974 0.5005815109343936 0.002857787810383747 0.019055666003976145
15 0.4488306997742664 0.501699801192843 0.002853273137697517 0.01532803180914513
1 0.43606320541760724 0.5016799204771372 0.0035033860045146728 0.019264413518886678
1 0.4254130925507901 0.5020079522862823 0.003873589164785553 0.015944333996023855
1 0.9608668171557563 0.5035636182902584 0.009318284424379233 0.009115308151093439
15 0.9322528216704289 0.503727634194831 0.008072234762979684 0.007455268389662028
15 0.43096388261851015 0.5034592445328032 0.005945823927765237 0.018846918489065608
15 0.8103431151241536 0.5057554671968191 0.004433408577878104 0.01946322067594433
1 0.24316704288939053 0.508941351888668 0.005972911963882619 0.021858846918489064
15 0.15586004514672688 0.5091451292246522 0.0065282167042889395 0.020278330019880716
15 0.14894582392776526 0.5108747514910538 0.008952595936794582 0.009821073558648112
15 0.8057516930022574 0.5119681908548708 0.0051828442437923256 0.021948310139165008
15 0.9331467268623025 0.5126739562624254 0.009860045146726863 0.007455268389662028
15 0.16392099322799097 0.5134741550695825 0.01000902934537246 0.009055666003976143
1 0.9603386004514674 0.512962226640159 0.010067720090293454 0.012007952286282306
1 0.3886726862302483 0.5156212723658052 0.003530474040632054 0.021302186878727633
9 0.9121309255079006 0.516814115308151 0.02471331828442438 0.04555666003976143
15 0.23164559819413094 0.5163518886679921 0.010018058690744921 0.008846918489065606
1 0.3074040632054176 0.517375745526839 0.009841986455981942 0.010894632206759444
15 0.38218735891647854 0.5184741550695825 0.0041038374717832955 0.021043737574552687
15 0.4491512415349887 0.5185984095427436 0.005300225733634312 0.01532803180914513
1 0.4437133182844244 0.5201292246520874 0.00435665914221219 0.022365805168986085
15 0.45366817155756206 0.5208946322067595 0.005304740406320542 0.015944333996023855
1 0.15365237020316025 0.52470675944334 0.011142212189616254 0.013628230616302188
15 0.1638961625282167 0.5250695825049702 0.008153498871331828 0.012365805168986083
1 0.23955304740406322 0.5247117296222664 0.0059683972911963885 0.02159045725646123
15 0.8126952595936794 0.5248508946322068 0.0046230248306997745 0.019880715705765408
15 0.2319232505643341 0.5271819085487078 0.009670428893905193 0.01062624254473161
15 0.14206546275395035 0.5280019880715705 0.005124153498871332 0.018230616302186878
1 0.9314627539503386 0.5292395626242544 0.004686230248306998 0.02070576540755467
1 0.43804966139954854 0.5294681908548707 0.005670428893905192 0.027127236580516897
1 0.4264379232505643 0.5297365805168985 0.0032144469525959367 0.01573558648111332
15 0.4313024830699774 0.5297365805168985 0.004817155756207675 0.01573558648111332
15 0.9509480812641083 0.5370278330019881 0.010248306997742663 0.01242544731610338
1 0.24461399548532733 0.5381908548707753 0.004352144469525959 0.016739562624254474
1 0.3887426636568849 0.5404671968190855 0.004573363431151242 0.021292246520874754
1 0.7662257336343116 0.5414811133200795 0.009200902934537245 0.03127236580516899
1 0.7991399548532732 0.5428479125248509 0.010920993227990972 0.01014910536779324
15 0.23432054176072234 0.5433399602385686 0.011756207674943566 0.011133200795228627
1 0.7445936794582393 0.5445675944333996 0.00927765237020316 0.011600397614314115
1 0.7521783295711061 0.5461182902584493 0.004582392776523702 0.02464214711729622
1 0.7901151241534988 0.5471769383697813 0.009124153498871333 0.03272365805168986
15 0.4268329571106095 0.5501391650099404 0.004907449209932279 0.016779324055666
1 0.4313498871331829 0.5498658051689861 0.0049119638826185105 0.018220675944333995
9 0.275589164785553 0.550969184890656 0.052758465011286684 0.11585487077534791
1 0.7815801354401806 0.5520427435387674 0.004695259593679458 0.02257455268389662
1 0.8347516930022573 0.5517296222664015 0.009909706546275395 0.012007952286282306
15 0.23144695259593678 0.55279324055666 0.007814898419864559 0.012147117296222665
1 0.24076975169300224 0.5547514910536779 0.008401805869074491 0.010099403578528827
15 0.14093227990970655 0.5576838966202783 0.004663656884875847 0.017952286282306162
9 0.6570564334085779 0.5621719681908548 0.15564785553047403 0.33507952286282305
15 0.23164559819413094 0.5632107355864812 0.010018058690744921 0.011113320079522862
1 0.24145372460496617 0.5658648111332008 0.008866817155756207 0.014433399602385686
15 0.3166568848758465 0.56889662027833 0.009386004514672686 0.008568588469184889
1 0.20888939051918737 0.5722564612326044 0.00965237020316027 0.009324055666003977
1 0.9540000000000001 0.5719831013916501 0.027187358916478555 0.05052683896620278
15 0.30806320541760723 0.574627236580517 0.008451467268623024 0.010089463220675944
1 0.5737088036117381 0.5760238568588469 0.009720090293453726 0.008906560636182904
1 0.23257336343115123 0.5760039761431411 0.011873589164785554 0.010854870775347912
15 0.24152370203160273 0.5766153081510935 0.009909706546275395 0.010089463220675944
15 0.45491422121896163 0.5769781312127237 0.009602708803611738 0.020755467196819085
15 0.4451512415349887 0.5781013916500994 0.009941309255079007 0.021013916500994035
15 0.3172121896162528 0.5818141153081511 0.008690744920993228 0.008558648111332008
1 0.16378329571106093 0.5813817097415507 0.0070248306997742664 0.025586481113320077
15 0.4356952595936795 0.5820079522862823 0.005476297968397292 0.02485089463220676
1 0.2088081264108352 0.5826789264413519 0.007683972911963883 0.008300198807157058
1 0.8449503386004515 0.5840357852882704 0.009539503386004514 0.03685884691848906
15 0.1994627539503386 0.5843339960238569 0.009760722347629798 0.011610337972166998
1 0.9055981941309256 0.5858996023856858 0.009841986455981942 0.010765407554671967
1 0.23266365688487586 0.5877733598409542 0.010248306997742663 0.008548707753479125
15 0.8027336343115125 0.5882604373757455 0.00998194130925508 0.009522862823061631
15 0.30756433408577877 0.5879025844930417 0.00925959367945824 0.018747514910536778
15 0.24226410835214449 0.588513916500994 0.010487584650112868 0.008041749502982106
15 0.1916094808126411 0.5905019880715705 0.004889390519187359 0.01798210735586481
15 0.18726862302483072 0.5906560636182903 0.0052370203160270875 0.020278330019880716
1 0.7768871331828443 0.5926093439363816 0.004338600451467269 0.018220675944333995
1 0.20002031602708803 0.5952683896620279 0.009069977426636568 0.011610337972166998
15 0.30805191873589166 0.5971272365805169 0.0075259593679458245 0.011351888667992048
1 0.7809954853273138 0.5991749502982107 0.004428893905191873 0.01345924453280318
1 0.5740383747178329 0.606610337972167 0.01037923250564334 0.01242544731610338
1 0.7862618510158014 0.6070874751491054 0.005932279909706547 0.03127236580516899
15 0.19969525959367945 0.6073956262425447 0.010225733634311512 0.008031809145129225
1 0.30880361173814896 0.6078280318091451 0.009029345372460496 0.0128727634194831
9 0.4122099322799097 0.614990059642147 0.03886681715575621 0.08286282306163022
1 0.23621896162528216 0.6156013916500994 0.010135440180586907 0.008538767395626243
1 0.21773589164785553 0.6157554671968192 0.008383747178329572 0.010834990059642148
15 0.22669977426636567 0.6161083499005964 0.007349887133182844 0.009552683896620277
1 0.9546094808126411 0.6161381709741551 0.01034762979683973 0.03148111332007952
15 0.24835214446952597 0.6168489065606362 0.008216704288939052 0.0110337972166998
15 0.2728216704288939 0.620009940357853 0.0029796839729119636 0.023320079522862823
15 0.2836839729119639 0.6206958250497018 0.004839729119638827 0.018727634194831012
1 0.9291422121896163 0.6218339960238569 0.030744920993227988 0.0627534791252485
15 0.28887358916478556 0.6217147117296223 0.004383747178329571 0.020765407554671968
1 0.793313769751693 0.6218936381709742 0.006492099322799098 0.021123260437375745
1 0.26816704288939053 0.6226093439363818 0.005408577878103837 0.022554671968190856
1 0.26196162528216704 0.6234741550695826 0.00563882618510158 0.022296222664015906
15 0.26758916478555306 0.6441153081510934 0.004252821670428894 0.023817097415506958
1 0.2623656884875846 0.6476540755467196 0.006446952595936794 0.02493041749502982
15 0.7671941309255079 0.6493737574552684 0.005720090293453725 0.01842942345924453
15 0.7723792325056433 0.6652982107355865 0.005255079006772009 0.014493041749502982
1 0.9261602708803612 0.6800844930417494 0.02839277652370203 0.0381013916500994
15 0.7533160270880361 0.685924453280318 0.005051918735891648 0.021948310139165008
15 0.7729706546275396 0.685924453280318 0.005534988713318284 0.021948310139165008
15 0.7487607223476298 0.6866302186878728 0.003164785553047404 0.01739562624254473
15 0.78186230248307 0.6872713717693837 0.00525959367945824 0.02464214711729622
15 0.7658216704288939 0.6865059642147118 0.004781038374717833 0.021123260437375745
1 0.7436433408577878 0.6888667992047713 0.004668171557562077 0.019880715705765408
1 0.9553724604966141 0.6897564612326044 0.010067720090293454 0.009731610337972166
1 0.9550135440180587 0.6994681908548708 0.010252821670428893 0.013250497017892644
15 0.7517720090293454 0.7091600397614314 0.004672686230248307 0.02070576540755467
1 0.9130112866817155 0.7093886679920477 0.005706546275395034 0.017186878727634195
1 0.7398893905191873 0.7099502982107356 0.004383747178329571 0.02029821073558648
15 0.7688600451467269 0.7106759443339961 0.00544018058690745 0.021749502982107354
15 0.7469458239277652 0.7108399602385687 0.004952595936794583 0.020089463220675945
9 0.8758600451467269 0.7117495029821074 0.07316478555304741 0.09745526838966204
1 0.9551083521444695 0.7119980119284294 0.010442437923250563 0.008489065606361828
1 0.9548261851015801 0.7207157057654076 0.009878103837471782 0.012007952286282306
15 0.2791805869074492 0.7288817097415506 0.012085778781038375 0.012435387673956261
15 0.7425485327313769 0.7323956262425447 0.007896162528216703 0.009522862823061631
15 0.9129638826185101 0.7318787276341948 0.005611738148984199 0.01842942345924453
1 0.7078374717832957 0.744741550695825 0.004388261851015801 0.02029821073558648
1 0.6730812641083521 0.7461679920477137 0.005304740406320542 0.017186878727634195
1 0.6925959367945823 0.7471023856858847 0.005507900677200903 0.019055666003976145
1 0.6621670428893905 0.7477435387673956 0.006049661399548533 0.01636182902584493
1 0.6987110609480812 0.7469781312127237 0.0041941309255079 0.022783300198807158
1 0.245489841986456 0.7478578528827038 0.013327313769751693 0.014602385685884692
1 0.5908148984198646 0.7482405566600397 0.005106094808126411 0.021332007952286285
1 0.2187629796839729 0.7481660039761431 0.01585553047404063 0.0191948310139165
1 0.6824153498871331 0.7487176938369782 0.006817155756207675 0.02029821073558648
1 0.6574920993227991 0.7489214711729621 0.004826185101580135 0.02070576540755467
15 0.9133882618510157 0.7492544731610338 0.006460496613995485 0.01739562624254473
15 0.6362957110609481 0.7487375745526839 0.0030654627539503385 0.01636182902584493
15 0.652 0.7493986083499006 0.004677200902934537 0.01967196819085487
15 0.6412076749435667 0.7500844930417495 0.004762979683972913 0.019055666003976145
15 0.6317990970654628 0.7502485089463221 0.00400451467268623 0.01739562624254473
1 0.6218081264108353 0.7509095427435387 0.005693002257336343 0.02070576540755467
1 0.6268036117381489 0.7509095427435387 0.004848758465011287 0.02070576540755467
15 0.6453024830699774 0.7506411530815109 0.003923250564334085 0.022157057654075545
1 0.941354401805869 0.7609145129224653 0.027178329571106098 0.05860834990059642
1 0.2457200902934537 0.7620278330019881 0.013787810383747177 0.015109343936381709
1 0.19444018058690746 0.7639363817097415 0.007841986455981942 0.028866799204771372
15 0.651331828442438 0.769279324055666 0.005146726862302484 0.01967196819085487
1 0.7302325056433409 0.776282306163022 0.004031602708803612 0.021749502982107354
1 0.7624582392776523 0.775969184890656 0.00527765237020316 0.021123260437375745
1 0.24638148984198646 0.7768787276341947 0.012401805869074491 0.011013916500994037
15 0.7510925507900678 0.7791600397614314 0.0105372460496614 0.011600397614314115
15 0.19310835214446953 0.784110337972167 0.011498871331828442 0.013548707753479126
1 0.2461602708803612 0.7918389662027834 0.012862302483069977 0.015089463220675944
15 0.914647855530474 0.7948558648111332 0.006270880361173815 0.021123260437375745
9 0.21803837471783294 0.7954075546719681 0.032465011286681715 0.0699403578528827
1 0.7174356659142211 0.7973807157057654 0.010040632054176072 0.008280318091451293
15 0.1932392776523702 0.7977385685884691 0.011760722347629798 0.012972166998011929
1 0.9764830699774266 0.7988518886679921 0.004433408577878104 0.017186878727634195
15 0.9721467268623024 0.7998906560636183 0.006595936794582392 0.019264413518886678
1 0.865038374717833 0.8036381709741551 0.029851015801354405 0.05260437375745527
20 0.9301851015801355 0.8054821073558649 0.018383747178329572 0.03044731610337972
15 0.9502144469525959 0.8056858846918489 0.005169300225733634 0.020914512922465208
1 0.2469729119638826 0.8082455268389662 0.014487584650112868 0.0160934393638171
1 0.18946275395033862 0.8089363817097415 0.011431151241534989 0.011510934393638171
1 0.7178510158013544 0.8089811133200796 0.008162528216704289 0.011600397614314115
9 0.8958668171557562 0.814527833001988 0.030108352144469525 0.06046719681908549
15 0.9142054176072234 0.8154423459244533 0.004483069977426636 0.016570576540755468
1 0.24662528216704288 0.82139662027833 0.01379232505643341 0.014562624254473161
15 0.9507358916478555 0.8249453280318091 0.005309255079006772 0.01967196819085487
1 0.18947404063205417 0.829368787276342 0.01235665914221219 0.016590457256461234
20 0.9715011286681715 0.8316153081510934 0.011625282167042889 0.025059642147117298
1 0.24719187358916478 0.8368091451292247 0.014022573363431151 0.015566600397614315
9 0.7468758465011286 0.8373707753479125 0.049959367945823924 0.07434393638170975
15 0.708196388261851 0.8404771371769384 0.00871783295711061 0.010974155069582504
15 0.6995124153498872 0.8483250497017892 0.010311512415349887 0.010765407554671967
1 0.7158171557562077 0.85389662027833 0.005900677200902935 0.015944333996023855
15 0.8325033860045147 0.8551838966202784 0.009927765237020315 0.010566600397614315
1 0.7790090293453725 0.8564015904572564 0.008582392776523702 0.0070377733598409545
1 0.7200316027088035 0.8571471172962226 0.004397291196388262 0.024433399602385684
1 0.6152889390519187 0.8625546719681909 0.0043927765237020315 0.021332007952286285
1 0.6089864559819413 0.8637574552683898 0.005331828442437923 0.021749502982107354
1 0.5603792325056434 0.8671123260437377 0.0047313769751693 0.020506958250497018
15 0.9076997742663657 0.8664910536779324 0.007724604966139955 0.009324055666003977
1 0.5679616252821671 0.8670874751491053 0.0045462753950338605 0.024433399602385684
15 0.8397088036117382 0.8681262425447317 0.004474040632054176 0.016570576540755468
15 0.8439435665914221 0.8691600397614314 0.003914221218961626 0.018638170974155068
20 0.8244492099322799 0.8745427435387674 0.013683972911963882 0.01946322067594433
15 0.9087426636568848 0.8797614314115307 0.00800451467268623 0.012007952286282306
15 0.9281083521444696 0.8797614314115307 0.009715575620767494 0.012007952286282306
15 0.9374966139954852 0.8804870775347913 0.009530474040632054 0.01345924453280318
1 0.732548532731377 0.8824155069582506 0.011372460496613996 0.01532803180914513
1 0.4496546275395034 0.8843836978131213 0.007209932279909707 0.029204771371769384
15 0.8418081264108352 0.8856013916500993 0.007769751693002258 0.005795228628230616
15 0.4837088036117381 0.8870626242544731 0.004889390519187359 0.020646123260437375
20 0.8113792325056433 0.8870129224652088 0.012826185101580135 0.016570576540755468
1 0.7728916478555304 0.8881312127236581 0.005376975169300226 0.022783300198807158
15 0.454803611738149 0.8891202783300199 0.004866817155756207 0.020785288270377733
15 0.8755282167042889 0.8904075546719682 0.004781038374717833 0.01739562624254473
15 0.7669074492099323 0.8898906560636183 0.004243792325056434 0.01636182902584493
15 0.7617246049661399 0.8906163021868788 0.004713318284424379 0.017813121272365808
15 0.85358690744921 0.8903677932405567 0.005142212189616253 0.01532803180914513
15 0.8595530474040632 0.8905715705765407 0.005336343115124154 0.01573558648111332
15 0.8852483069977427 0.8905715705765407 0.00525959367945824 0.01573558648111332
15 0.8903024830699774 0.8908200795228628 0.007241534988713318 0.018220675944333995
15 0.3724424379232506 0.8914512922465209 0.005381489841986456 0.01749502982107356
15 0.36236568848758466 0.8912574552683897 0.00599548532731377 0.021083499005964214
15 0.3667674943566591 0.8912226640159047 0.005769751693002257 0.019025844930417497
15 0.9281444695259594 0.8918588469184892 0.011593679458239277 0.010357852882703777
15 0.849372460496614 0.891734592445328 0.006645598194130926 0.014085487077534792
1 0.8806185101580135 0.8927087475149106 0.004126410835214448 0.01802186878727634
15 0.382510158013544 0.8932952286282306 0.00655530474040632 0.0191948310139165
15 0.37781038374717835 0.892837972166998 0.004379232505643341 0.016292246520874753
15 0.8013589164785553 0.8935337972166998 0.006329571106094808 0.01967196819085487
20 0.9074559819413093 0.8945079522862823 0.013557562076749435 0.013667992047713717
4 0.8160948081264109 0.09035288270377735 0.06740406320541761 0.11509940357852884
15 0.8420158013544018 0.894840954274354 0.009088036117381489 0.010357852882703777
15 0.8228577878103838 0.895934393638171 0.008695259593679458 0.010556660039761431
1 0.7466027088036117 0.9010934393638171 0.005169300225733634 0.02485089463220676
1 0.7567471783295711 0.9013021868787277 0.006496613995485328 0.025268389662027834
1 0.7509322799097066 0.9022117296222664 0.004799097065462755 0.021123260437375745
20 0.9405079006772009 0.9054423459244533 0.011038374717832956 0.03354870775347912
1 0.8571918735891648 0.9058797216699802 0.006934537246049661 0.010566600397614315
15 0.8225575620767493 0.9067693836978131 0.007191873589164785 0.010357852882703777
15 0.8371218961625282 0.9067246520874751 0.008329571106094807 0.008280318091451293
15 0.812686230248307 0.9076192842942347 0.008216704288939052 0.008081510934393639
1 0.8473205417607224 0.9078876739562625 0.007959367945823928 0.006630218687872763
15 0.8040022573363431 0.9083399602385686 0.00981038374717833 0.009522862823061631
15 0.45577426636568846 0.9083349900596421 0.005002257336343115 0.019453280318091452
15 0.5142167042889391 0.9083349900596421 0.004505643340857788 0.019453280318091452
1 0.8299887133182844 0.9097514910536779 0.00399548532731377 0.02029821073558648
1 0.9212663656884876 0.9107007952286282 0.004158013544018059 0.018220675944333995
1 0.9163634311512415 0.9109095427435387 0.005187358916478556 0.018638170974155068
15 0.4967562076749436 0.9108697813121273 0.005702031602708804 0.01855864811133201
15 0.9310519187358918 0.9113220675944333 0.005670428893905192 0.01946322067594433
15 0.43304063205417603 0.9112077534791252 0.0037787810383747176 0.021222664015904575
15 0.8847787810383747 0.9114463220675944 0.004320541760722348 0.01573558648111332
1 0.9257539503386005 0.9121123260437376 0.0050067720090293455 0.019055666003976145
1 0.8993905191873589 0.912589463220676 0.005553047404063206 0.01802186878727634
1 0.8707494356659142 0.9122763419483101 0.005155756207674943 0.01739562624254473
1 0.7966817155756208 0.9127335984095428 0.005101580135440181 0.02029821073558648
15 0.8892483069977426 0.9124850894632207 0.004230248306997742 0.017813121272365808
1 0.8948352144469526 0.9124850894632207 0.0036659142212189613 0.017813121272365808
15 0.8755282167042889 0.9128976143141153 0.004781038374717833 0.018638170974155068
1 0.8798577878103837 0.9131063618290259 0.0044108352144469525 0.019055666003976145
15 0.7912144469525959 0.913682902584493 0.005002257336343115 0.018220675944333995
15 0.8372641083521445 0.9167097415506958 0.008613995485327312 0.010357852882703777
1 0.8224446952595936 0.9177037773359842 0.010577878103837472 0.010357852882703777
1 0.8568058690744921 0.9174552683896621 0.007968397291196387 0.0078727634194831
1 0.8127336343115124 0.9180765407554672 0.008311512415349886 0.009115308151093439
1 0.8471241534988714 0.9188021868787277 0.009372460496613996 0.010566600397614315
15 0.8033769751693003 0.9182803180914513 0.007656884875846501 0.009522862823061631
15 0.4668690744920993 0.9218638170974155 0.008230248306997742 0.006749502982107356
15 0.4586907449209932 0.922748508946322 0.009029345372460496 0.008518886679920477
15 0.49467042889390517 0.926655069582505 0.009656884875846502 0.0123558648111332
1 0.7716997742663657 0.9375844930417495 0.01563431151241535 0.02029821073558648
4 0.6242483069977427 0.09458747514910537 0.1171196388261851 0.14941351888667992
9 0.328979683972912 0.9545129224652088 0.03132279909706546 0.050178926441351884
15 0.35830925507900674 0.9574055666003976 0.007814898419864559 0.006262425447316103
15 0.350155756207675 0.9581212723658051 0.008663656884875847 0.009681908548707754
4 0.38930022573363426 0.9636083499005964 0.05805869074492099 0.03656063618290258
15 0.2957088036117381 0.9653727634194831 0.0045101580135440186 0.018220675944333995
15 0.3001467268623025 0.9667097415506958 0.00435665914221219 0.0189065606361829
15 0.3586839729119639 0.9695626242544731 0.007661399548532731 0.010695825049701789
15 0.35045146726862303 0.9699602385685885 0.008352144469525959 0.009502982107355866