1 0.41163259345794395 0.8508361344537815 0.0534053738317757 0.057974789915966385
1 0.9034316588785046 0.9491218487394958 0.06971378504672897 0.052865546218487394
1 0.9573014018691589 0.1340294117647059 0.022079439252336446 0.08318487394957982
1 0.9810397196261682 0.14373529411764707 0.023995327102803738 0.08410924369747899
20 0.5047517523364486 0.2581890756302521 0.06791471962616823 0.08948739495798319
4 0.04018983644859814 0.30981932773109244 0.028977803738317758 0.2599747899159664
1 0.2380081775700935 0.34473949579831936 0.02508177570093458 0.07939495798319328
1 0.34638434579439253 0.37042857142857144 0.05375 0.050100840336134454
1 0.433767523364486 0.3720504201680672 0.03575934579439252 0.08863865546218487
20 0.2354322429906542 0.04739075630252101 0.0327803738317757 0.05276470588235294
4 0.04001752336448598 0.6673949579831934 0.033306074766355144 0.11126050420168068
1 0.6707067757009346 0.6795 0.022488317757009345 0.09009243697478991
4 0.04547897196261682 0.8059159663865546 0.0313785046728972 0.13115966386554623