4 0.5916132450331126 0.10546296296296297 0.11567682119205298 0.13880116959064326
4 0.05072185430463576 0.10692982456140351 0.09826490066225166 0.10079922027290449
1 0.08995099337748344 0.18807992202729046 0.015133774834437086 0.023333333333333334
15 0.07369933774834436 0.1972076023391813 0.008060927152317881 0.014298245614035088
15 0.9221907284768212 0.21411306042884992 0.005441059602649006 0.0383625730994152
15 0.9165377483443709 0.21584307992202728 0.003141721854304636 0.039873294346978554
15 0.9115112582781457 0.21633040935672512 0.006333774834437086 0.03694931773879142
20 0.09418940397350993 0.22016569200779726 0.01248476821192053 0.03682261208576998
15 0.11838807947019868 0.22078460038986356 0.012670198675496689 0.034161793372319685
15 0.08405298013245033 0.22433235867446394 0.009165562913907285 0.029561403508771927
15 0.48154701986754966 0.22600877192982455 0.014219867549668874 0.02901559454191033
9 0.06743841059602648 0.22681286549707602 0.0135523178807947 0.04621832358674464
15 0.36918807947019866 0.23780701754385966 0.012018543046357615 0.031169590643274854
1 0.5098013245033113 0.2525146198830409 0.012450331125827815 0.05473684210526315
1 0.3178344370860927 0.26581384015594545 0.011033112582781456 0.06769005847953216
1 0.9148516556291391 0.27114522417153997 0.0034781456953642386 0.025721247563352825
1 0.14513907284768213 0.2714814814814815 0.008423841059602649 0.020545808966861596
1 0.9188198675496689 0.2742836257309942 0.004527152317880795 0.02225146198830409
1 0.9224993377483444 0.2742300194931774 0.0034092715231788077 0.02019493177387914
20 0.40327814569536424 0.2832797270955166 0.029337748344370862 0.13770955165692006
20 0.3470701986754967 0.2938840155945419 0.031888741721854304 0.15891812865497076
20 0.4550940397350993 0.2964912280701754 0.03813509933774835 0.15048732943469786
1 0.22820794701986755 0.3017933723196881 0.006614569536423841 0.030487329434697858
15 0.9194569536423841 0.30369883040935675 0.014278145695364237 0.03624756335282651
15 0.9524635761589404 0.3229727095516569 0.003470198675496689 0.018265107212475633
20 0.284958940397351 0.3225146198830409 0.01150728476821192 0.03684210526315789
20 0.2701854304635762 0.3234356725146199 0.009509933774834436 0.028937621832358675
15 0.9579086092715232 0.3529824561403509 0.004823841059602649 0.023703703703703703
20 0.8039907284768212 0.36427875243664715 0.029173509933774832 0.1145224171539961
15 0.9373086092715233 0.36874269005847954 0.007067549668874172 0.010389863547758284
1 0.9506238410596026 0.37242690058479533 0.010386754966887417 0.02360623781676413
15 0.9380251655629139 0.3816861598440546 0.007441059602649007 0.012884990253411307
1 0.28496158940397354 0.3825877192982456 0.023698013245033112 0.0673196881091618
15 0.26937615894039735 0.39168128654970763 0.0063019867549668875 0.015331384015594543
1 0.9304649006622517 0.3954044834307992 0.010863576158940397 0.028625730994152047
1 0.8405271523178808 0.4020224171539961 0.01006092715231788 0.0574561403508772
15 0.9541112582781457 0.4037475633528265 0.00888476821192053 0.01997076023391813
15 0.9423258278145696 0.41142300194931775 0.003856953642384106 0.0197270955165692
15 0.9564940397350993 0.42281189083820664 0.009941721854304636 0.015214424951267055
15 0.2635496688741722 0.42975633528265106 0.005245033112582781 0.031052631578947366
15 0.2840754966887417 0.4314912280701754 0.003912582781456953 0.028674463937621835
15 0.2765867549668874 0.43371345029239766 0.00376953642384106 0.02922027290448343
15 0.958333774834437 0.4605653021442495 0.010972185430463577 0.040038986354775825
15 0.7923788079470199 0.46821150097465886 0.010717880794701987 0.05728070175438597
20 0.26841986754966884 0.4752046783625731 0.008098013245033113 0.0439766081871345
20 0.28507682119205296 0.47585282651072125 0.009623841059602649 0.04332358674463938
1 0.27701324503311253 0.48403021442495126 0.005682119205298013 0.040185185185185185
1 0.26087152317880796 0.487280701754386 0.00677615894039735 0.03693957115009747
20 0.7352238410596026 0.49130604288499025 0.02726887417218543 0.08982456140350877
15 0.9283165562913908 0.4966861598440546 0.004977483443708609 0.01286549707602339
15 0.27933907284768217 0.5213499025341131 0.0029165562913907282 0.025155945419103314
15 0.9511973509933774 0.5212816764132554 0.009944370860927152 0.03476608187134503
15 0.27405562913907283 0.5215107212475634 0.00294569536423841 0.023528265107212475
1 0.7052079470198676 0.5232602339181287 0.011740397350993378 0.06796296296296296
1 0.6294437086092716 0.5252095516569201 0.009615894039735099 0.06991228070175438
1 0.03050198675496689 0.5472124756335284 0.019149668874172188 0.03984405458089669
9 0.9217231788079471 0.5493421052631579 0.01245298013245033 0.046052631578947366
1 0.4474900662251656 0.5644736842105262 0.04147019867549669 0.16208576998050683
1 0.40106490066225164 0.5723099415204679 0.049282119205298014 0.15046783625730994
20 0.31129403973509934 0.5727144249512671 0.04828344370860928 0.1610233918128655
1 0.35418543046357615 0.5769736842105263 0.03499337748344371 0.17538986354775826
1 0.9167364238410596 0.5815058479532164 0.007247682119205298 0.009015594541910331
9 0.9018728476821193 0.588879142300195 0.015666225165562913 0.03155945419103314
15 0.7293536423841059 0.5965350877192982 0.00599205298013245 0.0410233918128655
1 0.915558940397351 0.5967836257309941 0.006482119205298013 0.018128654970760234
15 0.7379019867549669 0.6111013645224171 0.00931390728476821 0.013625730994152048
15 0.7680807947019868 0.6123489278752436 0.009803973509933775 0.027816764132553604
15 0.7890490066225165 0.6178752436647174 0.004588079470198675 0.021325536062378168
15 0.9429721854304636 0.6212670565302144 0.00303046357615894 0.02226120857699805
1 0.939794701986755 0.6219688109161793 0.003033112582781457 0.023664717348927878
1 0.6567907284768213 0.6271588693957115 0.013449006622516557 0.06523391812865498
9 0.7795576158940397 0.6339619883040937 0.012625165562913907 0.035955165692007796
15 0.8008940397350993 0.6369931773879142 0.006026490066225166 0.0147270955165692
20 0.7424185430463577 0.6383528265107213 0.01092980132450331 0.04473684210526316
1 0.7596052980132451 0.6416033138401559 0.010866225165562914 0.04733918128654971
9 0.906964238410596 0.6457504873294346 0.013133774834437086 0.053684210526315786
15 0.27877615894039737 0.6610672514619883 0.012386754966887417 0.021939571150097467
15 0.5484913907284767 0.6643762183235867 0.008241059602649007 0.01686159844054581
15 0.5353364238410596 0.6657846003898635 0.00789139072847682 0.01577972709551657
15 0.5670609271523179 0.6749415204678363 0.008294039735099337 0.018499025341130605
1 0.5350264900662252 0.6843664717348927 0.009920529801324504 0.017855750487329434
15 0.5489033112582782 0.6848538011695906 0.00694569536423841 0.014931773879142301
1 0.42399337748344373 0.6882261208576999 0.04056953642384106 0.10354775828460039
1 0.42612317880794703 0.6946637426900585 0.04641854304635761 0.10667641325536063
15 0.2263205298013245 0.700443469785575 0.009727152317880794 0.022719298245614035
15 0.5516543046357616 0.70364522417154 0.00503046357615894 0.019376218323586745
15 0.5556860927152318 0.7064619883040936 0.007796026490066225 0.015263157894736843
15 0.20982384105960267 0.7090545808966862 0.013819867549668874 0.024346978557504874
15 0.6051112582781457 0.7107992202729044 0.012341721854304637 0.02198830409356725
15 0.45988079470198673 0.7136744639376218 0.015390728476821193 0.12130604288499025
15 0.565794701986755 0.713182261208577 0.01 0.02675438596491228
15 0.5368370860927152 0.7244444444444444 0.00665430463576159 0.016140350877192983
15 0.6183311258278146 0.7323830409356725 0.005403973509933774 0.02811890838206628
9 0.5097456953642384 0.7412426900584795 0.02929271523178808 0.06338206627680312
1 0.5535523178807946 0.7515302144249513 0.004588079470198675 0.03912280701754386
15 0.27943841059602653 0.7527680311890839 0.00682384105960265 0.03769980506822612
15 0.05825430463576159 0.7591423001949318 0.006309933774834437 0.023157894736842106
1 0.6298370860927153 0.7669395711500975 0.008283443708609272 0.04070175438596491
15 0.6171933774834437 0.7808576998050683 0.005247682119205298 0.0315009746588694
20 0.597487417218543 0.7846345029239766 0.03418013245033113 0.10728070175438596
1 0.524917880794702 0.7886842105263159 0.006656953642384105 0.014015594541910332
1 0.5068198675496688 0.7888937621832358 0.005957615894039735 0.014434697855750488
15 0.49325298013245034 0.7913304093567252 0.009552317880794702 0.017358674463937622
1 0.3959456953642384 0.7911257309941521 0.028447682119205297 0.09102339181286549
20 0.6900754966887417 0.7943079922027291 0.0323364238410596 0.12662768031189084
15 0.25671920529801323 0.7990253411306042 0.004829139072847682 0.03469785575048733
15 0.6372834437086092 0.7991081871345029 0.007282119205298013 0.01537037037037037
15 0.2617205298013245 0.8047124756335282 0.004235761589403974 0.028528265107212476
15 0.5257417218543047 0.8081286549707603 0.01095364238410596 0.021715399610136455
15 0.2786582781456953 0.8090448343079922 0.008442384105960266 0.04109161793372319
1 0.5153986754966887 0.8112085769980506 0.0045721854304635766 0.0317738791423002
15 0.624025165562914 0.8192056530214424 0.005136423841059602 0.030224171539961014
15 0.631471523178808 0.8307992202729044 0.005724503311258278 0.03391812865497076
1 0.4235629139072848 0.8321393762183236 0.03917880794701987 0.14576023391812867
15 0.6357841059602649 0.8368664717348928 0.004283443708609272 0.03435672514619883
1 0.6401668874172186 0.8395711500974659 0.0035125827814569536 0.024171539961013646
15 0.6703165562913908 0.8502972709551657 0.009772185430463575 0.018333333333333333
1 0.06255364238410596 0.8634990253411307 0.04510728476821192 0.18898635477582845
1 0.1150794701986755 0.8697222222222223 0.03572185430463576 0.2111793372319688
15 0.46564768211920526 0.8742690058479532 0.017388079470198676 0.11500974658869395
15 0.47873642384105963 0.8751900584795322 0.015486092715231789 0.10515594541910331
15 0.6404172185430463 0.9126949317738791 0.0040132450331125825 0.026169590643274857
4 0.9431788079470199 0.09307992202729044 0.11364238410596027 0.14327485380116958
15 0.6193165562913907 0.9317592592592593 0.005785430463576159 0.04090643274853801
1 0.6270847682119205 0.9447563352826511 0.010725827814569537 0.02401559454191033