1 0.8862365269461079 0.6673531175059952 0.10241317365269462 0.079310551558753
15 0.3426032934131737 0.6965857314148681 0.010356287425149702 0.040653477218225424
15 0.35432634730538926 0.6971672661870504 0.01404191616766467 0.039418465227817744
15 0.32917215568862274 0.6995653477218226 0.013434131736526946 0.039418465227817744
15 0.31657634730538925 0.7032943645083933 0.011595808383233533 0.04927458033573141
15 0.6673473053892216 0.7035371702637889 0.009544910179640717 0.04016786570743405
15 0.6399580838323353 0.7044364508393285 0.009257485029940121 0.027577937649880094
15 0.6529790419161676 0.7065347721822542 0.007754491017964072 0.03537170263788969
15 0.626935628742515 0.7077338129496403 0.01075748502994012 0.03297362110311751
1 0.2056631736526946 0.7265227817745803 0.08258383233532933 0.09213429256594724
1 0.5276646706586826 0.7281205035971223 0.09065868263473054 0.10012589928057554
15 0.7954790419161677 0.7497002398081535 0.011317365269461078 0.01498800959232614
1 0.8966107784431138 0.7590887290167866 0.05130538922155689 0.09251798561151078
1 0.6847095808383233 0.7679856115107914 0.012532934131736527 0.02997601918465228
1 0.7406991017964072 0.7697841726618705 0.014332335329341316 0.026378896882494004
9 0.7894910179640718 0.7880695443645084 0.022095808383233533 0.047362110311750596
1 0.7815598802395209 0.8258393285371702 0.006233532934131736 0.023381294964028777
1 0.7444565868263473 0.827416067146283 0.03442215568862275 0.06610311750599521
1 0.6890344311377246 0.8290167865707434 0.03255988023952096 0.05971223021582733
15 0.6597140718562875 0.835431654676259 0.017631736526946107 0.11330935251798561
1 0.7698847305389221 0.8360311750599521 0.016416167664670658 0.04016786570743405
1 0.9012095808383234 0.8437170263788969 0.015592814371257485 0.07712230215827337
15 0.6333697604790419 0.8477218225419664 0.030811377245508982 0.13069544364508393
15 0.8836377245508982 0.855740407673861 0.010389221556886229 0.06759592326139088
1 0.3031976047904192 0.8612769784172662 0.08663473053892216 0.18898081534772185
1 0.5563637724550898 0.8685521582733813 0.09655988023952096 0.19154076738609113
1 0.4268068862275449 0.8721462829736211 0.09732634730538922 0.20352517985611512
15 0.7905404191616767 0.8932853717026379 0.009823353293413174 0.011990407673860911
22 0.22434131736526944 0.9030275779376499 0.0007784431137724551 0.001498800959232614
15 0.764497005988024 0.9064748201438849 0.014023952095808385 0.013189448441247002
15 0.7906901197604791 0.9064748201438849 0.00772754491017964 0.013189448441247002
15 0.7784161676646706 0.907074340527578 0.011922155688622755 0.01079136690647482
15 0.7890434131736528 0.9232613908872902 0.008625748502994012 0.008393285371702638
15 0.7784176646706586 0.9358513189448441 0.01012874251497006 0.014388489208633094
15 0.7677904191616767 0.9364508393285371 0.008634730538922155 0.01079136690647482
15 0.7891931137724552 0.9367505995203836 0.009523952095808383 0.012589928057553957
4 0.8461152694610778 0.9405485611510792 0.06648203592814371 0.030977218225419666
4 0.1847005988023952 0.9456175059952038 0.11011976047904191 0.05910071942446043
15 0.7841047904191616 0.9481414868105515 0.007730538922155689 0.0077937649880095924
15 0.7787155688622754 0.9610311750599521 0.007730538922155689 0.013189448441247002
15 0.7893428143712575 0.9610311750599521 0.00802694610778443 0.011990407673860911
15 0.7688383233532934 0.9625299760191847 0.007736526946107785 0.011390887290167866
1 0.9067140718562875 0.17847721822541965 0.030194610778443112 0.07158273381294965
1 0.4822260479041916 0.2192476019184652 0.014751497005988025 0.06919064748201438
1 0.49890269461077846 0.21936450839328536 0.018763473053892216 0.0670263788968825
1 0.2266437125748503 0.2362080335731415 0.03532335329341318 0.15227218225419664
1 0.18940868263473054 0.24324940047961632 0.03929640718562874 0.14836930455635491
1 0.15104191616766469 0.243273381294964 0.03202395209580838 0.07047961630695444
1 0.26838473053892214 0.24437350119904078 0.0433562874251497 0.15421462829736213
1 0.5780404191616766 0.24561151079136692 0.035721556886227544 0.1578896882494005
1 0.6170344311377245 0.24620203836930454 0.03466766467065868 0.16026978417266186
1 0.5396497005988025 0.24855815347721824 0.038580838323353295 0.15658872901678658
1 0.30349251497005986 0.29773081534772183 0.016565868263473053 0.034310551558753
1 0.6467050898203592 0.29930155875299763 0.013170658682634732 0.03625299760191846
15 0.7991946107784431 0.3447242206235012 0.01455688622754491 0.011990407673860911
1 0.4464476047904192 0.351423860911271 0.015050898203592815 0.02778776978417266
15 0.8258008982035928 0.36068645083932854 0.006691616766467066 0.030725419664268585
15 0.8043218562874251 0.3674310551558753 0.007446107784431138 0.026229016786570743
15 0.8722275449101796 0.3752997601918465 0.062419161676646705 0.04196642685851319
1 0.7928398203592815 0.3992236211031175 0.01801497005988024 0.021468824940047964
1 0.7506586826347305 0.41164268585131897 0.019281437125748504 0.02232613908872902
15 0.8751826347305389 0.41396882494004794 0.06353892215568863 0.03896882494004796
9 0.7967994011976047 0.4360011990407674 0.02054491017964072 0.043465227817745804
15 0.8755568862275449 0.44836630695443647 0.0642874251497006 0.0322242206235012
15 0.7767410179640719 0.46567745803357313 0.005577844311377245 0.022482014388489208
1 0.7959101796407186 0.47400479616306956 0.019964071856287426 0.02474820143884892
15 0.8742095808383233 0.479091726618705 0.06279041916167664 0.03372302158273381
15 0.8013982035928144 0.49565347721822545 0.014173652694610779 0.016486810551558755
15 0.7897994011976047 0.500599520383693 0.005946107784431137 0.023980815347721823
15 0.8736482035928144 0.5143135491606715 0.061667664670658685 0.03821942446043165
1 0.2664116766467066 0.05234412470023981 0.03342215568862275 0.06871702637889689
1 0.1886002994011976 0.05665767386091127 0.034086826347305386 0.06655275779376499
1 0.885937125748503 0.5842446043165468 0.10301197604790419 0.08575539568345324