4 0.8364510258107214 0.09462557077625572 0.07197551290536068 0.06870319634703197
15 0.31571972203838516 0.11773059360730592 0.008673064195896757 0.01080365296803653
9 0.34489907346128396 0.1288675799086758 0.03658835208471211 0.10613698630136986
15 0.31580079417604234 0.13145205479452055 0.008835208471211118 0.012675799086757991
15 0.38261250827266713 0.13400913242009133 0.008772336201191265 0.026922374429223746
9 0.76771012574454 0.13499086757990866 0.023176704169424224 0.052630136986301375
15 0.06989245532759762 0.14129223744292238 0.009407677035076108 0.019570776255707762
15 0.10604235605559231 0.14161187214611873 0.009569821310390471 0.020210045662100457
15 0.11864328259430841 0.1410867579908676 0.009622766379880873 0.017333333333333333
15 0.08193580410324289 0.14140639269406394 0.010330906684315022 0.017972602739726028
15 0.09404533421575115 0.14236529680365295 0.009401058901389809 0.01989041095890411
15 0.055458305757776306 0.14315068493150684 0.005688285903375248 0.02511415525114155
15 0.22237756452680343 0.14509132420091325 0.010605559232296492 0.01986301369863014
15 0.19549636002647253 0.14512785388127852 0.01045003309066843 0.021762557077625568
15 0.3159761747187293 0.14611415525114155 0.00984778292521509 0.012776255707762557
15 0.20896757114493714 0.14652511415525113 0.009596293845135672 0.019077625570776257
15 0.3155939774983455 0.16141095890410959 0.010407015221707477 0.012319634703196348
1 0.5794573130377233 0.16762557077625573 0.02589013898080741 0.057625570776255707
15 0.7954169424222369 0.16957990867579908 0.007114493712772998 0.0268310502283105
15 0.3737756452680344 0.17642465753424658 0.009629384513567174 0.013123287671232876
15 0.9860092653871607 0.18006392694063925 0.006432825943084051 0.027707762557077624
15 0.8296426207809398 0.18492237442922374 0.010046326935804104 0.013680365296803653
15 0.8393663136995367 0.18512785388127853 0.009639311714096625 0.014091324200913241
15 0.8196078755790867 0.18558447488584476 0.009169424222369292 0.013178082191780821
15 0.22145929847782925 0.18562100456621003 0.010092653871608206 0.02055707762557078
15 0.8589973527465254 0.1857853881278539 0.009192587690271344 0.013579908675799087
15 0.8097005294506949 0.18599086757990868 0.009209133024487094 0.013990867579908675
15 0.8491826604897419 0.18553424657534245 0.009417604235605559 0.013077625570776257
15 0.19556585043017868 0.18740639269406392 0.009927200529450696 0.01864840182648402
15 0.2089576439444077 0.18772602739726027 0.009576439444076771 0.019287671232876714
9 0.767620780939775 0.2035068493150685 0.021674387822634016 0.05084931506849315
4 0.04172733289212442 0.22408219178082192 0.036465916611515554 0.1778447488584475
1 0.9403673064195897 0.23150228310502283 0.02699536730641959 0.0283013698630137
1 0.8601737260092654 0.23447488584474885 0.009559894109861019 0.012328767123287671
9 0.6761432825943084 0.2589954337899544 0.06241230972865652 0.09972602739726028
1 0.3334050297816016 0.25986301369863013 0.004334877564526803 0.022922374429223746
1 0.3205145598941099 0.26107762557077624 0.005026472534745202 0.027178082191780823
1 0.32713103904698876 0.2605753424657534 0.005023163467902052 0.02617351598173516
15 0.3128590337524818 0.2613881278538813 0.004937127729980145 0.025972602739726028
15 0.7652978160158835 0.26581278538812786 0.006439444076770351 0.02934246575342466
15 0.631187954996691 0.2705342465753425 0.008901389808074122 0.01138812785388128
9 0.8219540039708803 0.27709132420091326 0.04231965585704831 0.07929680365296804
9 0.39387326273990736 0.2820593607305936 0.02401389808074123 0.05087671232876712
9 0.2977713434811383 0.29931963470319634 0.015132362673726009 0.03790867579908676
15 0.7655923229649239 0.29966666666666664 0.006366644606221045 0.027643835616438357
15 0.3420946393117141 0.2998584474885845 0.003845135671740569 0.024374429223744293
22 0.354427531436135 0.30112785388127855 0.013289212442091329 0.03421917808219178
1 0.3239841164791529 0.3094520547945206 0.027187293183322303 0.014337899543378994
1 0.07875909993381866 0.3185570776255708 0.022508272667107875 0.05446575342465754
15 0.8473163467902052 0.33046575342465756 0.006346790205162144 0.028968036529680365
15 0.630471542025149 0.3321415525114155 0.008792190602250165 0.012228310502283105
15 0.4173527465254798 0.33330593607305936 0.008100595632031768 0.012730593607305935
15 0.7654450694904038 0.33499086757990865 0.006733951025810722 0.027059360730593607
9 0.5102068166776969 0.3374109589041096 0.0991694242223693 0.27299543378995433
15 0.41704831237590995 0.3463881278538813 0.008815354070152217 0.011497716894977169
9 0.2177051621442753 0.35493150684931507 0.03368960953011251 0.15461187214611874
9 0.14173726009265386 0.3555342465753425 0.033970880211780276 0.15581735159817353
15 0.41711283917935144 0.36154337899543376 0.009606221045665123 0.014410958904109589
9 0.3931105228325612 0.367013698630137 0.021826604897418927 0.05092237442922374
15 0.570132362673726 0.3677442922374429 0.0065784248841826605 0.026812785388127855
9 0.6298808735936466 0.36876255707762556 0.023494374586366645 0.05442009132420091
15 0.7651522170747849 0.36863926940639274 0.00614824619457313 0.026776255707762556
22 0.3588236267372601 0.3700547945205479 0.0220814030443415 0.03873972602739726
15 0.6071095301125082 0.37193150684931503 0.009056915949702184 0.011442922374429223
9 0.30979814692256785 0.37206849315068496 0.021978821972203837 0.03911415525114155
15 0.4168861681005956 0.3756666666666667 0.00915287888815354 0.01160730593607306
1 0.03881369953673064 0.3836940639269406 0.020049636002647253 0.05505936073059361
15 0.4168778954334878 0.388662100456621 0.008474520185307742 0.012027397260273973
1 0.07985936465916611 0.39677168949771685 0.018752481800132365 0.05381735159817352
15 0.7655823957643945 0.40468949771689494 0.00700860357379219 0.025817351598173516
15 0.9623163467902052 0.4048173515981735 0.006697551290536069 0.027899543378995435
15 0.9202432164129715 0.4069041095890411 0.0066015883520847115 0.03024657534246575
15 0.32869126406353405 0.4077625570776256 0.004834546657842488 0.026484018264840183
15 0.8496508934480477 0.4085159817351598 0.005721376571806751 0.027990867579908676
9 0.3088914626075447 0.43530136986301365 0.02215089344804765 0.037726027397260276
15 0.7650479814692257 0.4365799086757991 0.0066015883520847115 0.02567123287671233
15 0.41548808735936466 0.43783561643835617 0.00900397088021178 0.011744292237442921
22 0.3928474520185308 0.4400045662100457 0.02328590337524818 0.05261187214611872
15 0.2888153540701522 0.4434063926940639 0.005162144275314361 0.024712328767123287
15 0.34109530112508274 0.4629634703196347 0.0051555261416280605 0.02729680365296804
15 0.8521310390469887 0.47126940639269405 0.00671078755790867 0.029296803652968034
15 0.8303689609530113 0.4717305936073059 0.00686631369953673 0.0265662100456621
4 0.6191495698213104 0.478392694063927 0.060271343481138315 0.05084931506849315
1 0.0795946393117141 0.47842009132420094 0.018223031105228327 0.056383561643835615
15 0.9050761085373924 0.47867579908675795 0.00671078755790867 0.027671232876712328
1 0.03886168100595632 0.47898173515981735 0.01816015883520847 0.055680365296803654
15 0.39290536068828585 0.480283105022831 0.009503639973527465 0.014447488584474887
1 0.24730972865651887 0.48174885844748855 0.02605559232296492 0.05756164383561644
1 0.21491892786234282 0.4821598173515982 0.01885175380542687 0.05655707762557077
1 0.13508934480476506 0.4832191780821918 0.023322303110522833 0.05867579908675799
1 0.42741892786234287 0.48482191780821915 0.017643944407677036 0.052748858447488584
9 0.8751009265387161 0.4916301369863014 0.022207147584381203 0.05175342465753425
15 0.8302945069490404 0.5066438356164383 0.007379219060225017 0.026986301369863016
15 0.8523510919920582 0.506648401826484 0.00715089344804765 0.025168949771689497
15 0.9050016545334215 0.513392694063927 0.007223692918596955 0.02404566210045662
15 0.1304715420251489 0.5365296803652968 0.00614493712772998 0.026484018264840183
15 0.09717074784910655 0.5367534246575343 0.006386499007279947 0.026931506849315067
15 0.20680509596293847 0.5380639269406392 0.005933156849768365 0.027726027397260274
15 0.16231469225678358 0.5377808219178082 0.006297154202514891 0.027159817351598173
15 0.8217488418266048 0.5562785388127854 0.00484778292521509 0.025799086757990867
15 0.8274106551952349 0.556689497716895 0.004920582395764394 0.024794520547945204
15 0.815794176042356 0.5573470319634702 0.0048510919920582395 0.02610958904109589
15 0.8330625413633355 0.5573470319634702 0.004311714096624752 0.02610958904109589
9 0.2766495698213104 0.5684840182648402 0.01855393778954335 0.06482191780821918
15 0.3110506287227002 0.5708904109589041 0.005291197882197221 0.023972602739726026
15 0.29930675049636 0.5708356164383562 0.004966909331568498 0.025689497716894976
15 0.3054831237590999 0.5712420091324201 0.004745201853077432 0.026502283105022832
15 0.3168249503639974 0.571648401826484 0.004927200529450695 0.025488584474885844
9 0.7959546657842489 0.5840456621004566 0.027382528127068168 0.05393607305936073
15 0.9049272005294507 0.589716894977169 0.0077365982792852415 0.026922374429223746
9 0.8746409662475182 0.602675799086758 0.021949040370615486 0.05101369863013699
9 0.3352250165453342 0.6091643835616438 0.026505625413633355 0.05303196347031963
9 0.5042620780939775 0.6165022831050229 0.018451356717405692 0.06405479452054795
9 0.3714195896757115 0.6167077625570776 0.018815354070152217 0.06446575342465753
9 0.5579003970880212 0.6171689497716895 0.019176042356055592 0.061735159817351594
9 0.6103772336201191 0.6171689497716895 0.018901389808074123 0.061735159817351594
9 0.451277299801456 0.6177716894977169 0.01771012574454004 0.06476712328767123
9 0.6372865651886168 0.6177716894977169 0.019113170086035736 0.06294063926940639
9 0.4245880211780278 0.6175205479452054 0.017938451356717407 0.06243835616438356
9 0.47798808735936466 0.6175205479452054 0.019510258107213765 0.06243835616438356
9 0.3982561217736598 0.6179771689497716 0.01888153540701522 0.061525114155251144
9 0.5312475181998677 0.6183789954337899 0.019477167438782264 0.06415525114155252
9 0.5838550628722701 0.6181278538812786 0.01814030443414957 0.06365296803652969
15 0.8326489080079417 0.6193059360730594 0.0048080741230972866 0.029479452054794523
15 0.8160324288550629 0.6190547945205479 0.005327597617471873 0.02715068493150685
15 0.8271972203838518 0.6197123287671233 0.004493712772998015 0.028465753424657535
15 0.8218960953011251 0.619662100456621 0.00514228987425546 0.028365296803652965
15 0.7498792190602251 0.6212374429223744 0.006045665122435473 0.02786301369863014
15 0.6947832561217737 0.6216301369863013 0.00571475843812045 0.02499543378995434
15 0.90524156187955 0.6247899543378995 0.007041694242223694 0.025835616438356163
15 0.2706568497683653 0.6297716894977169 0.009877564526803441 0.017534246575342465
15 0.257643944407677 0.6306301369863013 0.009662475181998677 0.019251141552511414
15 0.28245698213103904 0.63037899543379 0.010314361350099272 0.018748858447488585
15 0.3113649900727995 0.6358995433789953 0.004596293845135672 0.026136986301369864
15 0.2995466578424884 0.6363561643835616 0.004784910655195236 0.025223744292237445
15 0.3167885506287227 0.6361050228310502 0.004192587690271344 0.024721461187214612
15 0.30550132362673726 0.6367625570776255 0.004781601588352085 0.026036529680365298
15 0.7509083388484447 0.0641324200913242 0.008765718067504964 0.01136986301369863
15 0.35515552614162804 0.6603744292237443 0.010774321641297154 0.018465753424657533
4 0.041853077432164126 0.6915479452054795 0.024804765056254133 0.23789041095890412
4 0.9754963600264724 0.7007671232876712 0.022468563864990073 0.24536986301369865
4 0.10548808735936464 0.07520091324200913 0.08854070152217075 0.06273059360730593
15 0.2941528788881535 0.7571735159817352 0.0006154864328259431 0.0020182648401826484
15 0.29270350761085373 0.7684109589041096 0.005658504301786897 0.028146118721461187
15 0.09724023825281271 0.7686849315068494 0.009834546657842488 0.02321461187214612
15 0.29796988749172737 0.7686392694063927 0.004940436796823296 0.026776255707762556
15 0.1458454665784249 0.7695159817351598 0.009758438120450033 0.0193972602739726
15 0.12139311714096626 0.7705114155251142 0.009827928524156187 0.02138812785388128
15 0.8963517538054269 0.7715251141552512 0.009778292521508934 0.019762557077625573
15 0.48510092653871606 0.7720867579908676 0.011234281932495037 0.020885844748858448
15 0.5094738583719391 0.772027397260274 0.011667769688947716 0.02442009132420091
15 0.9209612839179352 0.7719269406392694 0.010684976836532098 0.0205662100456621
15 0.8724917273328922 0.7723333333333333 0.010370615486432826 0.021378995433789953
15 0.5339195896757115 0.7724383561643836 0.01158504301786896 0.02158904109589041
1 0.44383189940436796 0.775365296803653 0.020026472534745203 0.06579908675799087
15 0.7509331568497685 0.07788584474885844 0.008815354070152217 0.01147945205479452
1 0.8319142951687625 0.777324200913242 0.021207809397749834 0.06971689497716896
1 0.8477183984116479 0.7807442922374429 0.0038418266048974186 0.02906849315068493
1 0.18266048974189278 0.782958904109589 0.0066181336863004635 0.0755068493150685
15 0.3551158173395103 0.7838173515981735 0.010033090668431503 0.015123287671232876
1 0.4626075446724024 0.7841735159817351 0.005956320317670417 0.028621004566210046
15 0.7644490403706155 0.7868812785388127 0.021949040370615486 0.03038356164383562
1 0.16132528127068166 0.7883972602739726 0.006303772336201192 0.029762557077625575
1 0.5492471872931833 0.789068493150685 0.005178689609530112 0.027452054794520547
1 0.936542025148908 0.791 0.004784910655195236 0.025835616438356163
15 0.40504301786896096 0.791607305936073 0.02186631369953673 0.027050228310502283
15 0.3551158173395103 0.7992328767123288 0.010033090668431503 0.013077625570776257
15 0.7820135671740569 0.08139269406392693 0.008765718067504964 0.016666666666666666
15 0.30188947716743875 0.809041095890411 0.009470549305095964 0.014429223744292239
15 0.3551853077432164 0.8155479452054795 0.010172071475843812 0.014657534246575343
1 0.6292471872931833 0.8157397260273973 0.007005294506949041 0.10088584474885845
9 0.32585043017868964 0.8174018264840183 0.025625413633355392 0.051242009132420094
1 0.6663600264725348 0.8187260273972603 0.0057842488418266055 0.10685844748858447
1 0.7031171409662476 0.8197351598173516 0.007822634017207147 0.10887671232876713
15 0.764283587028458 0.8226118721461187 0.021618133686300462 0.028785388127853882
15 0.40516379880873593 0.8274840182648402 0.022107875579086698 0.0293972602739726
15 0.30188947716743875 0.8285022831050228 0.009470549305095964 0.014995433789954339
15 0.35533587028457975 0.830972602739726 0.009811383189940437 0.01263013698630137
15 0.5891859695565851 0.8355570776255707 0.006300463269358041 0.02727853881278539
15 0.5969424222369292 0.8359634703196347 0.005929847782925215 0.028091324200913242
15 0.604735274652548 0.8359634703196347 0.0062938451356717405 0.028091324200913242
15 0.5802713434811383 0.8355068493150685 0.005678358702845798 0.027178082191780823
15 0.35528623428193246 0.8465433789954339 0.00971211118464593 0.012721461187214612
15 0.7757362673726009 0.856662100456621 0.021360026472534745 0.031132420091324203
4 0.5087359364659166 0.8601187214611873 0.10681667769688948 0.10745205479452055
15 0.40528292521508935 0.8621963470319635 0.021022501654533423 0.027589041095890412
15 0.355132362673726 0.8622785388127855 0.010066181336863005 0.014968036529680366
4 0.12346955658504302 0.8634018264840182 0.10663467902051621 0.0939269406392694
4 0.8963087359364659 0.8649041095890412 0.10300794176042356 0.09145205479452055
1 0.4438352084712111 0.8846621004566211 0.010105890138980807 0.034164383561643835
1 0.8280410324288551 0.888634703196347 0.009490403706154863 0.032977168949771686
4 0.9769986763732627 0.8894292237442922 0.022164129715420252 0.09484018264840183
15 0.7760489741892785 0.8914794520547945 0.02132362673726009 0.029534246575342468
1 0.19317008603573793 0.8932465753424658 0.01043017868960953 0.03854794520547945
15 0.405584050297816 0.8974931506849315 0.020962938451356716 0.028776255707762557