1 0.44549774322968905 0.3855145929339478 0.010855065195586761 0.018341013824884792
1 0.4603109327983952 0.3967569124423963 0.016409227683049147 0.017016129032258066
1 0.5295361083249749 0.45314324116743465 0.006915747241725175 0.01227726574500768
1 0.5387048645937813 0.46089669738863287 0.010208124373119359 0.013191244239631337
1 0.546824222668004 0.46579493087557605 0.008392678034102307 0.013771121351766513
1 0.524864593781344 0.47102918586789555 0.008104312938816449 0.013486943164362518
1 0.5549749247743229 0.47215821812596004 0.010651955867602808 0.013440860215053764
1 0.554739217652959 0.472926267281106 0.01168505516549649 0.012672811059907835
1 0.5369495987963891 0.48219278033794166 0.008703610832497493 0.011236559139784948
1 0.4965847542627884 0.4839036098310292 0.009217652958876629 0.013122119815668203
1 0.5443480441323972 0.48716205837173576 0.008956870611835506 0.01119047619047619
15 0.4829087261785356 0.49165706605222737 0.008445336008024072 0.012499999999999999
1 0.5524511033099299 0.49443740399385566 0.006607321965897694 0.011916282642089094
15 0.4880980441323972 0.49629032258064515 0.006787863590772317 0.010245775729646698
1 0.5564480942828485 0.49753456221198156 0.007078736208625877 0.012734254992319506
1 0.4922906218655968 0.49989247311827956 0.008151955867602808 0.01130568356374808
1 0.5618881644934804 0.501518817204301 0.00742728184553661 0.012254224270353303
1 0.5670285857572718 0.5046889400921659 0.008179538615847541 0.010913978494623656
15 0.5704826980942829 0.5084158986175115 0.008568204613841526 0.013759600614439323
15 0.5757334503510532 0.5113671274961598 0.007535105315947844 0.011981566820276497
9 0.46094909729187566 0.5131029185867895 0.015679538615847543 0.03158218125960061
15 0.5800125376128386 0.5139842549923195 0.010576730190571716 0.0118394777265745
1 0.48442201604814444 0.5206835637480799 0.009465897693079237 0.01141321044546851
1 0.5982058676028085 0.5316743471582182 0.00784603811434303 0.010353302611367127
15 0.45018806419257773 0.5334600614439324 0.00870110330992979 0.010852534562211982
1 0.6324699097291876 0.5360195852534563 0.011178535606820462 0.014435483870967743
15 0.4543355065195587 0.5361482334869432 0.006965897693079238 0.011620583717357911
1 0.4793430290872618 0.5364093701996928 0.007331995987963891 0.009838709677419356
1 0.6051341524573721 0.537699692780338 0.009666499498495486 0.010883256528417819
15 0.45936685055165494 0.5396831797235023 0.008503009027081242 0.00947388632872504
1 0.5678598294884654 0.5413248847926266 0.006832998996990973 0.010453149001536098
15 0.4464769307923771 0.5432680491551459 0.007296890672016048 0.010499231950844854
9 0.5208174523570712 0.5432526881720431 0.10382146439317955 0.14180491551459293
1 0.5725463891675026 0.5449500768049155 0.008683550651955868 0.00925499231950845
15 0.45075727181544634 0.5464170506912442 0.007331995987963891 0.009116743471582181
1 0.6483425275827482 0.5487884024577573 0.014338014042126378 0.017699692780337943
15 0.45480315947843536 0.5501824116743471 0.006898194583751254 0.010503072196620585
1 0.4591499498495486 0.5523847926267281 0.006063189568706118 0.010299539170506912
1 0.6228610832497492 0.5526593701996928 0.011519558676028083 0.013920890937019969
15 0.443049147442327 0.554715821812596 0.006960882647943832 0.011121351766513058
15 0.4625438816449348 0.5558160522273425 0.006832998996990973 0.009481566820276498
15 0.44684428284854566 0.5573790322580645 0.006025576730190572 0.010303379416282642
1 0.5613716148445336 0.5587807219662059 0.007397191574724173 0.012338709677419357
15 0.4669245235707121 0.558863287250384 0.00857321965897693 0.010199692780337942
15 0.4505566700100301 0.5592492319508449 0.00592778335005015 0.010203533026113671
1 0.5670461384152458 0.5604838709677419 0.008214643931795386 0.009600614439324117
15 0.4374423269809428 0.5631067588325652 0.009287863590772317 0.014846390168970812
15 0.4543342527582748 0.5631931643625192 0.007966399197592778 0.01194700460829493
15 0.4433500501504513 0.5683659754224271 0.0080641925777332 0.011539938556067589
9 0.6047668004012036 0.5698751920122888 0.05908224674022066 0.08752304147465438
15 0.4478974423269809 0.5715399385560676 0.008633400200601805 0.011743471582181258
1 0.4743505516549649 0.5774155145929339 0.009383149448345035 0.01043778801843318
1 0.5553059177532598 0.5784907834101383 0.006298896690070211 0.011820276497695853
1 0.4827683049147442 0.5823137480798771 0.006659979939819458 0.011017665130568358
15 0.5592126379137412 0.5823118279569892 0.007592778335005016 0.011013824884792627
1 0.5750865095285858 0.5836539938556068 0.007244232698094283 0.010625960061443934
15 0.5633826479438315 0.5860579877112135 0.008410230692076229 0.010825652841781875
1 0.4867502507522568 0.5869700460829493 0.006599799398194584 0.011881720430107528
1 0.5781908224674022 0.5876152073732719 0.006431795386158475 0.0108678955453149
15 0.5680529087261785 0.5886501536098311 0.008723671013039117 0.01216973886328725
15 0.49002507522567706 0.5893951612903227 0.008635907723169509 0.012891705069124425
1 0.5823282347041123 0.5911674347158219 0.006181043129388164 0.008755760368663594
15 0.49502507522567707 0.5918433179723502 0.008605817452357072 0.01164362519201229
1 0.5865446339017051 0.5953456221198157 0.006589769307923771 0.0117357910906298
15 0.4983174523570712 0.595852534562212 0.007668004012036108 0.011213517665130568
1 0.5478761283851554 0.5974827188940093 0.005982948846539619 0.012937788018433179
15 0.5025802407221664 0.5981336405529953 0.007668004012036108 0.011167434715821812
1 0.5530478936810431 0.6007968509984639 0.006797893681043129 0.014957757296466975
1 0.5751341524573722 0.6007238863287251 0.009345536609829489 0.013275729646697388
15 0.5064994984954865 0.6018548387096774 0.009488465396188566 0.010929339477726575
1 0.5097442326980942 0.6052649769585253 0.007953861584754262 0.010837173579109063
1 0.6012938816449348 0.6067261904761905 0.007502507522567704 0.013759600614439323
1 0.5806356569709127 0.6071102150537634 0.006807923771313941 0.012223502304147465
1 0.5136785356068205 0.6085771889400922 0.007296890672016048 0.010549155145929339
15 0.5838214643931796 0.6102112135176652 0.008665997993981947 0.01228110599078341
1 0.5178009027081243 0.6109312596006145 0.007517552657973922 0.01064900153609831
1 0.6074072216649951 0.6113594470046083 0.008696088264794384 0.010737327188940092
1 0.7259378134403209 0.6121505376344086 0.012557673019057171 0.013855606758832564
15 0.5878811434302909 0.6128033794162826 0.007758274824473421 0.00978494623655914
1 0.5216411735205616 0.6135714285714285 0.007675526579739218 0.011321044546850999
1 0.6110280842527583 0.6144566052227343 0.007412236710130391 0.012323348694316437
15 0.5926140922768305 0.6162365591397849 0.009200100300902708 0.010506912442396312
1 0.6659415747241726 0.6168298771121351 0.014932296890672015 0.022446236559139784
1 0.6161848044132396 0.6174577572964669 0.00970160481444333 0.01064516129032258
1 0.5270950351053159 0.618181643625192 0.010559177532597793 0.014397081413210446
1 0.5990997993981946 0.6226190476190476 0.009633901705115347 0.01098310291858679
1 0.6718204613841524 0.6230721966205838 0.011644934804413238 0.024178187403993856
1 0.6377156469408225 0.623634792626728 0.012642928786359078 0.021463133640552995
1 0.7451078234704112 0.6238690476190476 0.009272818455366098 0.018091397849462364
1 0.6064669007021064 0.6270372503840246 0.00932296890672016 0.010602918586789554
15 0.6575488966900702 0.6370257296466975 0.010183049147442327 0.012146697388632872
1 0.534172517552658 0.6373060675883256 0.013179538615847542 0.01808371735791091
15 0.6618906720160481 0.6400979262672811 0.00933801404212638 0.009074500768049155
9 0.6458375125376128 0.6403840245775729 0.018856569709127382 0.0365284178187404
9 0.5801579739217653 0.6423598310291858 0.06352557673019057 0.06889784946236559
1 0.5415860080240722 0.6432142857142857 0.01245987963891675 0.022219662058371736
1 0.6561296389167502 0.6515226574500769 0.01386409227683049 0.019635176651305684
1 0.5517878635907724 0.6546524577572964 0.007286860581745235 0.01206989247311828
1 0.5549862086258776 0.6571966205837173 0.007163991975927784 0.012549923195084486
1 0.5591085757271815 0.6610618279569892 0.007384653961885657 0.009527649769585252
1 0.5625877632898696 0.6649270353302611 0.008324974924774324 0.011881720430107528
15 0.6351078234704112 0.6675902457757297 0.008931795386158474 0.011063748079877112
15 0.6411271313941825 0.6694162826420891 0.008432798395185558 0.013179723502304147
1 0.6497179037111334 0.6710157450076805 0.012575225677031093 0.017914746543778802
1 0.6205641925777332 0.6739938556067588 0.014448345035105316 0.021566820276497693
1 0.5777457372116349 0.6765015360983102 0.008049147442326982 0.015061443932411675
1 0.5832309428284855 0.6806778033794162 0.007484954864593781 0.013429339477726574
1 0.03151579739217653 0.0683678955453149 0.005860080240722167 0.013847926267281107
1 0.5875413741223671 0.6847830261136713 0.007078736208625877 0.010887096774193548
1 0.5922918756268807 0.6873271889400921 0.007552657973921765 0.010599078341013826
1 0.6430880140421265 0.6922407834101383 0.01486208625877633 0.027338709677419352
1 0.6508625877632899 0.6984831029185867 0.015867602808425276 0.02369431643625192
15 0.035300902708124374 0.07092933947772657 0.007412236710130391 0.01129032258064516
15 0.7471188565697092 0.7093068356374809 0.009784353059177534 0.010779569892473119
1 0.7546890672016048 0.7092857142857143 0.012888665997993981 0.018417818740399387
1 0.7302219157472417 0.7121178955453149 0.00908976930792377 0.014865591397849463
15 0.7352219157472417 0.7156451612903225 0.007555165496489468 0.010399385560675883
15 0.7385142928786359 0.7191263440860215 0.007620361083249749 0.00968125960061444
15 0.7424485957873621 0.7223444700460829 0.005960381143430291 0.009973118279569893
15 0.7465860080240723 0.7258486943164362 0.007715646940822467 0.011605222734254992
1 0.7851379137412237 0.7257488479262673 0.015110330992978937 0.022926267281105993
15 0.7501755265797392 0.7272907066052228 0.009378134403209629 0.01141705069124424
9 0.7273370110330992 0.72909178187404 0.01485456369107322 0.016555299539170506
1 0.7938691073219658 0.7313671274961597 0.01652457372116349 0.021874039938556068
15 0.03978184553660983 0.07374615975422427 0.006845536609829488 0.011547619047619048
1 0.7350025075225677 0.7358410138248849 0.01363590772316951 0.02160522273425499
15 0.7096100802407223 0.7379761904761905 0.007986459378134404 0.01589093701996928
15 0.7135920260782347 0.7418394777265745 0.007926278836509528 0.012096774193548387
1 0.7191236208625877 0.7482027649769585 0.012469909729187562 0.018678955453149
1 0.8768605817452357 0.7486040706605223 0.010992978936810432 0.01410522273425499
1 0.7781469408224674 0.7496140552995392 0.015672016048144433 0.02380568356374808
15 0.8807948846539619 0.7521562980030722 0.010336008024072217 0.011993087557603687
15 0.8847454864593781 0.7552764976958526 0.010714643931795385 0.012857142857142855
1 0.7868618355065196 0.756958525345622 0.013543129388164493 0.023133640552995393
9 0.7305667001003009 0.7576152073732718 0.015295887662988967 0.022910906298003072
15 0.8883036609829488 0.7581355606758833 0.008302407221664995 0.010894777265745009
1 0.7947153961885657 0.7611597542242703 0.014205115346038114 0.02078341013824885
15 0.8920962888665998 0.7620238095238095 0.011374122367101305 0.01175883256528418
15 0.8969872116349047 0.7646409370199693 0.008116850551654965 0.010080645161290322
1 0.8767828485456369 0.7664650537634409 0.008329989969909728 0.0114247311827957
1 0.8029601303911735 0.7668586789554532 0.01715396188565697 0.020660522273425498
15 0.9002006018054163 0.7681931643625192 0.00802407221664995 0.009504608294930876
1 0.7095398696088264 0.7682661290322581 0.010353560682046138 0.016562980030721968
1 0.770608074222668 0.7695391705069125 0.013131895687061183 0.018341013824884792
1 0.8799799398194584 0.7703072196620584 0.009207622868605818 0.011428571428571429
15 0.9044483450351053 0.7712423195084486 0.009498495486459379 0.010994623655913978
15 0.7136221163490472 0.7723790322580646 0.010995486459378135 0.011731950844854072
1 0.8849485957873622 0.7725633640552996 0.009616349047141424 0.011332565284178187
1 0.9092439819458376 0.7747484639016897 0.009059679037111334 0.01109447004608295
1 0.7185995486459379 0.7757066052227343 0.00841273821464393 0.012242703533026113
1 0.8885544132397191 0.7755645161290322 0.006797893681043129 0.010422427035330261
15 0.7223382647943831 0.7777323348694316 0.00987211634904714 0.010917818740399385
15 0.912770812437312 0.777797619047619 0.007587763289869609 0.009512288786482335
1 0.892660481444333 0.7789016897081413 0.007988966900702107 0.012488479262672813
15 0.043660982948846544 0.07812596006144393 0.008585757271815446 0.01032258064516129
15 0.9168154463390171 0.7803648233486943 0.008655967903711134 0.008502304147465438
15 0.7259428284854563 0.7812615207373271 0.011063189568706118 0.01183179723502304
1 0.785718405215647 0.7820468509984639 0.014265295887662989 0.018778801843317972
1 0.7308575727181544 0.7836559139784947 0.007352056168505517 0.012780337941628264
15 0.9213452858575727 0.7839189708141321 0.01019307923771314 0.009466205837173579
15 0.8107083751253761 0.7854934715821812 0.009581243731193581 0.01261520737327189
1 0.7341486960882647 0.787471198156682 0.007414744232698094 0.009658218125960061
15 0.8403021564694082 0.7881317204301076 0.008086760280842528 0.01097926267281106
15 0.9247304413239719 0.7882891705069124 0.009440822467402207 0.011294162826420892
15 0.9285080240722167 0.7894412442396314 0.008470411233701104 0.009758064516129032
15 0.8452394684052157 0.789788786482335 0.007931293881644935 0.012757296466973886
1 0.7647367101303911 0.7902899385560676 0.015932798395185556 0.01606374807987711
15 0.7372442326980944 0.790937019969278 0.008590772316950853 0.011213517665130568
1 0.9085707121364093 0.7932584485407066 0.008214643931795386 0.013552227342549922
15 0.848217151454363 0.7933179723502305 0.007367101303911735 0.012135176651305684
15 0.9326303911735205 0.7937154377880185 0.007688064192577733 0.009857910906298003
1 0.9529450852557673 0.793907450076805 0.007194082246740221 0.012546082949308757
15 0.7413503009027081 0.7942012288786482 0.008778836509528586 0.011597542242703533
1 0.9121125877632899 0.7953225806451613 0.008277331995987963 0.012304147465437787
1 0.8024736710130391 0.7956163594470046 0.00966148445336008 0.011355606758832565
15 0.8526065697091274 0.7965821812596007 0.008623370110330993 0.01251920122887865
1 0.9562211634904714 0.7966916282642089 0.008229689067201605 0.01120199692780338
15 0.9362048645937814 0.7968605990783411 0.008818956870611835 0.0092357910906298
15 0.7452219157472417 0.7972753456221198 0.009501003009027082 0.013905529953917051
1 0.8369571213640923 0.7985234254992319 0.009922266800401204 0.014865591397849463
1 0.9159215145436309 0.7991417050691245 0.00787111334002006 0.01379800307219662
15 0.9407660481444333 0.7996927803379417 0.00841273821464393 0.011059907834101382
15 0.8568066700100301 0.7998963133640552 0.007996489468405216 0.014539170506912441
1 0.7507635406218656 0.8003052995391705 0.009551153460381144 0.014589093701996928
1 0.9205303410230692 0.8011808755760369 0.008061685055165496 0.012499999999999999
1 0.779721664994985 0.8011194316436251 0.014809428284854565 0.0215937019969278
15 0.8405842527582749 0.8014823348694317 0.008149448345035105 0.011566820276497696
15 0.8608350050150452 0.8017684331797235 0.0090320962888666 0.011370967741935484
9 0.8065183049147442 0.8018145161290323 0.013237211634904714 0.01760752688172043
1 0.9440734704112337 0.8028379416282643 0.008006519558676027 0.00890168970814132
1 0.9240722166499498 0.8042300307219663 0.007622868605817452 0.010917818740399385
15 0.7842815947843531 0.8049385560675884 0.008884152457372117 0.012334869431643624
15 0.8448470411233701 0.8053225806451613 0.007146439317953861 0.010798771121351768
1 0.8138114343029087 0.8058045314900154 0.00876629889669007 0.017907066052227343
15 0.8641424272818455 0.8065706605222734 0.00962888665997994 0.01175883256528418
1 0.9276930792377132 0.8070391705069125 0.00884653961885657 0.012695852534562213
15 0.8184666499498495 0.8092357910906298 0.010052657973921766 0.012480798771121352
15 0.8484992477432297 0.8093548387096774 0.007429789368104313 0.011182795698924731
1 0.952678034102307 0.8101363287250384 0.00966900702106319 0.01197772657450077
15 0.047925025075225676 0.08112135176651306 0.00908976930792377 0.011705069124423963
1 0.9315496489468406 0.8106893241167434 0.009538615847542628 0.010779569892473119
15 0.8222918756268807 0.8121639784946236 0.009679037111334002 0.015264976958525345
15 0.8519483450351053 0.8126209677419355 0.008309929789368104 0.010034562211981566
1 0.7927294383149449 0.8131739631336405 0.008227181544633902 0.01651689708141321
1 0.9362825977933802 0.813905529953917 0.00947592778335005 0.010299539170506912
1 0.7975890170511534 0.8153091397849462 0.007916248746238716 0.015410906298003074
15 0.8556469408224674 0.8166551459293395 0.009689067201604815 0.01272657450076805
1 0.8309704112337011 0.8178014592933948 0.009984954864593781 0.013483102918586789
1 0.8021652457372116 0.817928187403994 0.00754012036108325 0.012968509984639017
15 0.8602244232698094 0.8183832565284179 0.006807923771313941 0.010038402457757297
15 0.8066800401203611 0.8213114439324117 0.008545636910732197 0.01512672811059908
15 0.8630453861584754 0.822031490015361 0.008437813440320963 0.009654377880184332
15 0.8674034603811435 0.8244105222734255 0.006622367101303912 0.012876344086021506
1 0.8387763289869609 0.8250038402457757 0.008545636910732197 0.016367127496159754
15 0.8100188064192578 0.8264016897081412 0.01070962888665998 0.012250384024577572
1 0.8724761785356068 0.8289400921658986 0.011752758274824473 0.012718894009216589
1 0.825498996990973 0.8332622887864823 0.00907221664994985 0.012146697388632872
9 0.8442778335005016 0.8358160522273426 0.021554663991975927 0.03261520737327189
15 0.8531657472417252 0.8379704301075268 0.008738716148445336 0.012346390168970814
1 0.8344182547642929 0.8396966205837174 0.007853560682046139 0.01119047619047619
15 0.8581983450351053 0.840466589861751 0.007770812437311935 0.01119431643625192
1 0.8619119859578735 0.8434408602150538 0.008678535606820461 0.010998463901689709
15 0.05148570712136409 0.08478302611367128 0.00768555667001003 0.011347926267281106
15 0.8659102306920762 0.8460599078341013 0.008650952858575728 0.01316436251920123
1 0.8700463891675024 0.8503091397849462 0.008397693079237713 0.013982334869431642
15 0.8482447342026078 0.851918202764977 0.007923771313941825 0.009519969278033794
1 0.8738553159478435 0.8549654377880184 0.00799147442326981 0.012542242703533026
15 0.8529463390170512 0.8551593701996928 0.008299899699097292 0.012162058371735791
15 0.8784490972918757 0.8563844086021506 0.006145937813440321 0.012307987711213516
1 0.8571464393179539 0.8576305683563749 0.008174523570712137 0.01172811059907834
15 0.8606745235707121 0.8608986175115209 0.0072066198595787355 0.012887864823348695
1 0.8815358575727181 0.8611597542242704 0.009310431293881646 0.012642089093701998
1 0.8645135406218656 0.8637288786482336 0.00786359077231695 0.01163594470046083
1 0.8689343029087262 0.8668509984639018 0.007678034102306921 0.014807987711213519
1 0.05606820461384152 0.08708909370199693 0.007321965897693079 0.015192012288786484
15 0.8738415245737212 0.8714381720430108 0.008465396188565696 0.010925499231950844
9 0.8878686058174524 0.8720430107526882 0.024984954864593782 0.03287250384024577
15 0.8980428786359077 0.8730222734254992 0.010228184553660983 0.013325652841781875
1 0.8780566700100301 0.875708525345622 0.011880641925777332 0.011785714285714287
15 0.9023219658976931 0.8766225038402458 0.00925777331995988 0.0136136712749616
15 0.8927607823470411 0.8854339477726575 0.007688064192577733 0.009731182795698925
15 0.8972116349047141 0.8893951612903226 0.007562688064192578 0.008437019969278033
1 0.03451479438314945 0.0893452380952381 0.008849047141424272 0.013559907834101383
1 0.039345536609829486 0.09021697388632872 0.004468405215646941 0.01991167434715822
15 0.06054789368104313 0.091392089093702 0.007755767301905717 0.01150921658986175
1 0.043549398194583755 0.09433563748079878 0.007861083249749249 0.013556067588325652
15 0.06489468405215647 0.0958467741935484 0.009929789368104314 0.01120199692780338
1 0.046252507522567696 0.09779377880184331 0.009756770310932798 0.014327956989247312
15 0.06813816449348044 0.09871543778801843 0.008392678034102307 0.010794930875576036
15 0.0722179037111334 0.1007642089093702 0.007525075225677032 0.010284178187403995
1 0.055851303911735206 0.10475998463901691 0.006386659979939819 0.01673963133640553
15 0.07604689067201605 0.10486175115207373 0.0076604814443329994 0.012334869431643624
15 0.08019307923771314 0.10721774193548386 0.009433299899699097 0.009366359447004608
1 0.058909227683049147 0.1084984639016897 0.009493480441323972 0.012695852534562213
15 0.08403836509528585 0.11036674347158218 0.006592276830491474 0.011824116743471582
1 0.06334002006018054 0.11177611367127496 0.008826479438314945 0.010802611367127495
15 0.08780090270812436 0.11390168970814132 0.008600802407221664 0.00967741935483871
1 0.06664994984954865 0.11495007680491551 0.010431293881644935 0.009470046082949308
1 0.09213640922768306 0.11643817204301074 0.006740220661985957 0.01705453149001536
1 0.0710142928786359 0.1179742703533026 0.011135907723169507 0.013982334869431642
1 0.07606318956870611 0.12209485407066052 0.011203610832497492 0.009934715821812596
1 0.07992602808425275 0.12432411674347159 0.009400702106318957 0.010552995391705068
1 0.08485832497492478 0.12668202764976957 0.009736710130391173 0.012964669738863286
1 0.16070085255767302 0.1541109831029186 0.009465897693079237 0.01866743471582181
1 0.1264368104312939 0.159744623655914 0.008139418254764294 0.014573732718894011
15 0.13090396188565695 0.1636520737327189 0.009551153460381144 0.010099846390168971
1 0.17783224674022066 0.16614823348694316 0.008623370110330993 0.025076804915514592
1 0.12133901705115345 0.17197772657450075 0.007973921765295888 0.013694316436251918
15 0.14260782347041123 0.1726651305683564 0.007883650952858576 0.011228878648233487
9 0.13538365095285856 0.17356566820276498 0.015501504513540623 0.026854838709677423
1 0.14735330992978937 0.17618663594470046 0.00834754262788365 0.013663594470046083
15 0.12727557673019058 0.17658410138248848 0.008312437311935808 0.010618279569892473
15 0.1384603811434303 0.18500960061443933 0.006609829488465396 0.00826804915514593
1 0.1426993480441324 0.18642857142857142 0.009571213640922768 0.014178187403993856
1 0.17469032096288867 0.19823540706605225 0.013874122367101303 0.02703917050691244
15 0.19255015045135407 0.2029877112135177 0.00997492477432297 0.016574500768049154
1 0.18186183550651955 0.2064573732718894 0.013172016048144433 0.02504992319508449
15 0.19644934804413242 0.20828725038402457 0.009247743229689067 0.011044546850998465
15 0.20119734202607822 0.21195084485407065 0.009716649949849549 0.014531490015360984
15 0.20530967903711134 0.21438364055299539 0.009917251755265796 0.01402073732718894
1 0.18753009027081244 0.21512864823348696 0.007958876629889668 0.014742703533026114
1 0.1922279338014042 0.21802035330261138 0.008327482447342027 0.015149769585253457
15 0.21007522567703107 0.2185311059907834 0.009919759277833501 0.013099078341013825
1 0.24309428284854565 0.21873655913978496 0.011263791374122367 0.019654377880184332
15 0.2146401705115346 0.22088709677419358 0.010022567703109327 0.015506912442396315
1 0.197086258776329 0.22170698924731186 0.009017051153460381 0.016378648233486944
15 0.2189205115346038 0.22529377880184331 0.009054663991975928 0.013567588325652842
1 0.20115596790371115 0.22672235023041473 0.007627883650952859 0.01488863287250384
15 0.22298269809428284 0.2295679723502304 0.00865346038114343 0.012899385560675885
1 0.25737462387161486 0.23095430107526882 0.012743229689067201 0.01720814132104455
1 0.21014167502507522 0.23300115207373273 0.007545135406218656 0.013621351766513056
15 0.22764794383149448 0.23333333333333334 0.008455366098294885 0.012749615975422427
1 0.21473921765295886 0.23651113671274962 0.006710130391173521 0.016801075268817203
15 0.23159353059177534 0.2376094470046083 0.008322467402206619 0.012085253456221197
1 0.23683676028084252 0.24004032258064517 0.008277331995987963 0.011570660522273426
15 0.24105190571715146 0.2439804147465438 0.008182046138415246 0.010234254992319508
1 0.22254764292878634 0.24423963133640553 0.009287863590772317 0.015360983102918587
1 0.2279012036108325 0.2472599846390169 0.005451354062186559 0.01756144393241167
15 0.24511534603811433 0.24779761904761904 0.008786359077231696 0.01326036866359447
1 0.23316574724172517 0.250568356374808 0.008457873620862586 0.014193548387096775
15 0.24989719157472418 0.2517665130568357 0.007316950852557673 0.013517665130568358
15 0.254561183550652 0.2552745775729647 0.009122367101303912 0.012085253456221197
1 0.23689317953861586 0.2554089861751152 0.008891675025075227 0.010817972350230416
15 0.25880892678034106 0.2580414746543779 0.008590772316950853 0.013010752688172044
1 0.24043756268806418 0.2593778801843318 0.009962387161484452 0.011075268817204302
15 0.2639079739217653 0.2623175883256529 0.007755767301905717 0.012346390168970814
1 0.2462061183550652 0.2632968509984639 0.010967903711133401 0.014304915514592934
15 0.26845536609829485 0.2666973886328725 0.008324974924774324 0.013425499231950844
1 0.2539806920762287 0.2695199692780338 0.010468906720160482 0.015230414746543778
15 0.2725689568706119 0.26964285714285713 0.008528084252758274 0.013172043010752687
1 0.2598996990972919 0.27267089093701996 0.009267803410230693 0.014619815668202765
15 0.27710005015045136 0.27261328725038403 0.00906469408224674 0.012968509984639017
15 0.2812963891675025 0.2754032258064516 0.007928786359077232 0.01163594470046083
1 0.26713891675025075 0.2806586021505377 0.009704112337011035 0.011394009216589862
1 0.27262286860581747 0.28450076804915514 0.00913741223671013 0.01216589861751152
1 0.27792251755265795 0.288110599078341 0.009706619859578736 0.012473118279569892
1 0.34961008024072215 0.30821812596006143 0.011155967903711135 0.012749615975422427
1 0.366663741223671 0.32094662058371737 0.01166248746238716 0.015933179723502305
1 0.43481444332999 0.37813748079877113 0.01205616850551655 0.013571428571428573
15 0.440582998996991 0.3806221198156682 0.010052657973921766 0.0123963133640553