1 0.7201657172449508 0.12857940446650123 0.006877265665458311 0.028870967741935483
1 0.7348808907301917 0.13058312655086848 0.006271361988606939 0.03535980148883375
15 0.905683583635422 0.13374069478908188 0.00815639564992232 0.03174937965260546
1 0.8981667529777317 0.13462158808933003 0.006587260486794407 0.03102977667493797
15 0.266017607457276 0.1346153846153846 0.006918694976696012 0.031017369727047148
1 0.8268332470222682 0.13581885856079404 0.007887105126877266 0.02598014888337469
1 0.8884671154842051 0.13602357320099256 0.007902641118591403 0.028870967741935483
1 0.8199482133609528 0.1361786600496278 0.007581563956499223 0.026699751861042183
15 0.2901967892283791 0.1365260545905707 0.007633350595546349 0.02987593052109181
15 0.6807871569135162 0.13622208436724567 0.007871569135163127 0.03174937965260546
1 0.861235111341274 0.13653846153846153 0.007296737441740031 0.027419354838709678
1 0.868335059554635 0.13674317617866005 0.006996374935266701 0.03031017369727047
1 0.8821672708441222 0.13674317617866005 0.006696012428793371 0.03031017369727047
1 0.8543500776799585 0.1361786600496278 0.006991196271361988 0.026699751861042183
15 0.673262558259969 0.13746277915632754 0.006286897980321077 0.03174937965260546
1 0.8752848265147591 0.13762406947890818 0.006395649922320041 0.029590570719602978
1 0.77909891248058 0.13777915632754342 0.006670119109269809 0.027419354838709678
1 0.7854634904194718 0.13726426799007443 0.0069704816157431385 0.028870967741935483
1 0.7995986535473848 0.1383002481389578 0.007276022786121181 0.02598014888337469
1 0.8343008803728639 0.13726426799007443 0.007286380113930606 0.028870967741935483
1 0.8476178146038322 0.13777915632754342 0.006991196271361988 0.027419354838709678
1 0.8065484205075091 0.13813895781637717 0.006675297773174521 0.02813895781637717
1 0.8136509580528224 0.13813895781637717 0.006380113930605904 0.02813895781637717
1 0.8409502848265148 0.13813895781637717 0.006084930088037286 0.02813895781637717
1 0.7929311237700674 0.13901985111662532 0.006369756602796479 0.027419354838709678
1 0.7582288969445884 0.13942928039702232 0.006359399274987053 0.03320099255583127
1 0.7652641118591403 0.13942928039702232 0.006965302951838425 0.03320099255583127
1 0.772281201450026 0.13870347394540944 0.005463490419471776 0.03174937965260546
1 0.744513205592957 0.1397890818858561 0.00689280165717245 0.03392059553349876
1 0.7517141377524599 0.1399441687344913 0.005758674262040393 0.03174937965260546
1 0.9170844122216468 0.1567245657568238 0.008171931641636458 0.045459057071960296
15 0.7436457793889176 0.17516749379652605 0.007229414810978768 0.030235732009925558
15 0.7514862765406525 0.1744106699751861 0.006338684619368203 0.028722084367245656
15 0.09639564992232004 0.17422456575682382 0.00739513205592957 0.033312655086848636
1 0.08585965820818228 0.17621588089330026 0.010145002589331951 0.039776674937965266
15 0.7310176074572761 0.18994416873449133 0.015116519937856034 0.015124069478908188
1 0.898016571724495 0.20218362282878413 0.006286897980321077 0.03464019851116625
15 0.731424132573796 0.20892679900744418 0.013858104609010876 0.015868486352357318
1 0.7463257379596064 0.20973945409429282 0.015696530295183843 0.027419354838709678
1 0.3672708441222165 0.2227047146401985 0.013671672708441222 0.018610421836228287
15 0.7316261004660798 0.22926799007444168 0.01322630761263594 0.014367245657568238
15 0.8933039875712067 0.23498138957816378 0.014469186949766961 0.015868486352357318
15 0.3673614707405489 0.2410483870967742 0.013852925945106162 0.018076923076923077
15 0.7307017089590885 0.2477667493796526 0.014484722941481096 0.016625310173697273
1 0.7467581563956499 0.24919354838709676 0.01448990160538581 0.01947890818858561
15 0.893350595546349 0.255105459057072 0.01352667011910927 0.018895781637717123
15 0.7307017089590885 0.2663771712158809 0.014484722941481096 0.016625310173697273
9 0.8383454168824443 0.2703349875930521 0.045411703780424646 0.11883374689826302
15 0.9308363542206111 0.271060794044665 0.015996892801657173 0.018548387096774192
15 0.9456784049715173 0.2716377171215881 0.0146090108751942 0.017220843672456576
1 0.8938632832729155 0.2738089330024814 0.013516312791299846 0.016600496277915634
1 0.8731512169860176 0.2826488833746898 0.013521491455204556 0.014429280397022334
1 0.7466053858104609 0.284454094292804 0.014184360435007768 0.018039702233250618
15 0.7312661833247023 0.2858498759305211 0.013542206110823407 0.015868486352357318
15 0.9452304505437598 0.2899193548387097 0.012677369238736406 0.016563275434243175
1 0.9312946659761782 0.29137717121588086 0.01380631796996375 0.01947890818858561
15 0.7312661833247023 0.30483870967741933 0.013542206110823407 0.016625310173697273
15 0.9459554634904195 0.3095223325062035 0.015163127912998446 0.018548387096774192
15 0.6794199896426723 0.3167369727047146 0.013423096841015019 0.023052109181141436
15 0.6637700673226308 0.3179776674937966 0.018373899533920247 0.023052109181141436
15 0.6919497669601242 0.32185483870967746 0.0063749352667011915 0.028325062034739452
1 0.7467477990678405 0.32348014888337473 0.014469186949766961 0.02165012406947891
15 0.7315794924909373 0.3250682382133995 0.01416882444329363 0.01738213399503722
1 0.9316623511134127 0.32932382133995036 0.013505955463490418 0.020930521091811417
15 0.9460590367685137 0.33003722084367243 0.014334541688244433 0.019875930521091812
15 0.731737441740031 0.34308933002481384 0.014484722941481096 0.021166253101736972
15 0.9460227861211807 0.34922456575682387 0.01322630761263594 0.018548387096774192
15 0.6707017089590885 0.3498883374689826 0.007379596064215432 0.032282878411910666
1 0.6631097876747799 0.3503846153846154 0.007731745209735888 0.030794044665012406
1 0.549738477472812 0.35217121588089334 0.012993267736923874 0.01947890818858561
15 0.5355722423614707 0.3529528535980149 0.014697048161574314 0.018560794044665013
15 0.35118591403417915 0.36259305210918114 0.010502330398757122 0.015508684863523574
1 0.9311393060590367 0.3679404466501241 0.013495598135680993 0.018759305210918113
15 0.9461962713619886 0.36750620347394536 0.0146090108751942 0.017890818858560795
15 0.6997177628171931 0.3715570719602978 0.0063749352667011915 0.03095533498759305
1 0.6803495598135681 0.3710049627791563 0.009067840497151735 0.039776674937965266
15 0.6920662868979803 0.3715570719602978 0.007643707923355774 0.03095533498759305
1 0.9191092698083894 0.37655707196029775 0.00807871569135163 0.03102977667493797
1 0.8712558259968928 0.37691687344913155 0.008694976696012428 0.03174937965260546
1 0.8872216468151216 0.3764019851116625 0.007483169342309684 0.03320099255583127
1 0.839368203003625 0.37655707196029775 0.008099430346970481 0.03102977667493797
1 0.9027576385292594 0.37727667493796524 0.007483169342309684 0.03246898263027295
1 0.8550543759709994 0.3780024813895782 0.00839979285344381 0.03392059553349876
1 0.7569704816157432 0.37908188585607944 0.009021232522009322 0.036079404466501236
1 0.7731745209735889 0.37924317617866005 0.009321595028482652 0.03392059553349876
1 0.7898757120662869 0.37903846153846155 0.0075090626618332474 0.03102977667493797
1 0.7410693940963232 0.37908188585607944 0.009326773692387364 0.036079404466501236
1 0.8078508544795443 0.3793982630272953 0.007208700155359917 0.03174937965260546
1 0.647856033143449 0.38296526054590574 0.007260486794407043 0.03143920595533499
15 0.6709658208182289 0.3839826302729529 0.007907819782496116 0.03099255583126551
15 0.6630191610564474 0.3838771712158809 0.007550491973070948 0.03326302729528536
15 0.6315432418436043 0.38425558312655084 0.008814085965820818 0.03401985111662531
15 0.6404997410668049 0.38463399503722084 0.00601242879337131 0.03477667493796526
15 0.5327446918694977 0.38830024813895786 0.0069704816157431385 0.02970223325062035
15 0.5243656136716727 0.40571960297766746 0.00885551527705852 0.032282878411910666
15 0.8791895390989124 0.41002481389578166 0.006954945624029 0.0284863523573201
15 0.9104401864319005 0.4104404466501241 0.008348006214396686 0.031799007444168734
15 0.9262558259968927 0.4110173697270471 0.008907301916105644 0.030471464019851114
15 0.8870973588814085 0.41126550868486356 0.007234593474883481 0.0284863523573201
15 0.8946245468669083 0.41134615384615386 0.007788710512687726 0.031129032258064515
15 0.8625142413257381 0.4119292803970223 0.007783531848783013 0.02981389578163772
15 0.8708001035732782 0.41134615384615386 0.007783531848783013 0.031129032258064515
15 0.9026721905748316 0.41134615384615386 0.008348006214396686 0.031129032258064515
15 0.9188296219575349 0.4115136476426799 0.007519419989642672 0.036426799007444166
15 0.8553650958052823 0.412258064516129 0.006949766960124288 0.030471464019851114
15 0.8473537027446919 0.4119292803970223 0.007498705334023822 0.02981389578163772
15 0.8391714137752461 0.4134987593052109 0.007705851890212325 0.030471464019851114
15 0.3517011910926981 0.41383995037220844 0.010497151734852408 0.01378411910669975
15 0.7733920248575867 0.4131699751861042 0.006649404453650958 0.02981389578163772
15 0.7991273951320559 0.41382754342431766 0.006333505955463491 0.031129032258064515
15 0.8236380113930606 0.4131699751861042 0.0077110305541170385 0.02981389578163772
15 0.7901191092698084 0.41357940446650127 0.00799585706887623 0.033114143920595536
15 0.8149378560331434 0.4134987593052109 0.0068824443293630235 0.030471464019851114
15 0.7490574831693424 0.4141625310173697 0.006659761781460383 0.031799007444168734
15 0.8307457276022786 0.41473945409429275 0.006390471258415329 0.030471464019851114
15 0.7407483169342309 0.4150682382133995 0.00661315380631797 0.031129032258064515
15 0.7645753495598135 0.4149875930521092 0.006623511134127394 0.0284863523573201
1 0.6788788192646297 0.41581885856079404 0.006126359399274987 0.030148883374689826
15 0.7573459347488348 0.4150682382133995 0.006664940445365096 0.031129032258064515
15 0.6626592439150699 0.41596774193548386 0.007866390471258415 0.027965260545905705
15 0.6711030554117038 0.4162406947890819 0.008182288969445884 0.03099255583126551
15 0.6869989642672191 0.4171029776674938 0.007866390471258415 0.030235732009925558
15 0.695080269290523 0.4174813895781638 0.008493008803728637 0.03099255583126551
15 0.6548808907301916 0.417636476426799 0.005774210253754531 0.02882133995037221
15 0.6481589849818747 0.4183188585607941 0.006830657690315899 0.03018610421836228
15 0.5326100466079752 0.42271712158808933 0.006701191092698084 0.02905707196029777
15 0.5248420507509063 0.43792803970223326 0.006701191092698084 0.02970223325062035
9 0.4394148109787675 0.43818858560794044 0.15899533920248574 0.3701736972704715
15 0.5331279129984464 0.4524937965260546 0.006701191092698084 0.02905707196029777
15 0.35285862247540134 0.45459057071960296 0.010740548938373898 0.010918114143920597
1 0.6482211289487312 0.4546029776674938 0.0059192128430864835 0.030794044665012406
15 0.5248213360952874 0.4705086848635236 0.005624029000517866 0.03034739454094293
15 0.8618487830139824 0.4713957816377171 0.007488348006214397 0.02715880893300248
15 0.8706525116519938 0.4721401985111663 0.007488348006214397 0.031129032258064515
9 0.2713024339720352 0.4739516129032258 0.08998964267219058 0.21589330024813894
15 0.853539616778871 0.47396401985111664 0.007441740031071983 0.02981389578163772
15 0.5334127395132056 0.4837841191066998 0.006235111341273951 0.027121588089330025
1 0.7306369756602796 0.48968362282878414 0.012283790781978249 0.05132754342431761
1 0.7464189539098912 0.48968362282878414 0.01174003107198343 0.05132754342431761
15 0.3530165717244951 0.4950620347394541 0.010020714655618851 0.014937965260545905
4 0.33224754013464525 0.050179900744416875 0.14352149145520454 0.07554590570719603
1 0.8297229414810978 0.4981637717121588 0.012630761263593993 0.053399503722084365
15 0.9209580528223718 0.5003598014888337 0.009704816157431382 0.050347394540942926
1 0.9414655618850337 0.5031947890818859 0.009290523045054377 0.04112903225806452
1 0.8870766442257897 0.5027481389578163 0.007193164163645779 0.03031017369727047
15 0.5254738477472812 0.5039578163771712 0.0058933195235629215 0.027766749379652605
1 0.9519057483169343 0.5054776674937965 0.010491973070947696 0.038250620347394536
1 0.8522345934748835 0.5077109181141439 0.006903158984981875 0.03031017369727047
1 0.8432340756084931 0.5079590570719603 0.009616778871051269 0.038250620347394536
15 0.8605126877265666 0.5087034739454094 0.0068876229932677375 0.02981389578163772
4 0.13985499741066804 0.05142059553349876 0.14299326773692386 0.07554590570719603
1 0.8682858622475402 0.5084305210918114 0.006897980321077162 0.03174937965260546
1 0.8771387881926463 0.5099193548387096 0.009067840497151735 0.039689826302729526
15 0.9104997410668048 0.5099441687344913 0.007431382703262558 0.02981389578163772
15 0.5333920248575867 0.5160918114143921 0.005157949249093735 0.02970223325062035
1 0.809091144484723 0.5325930521091811 0.013832211289487313 0.018039702233250618
15 0.5256084930088037 0.5346526054590571 0.006162610046607975 0.027121588089330025
1 0.9376721905748316 0.5433312655086848 0.0068824443293630235 0.029590570719602978
15 0.9305567063697566 0.5444354838709677 0.006116002071465562 0.031799007444168734
15 0.9226877265665459 0.5443486352357321 0.007985499741066805 0.029143920595533498
1 0.914927498705334 0.5465322580645161 0.006965302951838425 0.03102977667493797
15 0.9070145002589332 0.545924317617866 0.0077110305541170385 0.02981389578163772
15 0.3560020714655619 0.5465942928039702 0.009777317452097358 0.01378411910669975
15 0.7814862765406525 0.5555210918114144 0.009373381667529778 0.039081885856079406
15 0.355603314344899 0.561575682382134 0.010015535991714137 0.011488833746898262
15 0.6470300362506474 0.5820657568238213 0.009751424132573796 0.04006203473945409
15 0.21494821336095288 0.5860359801488834 0.008353184878301398 0.02815136476426799
15 0.1985370274469187 0.5868052109181141 0.007638529259451062 0.0321712158808933
15 0.2061833247022268 0.5871836228287841 0.00739513205592957 0.03044665012406948
1 0.9106913516312791 0.5971526054590571 0.01713619886069394 0.023089330024813896
9 0.8573899533920248 0.6016501240694789 0.06796478508544795 0.10404466501240694
15 0.3393578456758156 0.6053908188585608 0.014810978767477992 0.017233250620347394
1 0.3537907819782496 0.6063151364764268 0.01260486794407043 0.016600496277915634
15 0.7940833764888658 0.6114330024813895 0.006602796478508545 0.031799007444168734
15 0.8025401346452615 0.6133312655086849 0.006944588296219576 0.033114143920595536
1 0.5354919730709478 0.6158560794044665 0.007286380113930606 0.03320099255583127
1 0.5276022786121181 0.6167307692307692 0.00807871569135163 0.03246898263027295
1 0.22783272915587777 0.6211352357320099 0.007193164163645779 0.028870967741935483
1 0.23667270844122215 0.6225744416873449 0.007265665458311755 0.03174937965260546
15 0.2143500776799586 0.6223138957816376 0.007156913516312791 0.03619106699751861
15 0.9110538581046089 0.6223449131513648 0.016825479026411187 0.023846153846153843
1 0.35333764888658725 0.6234801488833747 0.011698601760745728 0.013709677419354839
15 0.33943552563438634 0.6237158808933002 0.012894873122734334 0.016662531017369725
1 0.9588166752977731 0.6342183622828784 0.02224236147074055 0.025260545905707196
1 0.9205748316934231 0.6504590570719603 0.014117037804246505 0.018039702233250618
1 0.9593345416882444 0.6654342431761787 0.02224236147074055 0.02813895781637717
1 0.4002149145520456 0.673287841191067 0.008094251683065769 0.03392059553349876
15 0.3918591403417918 0.6746091811414392 0.006918694976696012 0.031600496277915634
15 0.3838140859658208 0.6746960297766749 0.007400310719834283 0.029292803970223324
1 0.9213102019678923 0.6749131513647643 0.013516312791299846 0.017320099255583126
1 0.3541092698083894 0.6772828784119107 0.00599171413775246 0.024540942928039704
20 0.7561651993785603 0.6777047146401985 0.0374469186949767 0.06012406947890819
1 0.36118332470222686 0.6772456575682382 0.005639564992232005 0.02694789081885856
1 0.825740548938374 0.6917369727047146 0.007773174520973589 0.036079404466501236
1 0.8339357845675816 0.6936538461538462 0.007591921284308648 0.03246898263027295
15 0.8524987053340238 0.693895781637717 0.007431382703262558 0.030471464019851114
15 0.8701035732780943 0.6942245657568238 0.007426204039357846 0.031129032258064515
1 0.8610201967892285 0.6945781637717122 0.007902641118591403 0.03679900744416873
1 0.8431071983428275 0.6945347394540943 0.007291558777835319 0.03174937965260546
1 0.8798990160538581 0.6962282878411911 0.009409632314862765 0.04258064516129032
1 0.9181382703262558 0.6961600496277915 0.014422578974624548 0.015148883374689828
1 0.9501009839461418 0.69613523573201 0.0068824443293630235 0.03246898263027295
15 0.9334230968410151 0.6979466501240694 0.007705851890212325 0.031129032258064515
15 0.8998368720870016 0.7009243176178661 0.022356292076644226 0.02715880893300248
1 0.4773070947695494 0.7030645161290322 0.008990160538581047 0.03392059553349876
15 0.36886328327291557 0.7060049627791563 0.006499223200414294 0.02987593052109181
15 0.361468151216986 0.7076240694789082 0.006209218021750389 0.02815136476426799
15 0.38457276022786124 0.7086786600496279 0.007881926462972554 0.03274193548387097
15 0.9192672190574832 0.7229218362282878 0.0146090108751942 0.016563275434243175
1 0.46816675297773175 0.723318858560794 0.009352667011910926 0.03720843672456575
15 0.8998368720870016 0.7309491315136476 0.022356292076644226 0.025173697270471463
15 0.826367167270844 0.7329342431761786 0.007990678404971517 0.029143920595533498
15 0.8521180735370275 0.7330210918114145 0.007705851890212325 0.031799007444168734
15 0.83409891248058 0.7339267990074441 0.0068824443293630235 0.031129032258064515
1 0.8431926462972553 0.7345967741935484 0.007462454686690834 0.03246898263027295
1 0.3595753495598136 0.7365880893300248 0.013816675297773175 0.016600496277915634
1 0.47810719834282756 0.7391997518610421 0.007483169342309684 0.03174937965260546
15 0.6143448990160538 0.7422766749379652 0.013775245986535475 0.020533498759305213
1 0.35964267219057483 0.7553535980148884 0.012915587778353185 0.014429280397022334
1 0.601721905748317 0.7592990074441688 0.007172449508026929 0.039689826302729526
1 0.6179078197824962 0.7710545905707197 0.021936820300362505 0.02598014888337469
15 0.42663386846193685 0.7779342431761787 0.006038322112894874 0.02981389578163772
15 0.43496633868461937 0.7775992555831266 0.0061315380631797 0.029143920595533498
15 0.6337674779906785 0.8104838709677419 0.008083894355256343 0.03535980148883375
20 0.6180217503883998 0.8108436724565756 0.01802175038839979 0.036079404466501236
1 0.6775815639564993 0.8109801488833747 0.0107819782496116 0.05124069478908188
1 0.42623770067322636 0.8134429280397022 0.006281719316416365 0.028870967741935483
15 0.3668798549974107 0.8134987593052109 0.006675297773174521 0.026501240694789083
15 0.37440704298291044 0.8129156327543425 0.007229414810978768 0.02781637717121588
1 0.6620662868979803 0.8140260545905708 0.012894873122734334 0.05485111662531018
15 0.35983169342309684 0.8151550868486352 0.006043500776799586 0.02981389578163772
1 0.888045054375971 0.8262965260545906 0.010165717244950802 0.039689826302729526
15 0.42685137234593473 0.8446836228287842 0.0075090626618332474 0.031799007444168734
15 0.4343448990160539 0.8460856079404467 0.006960124287933713 0.02715880893300248
15 0.4483272915587779 0.8468300248138957 0.006960124287933713 0.031129032258064515
15 0.44152511651993787 0.8467493796526054 0.004748834800621439 0.0284863523573201
15 0.41890212325220094 0.8474937965260546 0.007146556188503367 0.03245657568238213
1 0.603161574313827 0.8582382133995037 0.011087519419989643 0.044019851116625305
15 0.7215510098394614 0.8619727047146402 0.009647850854479544 0.039081885856079406
15 0.7848601760745728 0.8625496277915633 0.009906784049715173 0.03775434243176179
1 0.6876929052304506 0.8634987593052109 0.016504401864319007 0.017320099255583126
9 0.363161574313827 0.9017803970223326 0.02823925427239772 0.0938833746898263
20 0.6817788710512688 0.9170595533498759 0.0564629725530813 0.08225806451612903
1 0.8415924391506991 0.9195533498759305 0.010476437079233557 0.04258064516129032
1 0.8522993267736924 0.9188275434243177 0.009104091144484723 0.04112903225806452
1 0.753684619368203 0.9195533498759305 0.00969963749352667 0.04258064516129032
1 0.7423148627654066 0.9209491315136477 0.0107819782496116 0.04040942928039702
20 0.79774728120145 0.9249131513647643 0.03878819264629726 0.07811414392059554
15 0.7700491973070948 0.9545223325062036 0.01653547384774728 0.02318858560794045