1 0.912318070318888 0.4915509630818619 0.0323221586263287 0.015204654895666131
1 0.9135241210139002 0.5231199839486357 0.04127555192150449 0.016544943820224717
1 0.6735813573180703 0.73276886035313 0.058528209321340965 0.02332263242375602
15 0.7608217497955846 0.7794081059390049 0.025322976287816844 0.05640850722311396
15 0.6529108748977923 0.7803270465489567 0.025363859362224038 0.05824638844301766
15 0.6234505314799673 0.7807504012841092 0.026950122649223224 0.05668539325842696
4 0.11163532297628782 0.8220866773675762 0.08099754701553558 0.18911717495987157
4 0.9211733442354866 0.8276424558587481 0.06638593622240392 0.11756420545746389
1 0.7533319705641864 0.10197030497592297 0.028331970564186425 0.01934991974317817
15 0.5069133278822567 0.1050822632423756 0.013008994276369583 0.01112760834670947
15 0.5222035977105478 0.10501203852327448 0.014153720359771053 0.012592295345104334
15 0.4109566639411284 0.11387841091492779 0.014063777596075223 0.011865971107544141
9 0.5383646770237122 0.129311797752809 0.08245298446443172 0.03550963081861958
1 0.728585445625511 0.13455658105939006 0.022992641046606706 0.006673354735152488
1 0.41515535568274736 0.1366091492776886 0.014284546197874079 0.015593900481540931
20 0.3640433360588716 0.14148675762439805 0.04779231398201145 0.03337479935794543
15 0.5893908421913329 0.1432524077046549 0.012796402289452167 0.012026484751203851
9 0.8396892886345053 0.14349919743178172 0.0456909239574816 0.028571428571428574
1 0.8736794766966476 0.14378210272873196 0.012281275551921505 0.01067817014446228
1 0.46067048242027797 0.1444943820224719 0.03499591169255928 0.025746388443017656
9 0.7299591169255928 0.1553370786516854 0.055175797219950945 0.03057784911717496
4 0.876120196238757 0.015738362760834672 0.15289452166802944 0.024253611556982344
4 0.11115290269828292 0.1752126805778491 0.08166802943581357 0.1907142857142857
15 0.385437448896157 0.18239365971107543 0.012085036794766966 0.010854735152487962
15 0.3590106295993459 0.18481942215088282 0.021373671300081765 0.006075441412520064
15 0.3016925592804579 0.23062399678972714 0.031022076860179885 0.04310995184590691
15 0.33233033524121014 0.2310814606741573 0.02688470973017171 0.0432223113964687
1 0.9098282910874897 0.3601404494382023 0.028977923139820113 0.014823434991974317
1 0.9216843826655765 0.38939807383627606 0.039607522485690924 0.01635634028892456