1 0.10508536585365855 0.11343609865470852 0.02968292682926829 0.09458520179372198
1 0.7909878048780489 0.1472085201793722 0.01821254355400697 0.06347533632286995
1 0.30562543554006966 0.17243834080717488 0.030066202090592336 0.0713340807174888
1 0.37877700348432053 0.19254484304932734 0.014696864111498257 0.05997757847533632
1 0.12502787456445993 0.208469730941704 0.018 0.05595291479820627
4 0.5789076655052264 0.21593609865470853 0.0365609756097561 0.33097533632286996
1 0.08869163763066203 0.21861547085201793 0.02058885017421603 0.06054932735426009
1 0.14939895470383274 0.2362836322869955 0.013780487804878047 0.055526905829596414
1 0.34303310104529616 0.2616031390134529 0.022651567944250873 0.061322869955156956
9 0.4609494773519164 0.26834641255605385 0.07729965156794424 0.1712219730941704
1 0.3707020905923345 0.2714742152466368 0.019452961672473866 0.06985426008968611
1 0.7906829268292683 0.2738452914798206 0.021087108013937282 0.06114349775784753
9 0.24820034843205577 0.33885650224215247 0.0782822299651568 0.20013452914798208
1 0.16636759581881533 0.3457230941704036 0.013571428571428573 0.04794843049327355
4 0.666574912891986 0.40169843049327353 0.04952613240418118 0.6957735426008969
4 0.841773519163763 0.4036266816143498 0.048006968641114985 0.648060538116592
4 0.7447595818815331 0.41700112107623316 0.048404181184668986 0.6792937219730941
1 0.44568466898954706 0.4404988789237668 0.024470383275261326 0.07606502242152466
1 0.1663658536585366 0.44219170403587443 0.01635540069686411 0.04581838565022421
1 0.18647909407665508 0.47126681614349775 0.015466898954703833 0.04567264573991032
1 0.3036759581881533 0.48306614349775784 0.021986062717770035 0.0715134529147982
1 0.20513937282229966 0.48447869955156947 0.013763066202090592 0.04743273542600897
1 0.4939599303135888 0.5088621076233184 0.021369337979094075 0.06480941704035875
1 0.1517212543554007 0.5364966367713004 0.022606271777003483 0.057298206278026904
1 0.12657142857142856 0.5446692825112108 0.022480836236933796 0.07588565022421524
1 0.26777003484320555 0.5516031390134529 0.014285714285714285 0.03369955156950673
1 0.09197212543554006 0.5523038116591928 0.02018118466898955 0.06649103139013453
1 0.23703832752613238 0.5533744394618835 0.012055749128919862 0.043968609865470853
1 0.20333101045296165 0.5629988789237668 0.024083623693379793 0.06321748878923766
1 0.9096829268292683 0.5867488789237668 0.03051567944250871 0.07708520179372198
4 0.23220383275261322 0.06053811659192825 0.051864111498257835 0.08520179372197309
1 0.2868362369337979 0.6151177130044843 0.020362369337979094 0.06655829596412556
1 0.11871080139372822 0.6405100896860987 0.02418118466898955 0.07025784753363229
4 0.4207630662020906 0.07844170403587444 0.05546341463414634 0.06047085201793722
1 0.8297717770034844 0.8118665919282511 0.023306620209059235 0.08337443946188342
4 0.623081881533101 0.9082174887892377 0.08797560975609757 0.056345291479820626
1 0.7047839721254355 0.9091535874439463 0.01653658536585366 0.0649439461883408
1 0.8303118466898954 0.9167040358744395 0.029264808362369336 0.07556053811659194
1 0.344 0.105 0.012738675958188153 0.03959641255605381