1 0.125561534861956 0.566767955801105 0.016214319138979878 0.00867403314917127
4 0.8377328029948525 0.5711022099447514 0.038591483387927 0.4140276243093923
4 0.7533387927000468 0.5720331491712708 0.043879270004679456 0.41699447513812155
4 0.9221502105755732 0.5720331491712708 0.03709405708937763 0.41920441988950274
1 0.125140383715489 0.5765193370165745 0.015372016846045859 0.008287292817679558
1 0.8243542349087506 0.0585 0.011834347215722976 0.006502762430939227
15 0.14403603182030886 0.5911767955801105 0.011048198408984557 0.005558011049723757
1 0.15486429574169397 0.5961850828729282 0.0046279831539541415 0.012259668508287294
15 0.3190360318203088 0.06012430939226519 0.005409452503509593 0.014171270718232043
15 0.1400304164716893 0.6112596685082874 0.01613944782405241 0.009259668508287293
1 0.8678614880673842 0.6150773480662983 0.013682732802994852 0.006950276243093923
15 0.1736078614880674 0.6237154696132596 0.005615348619560131 0.013176795580110498
15 0.17931679925128685 0.6236933701657459 0.004866635470285447 0.01423756906077348
1 0.123310715956949 0.624292817679558 0.007033224145999064 0.018751381215469612
1 0.5667922321010762 0.6290883977900553 0.004899391670566215 0.01287292817679558
15 0.5533036967711746 0.6443425414364641 0.009742629854936827 0.008022099447513812
15 0.48859148338792696 0.6488950276243094 0.010407112774918108 0.0060773480662983425
15 0.5535704258306037 0.6501519337016575 0.01027608797379504 0.0052762430939226525
15 0.20187880205896117 0.6531767955801105 0.010683200748713149 0.005801104972375691
15 0.5529012634534394 0.6561298342541436 0.010809546092653253 0.00618232044198895
15 0.4753813757604118 0.6562955801104973 0.012063640617688349 0.0065138121546961325
15 0.2018413664014974 0.6604779005524861 0.011544220870379037 0.004933701657458564
15 0.48871782873186714 0.6613729281767956 0.012531586335985027 0.006723756906077348
15 0.6232054281703322 0.6651878453038674 0.004482919981282171 0.012143646408839779
1 0.5530861020121666 0.6675994475138122 0.011179223210107628 0.005917127071823205
1 0.6345086569957885 0.6696408839779006 0.010243331773514273 0.005580110497237569
15 0.4883949461862424 0.6705524861878454 0.0100140383715489 0.005193370165745856
15 0.4746794571829668 0.6758950276243093 0.012531586335985027 0.007038674033149172
1 0.4888114178755264 0.6767348066298343 0.009911090313523632 0.0054033149171270715
1 0.8898853532990173 0.6813591160220994 0.006256434253626579 0.01354696132596685
15 0.48867805334581194 0.6825524861878454 0.009644361254094526 0.005988950276243094
15 0.4743097800655124 0.6840082872928177 0.011792232101076276 0.007795580110497237
15 0.4602105755732335 0.6849419889502761 0.010734674777725784 0.006348066298342542
1 0.5528591483387927 0.6860883977900553 0.010725315863359852 0.007535911602209945
15 0.48860552175947597 0.6885745856353591 0.01043518951801591 0.005878453038674033
15 0.46057089377632193 0.6936104972375691 0.011455311183902667 0.006005524861878452
1 0.4889307440336921 0.6963011049723757 0.011085634066448292 0.0069668508287292815
1 0.6163383247543285 0.6996519337016573 0.010402433317735143 0.007038674033149172
1 0.5534277023865232 0.7037790055248618 0.009990641085634067 0.005348066298342541
15 0.5661417875526439 0.7037486187845304 0.011085634066448292 0.006392265193370166
1 0.6152292934019653 0.7058701657458564 0.010056153486195601 0.005110497237569061
15 0.3073678053345812 0.07115469613259669 0.010149742629854937 0.005292817679558011
4 0.9812330369677117 0.7077458563535911 0.03733738886289191 0.18786740331491714
15 0.553378568086102 0.7091823204419889 0.009892372484791764 0.005104972375690608
15 0.47500935891436596 0.7098591160220995 0.012255498362189986 0.00756353591160221
15 0.46414833879270007 0.7106988950276243 0.005507721104351895 0.013662983425414365
15 0.4561932615816565 0.7109723756906077 0.00457182966775854 0.013104972375690607
15 0.5665091249415068 0.7110220994475138 0.010884417407580721 0.006574585635359116
1 0.6157955077211044 0.7118038674033149 0.010252690687880206 0.004823204419889503
15 0.5537739822180627 0.7161298342541436 0.010683200748713149 0.004635359116022099
15 0.5665699578848854 0.7163038674033149 0.011006083294337856 0.00498342541436464
15 0.6160481984089845 0.7183618784530387 0.009822180627047261 0.004679558011049724
1 0.539927468413664 0.7221685082872928 0.011066916237716424 0.005662983425414364
15 0.566069255966308 0.7222099447513812 0.011876462330369677 0.0068508287292817684
1 0.5276672905942911 0.7228314917127072 0.010879737950397754 0.004779005524861879
15 0.503020589611605 0.7327513812154696 0.004637342068320075 0.012464088397790054
15 0.49330837622835755 0.7329088397790056 0.005802526906878803 0.012779005524861877
1 0.6146490407112776 0.7328314917127071 0.009831539541413198 0.005994475138121547
15 0.49838558727187643 0.733096685082873 0.004726251754796443 0.013154696132596684
15 0.6145273748245204 0.7389861878453039 0.009588207767898923 0.006149171270718233
15 0.09750350959288723 0.7405552486187845 0.010636406176883481 0.005972375690607735
1 0.4102433317735143 0.7552900552486188 0.010940570893776322 0.006712707182320442
1 0.7253299017313991 0.7569502762430939 0.005643425362657932 0.013348066298342542
1 0.6816003743565746 0.761232044198895 0.011773514272344408 0.006441988950276243
15 0.6336991109031352 0.7625276243093922 0.010496022461394479 0.006823204419889503
1 0.6249695835283107 0.7658950276243094 0.0042676649508656996 0.012453038674033148
1 0.8117641553579785 0.7803563535911602 0.011923256902199345 0.006016574585635359
15 0.36497660271408516 0.07880939226519337 0.010252690687880206 0.005132596685082872
1 0.49102948058025264 0.784585635359116 0.010603649976602713 0.005635359116022099
15 0.49138511932615814 0.7912154696132596 0.009443144595226953 0.005635359116022099
15 0.37150210575573234 0.7926270718232044 0.004585868039307441 0.012878453038674033
20 0.1323561066916238 0.7972154696132597 0.029803462798315396 0.05520441988950276
20 0.09662845109967244 0.7977762430939226 0.03134768366869443 0.05411602209944751
15 0.3917594759007955 0.7988977900552486 0.004857276555919513 0.013265193370165747
15 0.49137810014038374 0.7989917127071823 0.009429106223678053 0.004613259668508287
15 0.3389728591483388 0.08082596685082873 0.010655124005615349 0.0058508287292817675
1 0.9034019653720168 0.8046519337016576 0.004277023865231633 0.011513812154696133
20 0.3097894244267665 0.805182320441989 0.029967243799719236 0.05345856353591161
20 0.3526017781937295 0.8062872928176796 0.03136172204024333 0.05345856353591161
1 0.49110435189518015 0.806207182320442 0.009817501169864296 0.005784530386740332
1 0.37170098268600843 0.80692817679558 0.004983621899859616 0.01385635359116022
15 0.3920823584464202 0.8145441988950276 0.004567150210575573 0.012513812154696132
15 0.8238862891904539 0.08230662983425414 0.01089845577912962 0.005497237569060773
1 0.777468413664015 0.8251243093922651 0.010715956948993917 0.00494475138121547
1 0.05406644829199812 0.08316298342541437 0.011736078614880673 0.006104972375690608
1 0.1302667290594291 0.828828729281768 0.011586335985025738 0.006828729281767956
15 0.33551240056153486 0.8289668508287293 0.004670098268600842 0.011524861878453039
1 0.14225549836218998 0.8289696132596684 0.010294805802526907 0.006005524861878452
1 0.14172437997192325 0.8292845303867404 0.010168460458586805 0.005530386740331491
15 0.1172110435189518 0.8295939226519338 0.011679925128685074 0.006149171270718233
1 0.08845577912962097 0.8304281767955801 0.010322882545624707 0.005607734806629835
1 0.10058025269068788 0.8308453038674033 0.01117454375292466 0.004232044198895028
9 0.8361488067384183 0.8317790055248618 0.10093589143659334 0.09007734806629834
1 0.8943869911090314 0.8319143646408841 0.01058025269068788 0.005265193370165746
15 0.5022344408048667 0.8326436464088398 0.009616284510996725 0.0056187845303867405
1 0.2166729059429106 0.0837486187845304 0.010322882545624707 0.0061712707182320446
15 0.9762891904539073 0.8356740331491712 0.01153954141319607 0.006154696132596686
15 0.8942185306504445 0.8388093922651934 0.012115114646700982 0.006900552486187845
15 0.5073631258773982 0.8392348066298343 0.00957884885353299 0.005541436464088397
1 0.23829901731399158 0.8420580110497238 0.010524099204492278 0.006767955801104972
1 0.11768132896583997 0.8421988950276244 0.01168460458586804 0.007049723756906077
1 0.2388862891904539 0.8494834254143647 0.010762751520823585 0.005044198895027625
15 0.3541810949929808 0.08526795580110498 0.005507721104351895 0.011419889502762431
1 0.7790781469349556 0.8527348066298343 0.010191857744501638 0.006022099447513812
15 0.9021127749181095 0.8579751381215469 0.005442208703790361 0.013187845303867404
1 0.22229293401965372 0.8587265193370166 0.005652784277023865 0.013585635359116022
1 0.22716892840430508 0.859 0.005109967243799719 0.013027624309392265
1 0.19981048198408985 0.8592016574585635 0.0046747777257838095 0.013430939226519336
1 0.1954773046326626 0.8593591160220995 0.005367337388862892 0.012640883977900553
1 0.15131492746841366 0.8598370165745857 0.005016378100140384 0.01249171270718232
1 0.30631492746841366 0.8594723756906077 0.005236312587739822 0.012867403314917127
1 0.18460926532522226 0.8597569060773481 0.0042208703790360316 0.012331491712707183
1 0.10969115582592419 0.8596408839779006 0.0041272812353766964 0.012099447513812154
1 0.1893518951801591 0.859707182320442 0.005283107159569489 0.012232044198895028
1 0.03288020589611605 0.859707182320442 0.00586335985025737 0.01554696132596685
1 0.11519653720168462 0.8599668508287293 0.004843238184370613 0.01385635359116022
1 0.15655357978474496 0.8603756906077348 0.005198876930276088 0.012464088397790054
1 0.14679925128685073 0.8600718232044199 0.005343940102948058 0.01296132596685083
1 0.2926462330369677 0.8603453038674033 0.005975666822648573 0.013508287292817679
1 0.16188348151614412 0.8605524861878453 0.005563874590547497 0.011712707182320441
1 0.1250280767430978 0.8602513812154696 0.004852597098736546 0.013320441988950276
1 0.08749883013570427 0.8606132596685083 0.005601310248011231 0.012939226519337018
1 0.12008656995788489 0.8607651933701657 0.004328497894244268 0.013243093922651933
1 0.08216424894712214 0.8610552486187846 0.005226953673373888 0.012718232044198894
15 0.7676860084230229 0.8625303867403316 0.004253626579316799 0.011248618784530387
1 0.7620028076743098 0.8623950276243093 0.005053813757604118 0.012082872928176796
1 0.7543472157229761 0.8632099447513812 0.005652784277023865 0.011502762430939227
1 0.780629386991109 0.8630580110497238 0.0048713149274684136 0.01119889502762431
15 0.8932756200280768 0.868 0.011165184838558728 0.005613259668508288
1 0.7934861956013103 0.8814917127071823 0.011867103416003744 0.0060773480662983425
1 0.8678755264389332 0.8819558011049723 0.010903135236312589 0.005900552486187845
1 0.82951099672438 0.8818950276243094 0.009981282171268133 0.005779005524861879
15 0.855992044922789 0.88242817679558 0.012405240992044923 0.0068453038674033155
15 0.8429340196537202 0.8832845303867403 0.011558259241927936 0.007453038674033149
1 0.395135704258306 0.8841353591160221 0.005058493214787085 0.012469613259668508
15 0.8134604585868039 0.8851933701657458 0.0050210575573233504 0.013480662983425413
15 0.8058446420215255 0.8853646408839779 0.006635470285446888 0.012718232044198894
15 0.8202105755732335 0.886182320441989 0.007290594291062237 0.013248618784530387
1 0.7933247543284979 0.8876077348066298 0.011544220870379037 0.006154696132596686
1 0.03684838558727188 0.8949171270718231 0.0044408048666354704 0.011933701657458565
1 0.0425058493214787 0.8955856353591161 0.003589143659335517 0.01216574585635359
15 0.8089658399625643 0.8956353591160221 0.011941974730931212 0.006740331491712707
1 0.054099204492278896 0.8962651933701657 0.006186242395882078 0.01241988950276243
1 0.7934534394010294 0.8960828729281768 0.011801591015442208 0.006530386740331492
1 0.04833411324286383 0.8962375690607736 0.004950865699578849 0.0123646408839779
9 0.7651824988301357 0.8975939226519337 0.04323350491343004 0.0515414364640884
1 0.026948993916705664 0.8988370165745856 0.010846981750116986 0.0054088397790055245
15 0.8218741226017782 0.9024198895027625 0.005002339728591483 0.013679558011049725
15 0.7932405240992044 0.9032430939226519 0.010439868975198876 0.007591160220994475
1 0.791965372016846 0.9147458563535912 0.005081890500701919 0.012917127071823204
15 0.6384347215722976 0.09249171270718232 0.009672437997192326 0.0070828729281767954
1 0.8150935891436594 0.9277099447513812 0.004543752924660739 0.011220994475138121
1 0.7829457182966776 0.9315193370165745 0.004824520355638746 0.011104972375690608
1 0.7732428638277961 0.9323204419889503 0.005072531586335985 0.01270718232044199
1 0.778441740758072 0.9323011049723756 0.006111371080954609 0.01156353591160221
1 0.7881913897987833 0.9327955801104972 0.0050210575573233504 0.012552486187845303
1 0.3092559663079083 0.9328646408839778 0.004567150210575573 0.013795580110497236
15 0.8015863359850257 0.9352348066298343 0.010285446888160974 0.0052762430939226525
15 0.639003275620028 0.12369337016574584 0.009873654656059898 0.005397790055248619
15 0.9202831071595695 0.1369696132596685 0.005283107159569489 0.012060773480662982
1 0.9755685540477305 0.14150552486187845 0.010098268600842302 0.006767955801104972
1 0.7694080486663547 0.15240331491712708 0.010505381375760412 0.005359116022099447
15 0.7575175479644362 0.15230662983425414 0.010121665886757135 0.005165745856353591
1 0.8846747777257837 0.1574696132596685 0.010809546092653253 0.00554696132596685
1 0.7338488535329901 0.15976519337016576 0.004899391670566215 0.01345303867403315
1 0.8393682732802995 0.16246685082872928 0.00442676649508657 0.012226519337016574
1 0.7571572297613477 0.16202486187845302 0.010336920917173607 0.00581767955801105
1 0.8864131960692561 0.164560773480663 0.010542817033224147 0.005364640883977901
1 0.8478568086102012 0.16575414364640884 0.01017313991576977 0.005541436464088397
4 0.3338137576041179 0.169207182320442 0.5908844174075807 0.0842707182320442
15 0.8978146934955545 0.1799060773480663 0.00526906878802059 0.012850828729281769
1 0.6814553111839027 0.18622099447513812 0.010547496490407112 0.006696132596685082
15 0.8730767430978007 0.19623204419889503 0.010074871314927469 0.005723756906077348
15 0.8722437997192325 0.20241160220994475 0.010280767430978006 0.004823204419889503
15 0.9501006083294338 0.21407734806629836 0.011572297613476838 0.007160220994475139
15 0.8723373888628919 0.21580386740331492 0.010467945718296678 0.0072983425414364644
15 0.6968109499298082 0.22439226519337016 0.010374356574637342 0.00569060773480663
15 0.8719162377164249 0.22511878453038672 0.009625643425362658 0.007143646408839779
15 0.8723046326626112 0.23174309392265194 0.010402433317735143 0.004922651933701658
1 0.7114693495554516 0.23316574585635358 0.009742629854936827 0.005558011049723757
15 0.6960435189518016 0.23295303867403314 0.009775386055217595 0.005132596685082872
15 0.3037061300889097 0.024895027624309393 0.011249415067852129 0.005591160220994475
15 0.9130931211979411 0.2507569060773481 0.0049415067852129155 0.012011049723756904
1 0.8692185306504445 0.2526629834254144 0.004230229293401965 0.01250828729281768
9 0.7938254562470753 0.2554281767955801 0.1276602714085166 0.1528453038674033
15 0.7118273280299485 0.2618011049723757 0.0113944782405241 0.005370165745856354
15 0.9106504445484324 0.2628121546961326 0.004735610669162377 0.010707182320441988
1 0.71317033224146 0.2690303867403315 0.009401029480580253 0.005464088397790056
1 0.7130018717828731 0.2765165745856354 0.010935891436593355 0.0071767955801104975
15 0.9109592887225082 0.2777707182320442 0.0044174075807206364 0.013000000000000001
1 0.7135751052877867 0.2842182320441989 0.01114646700982686 0.004900552486187845
15 0.35476602714085165 0.029135359116022098 0.0057416939635002336 0.012966850828729282
15 0.3491506785212915 0.02911878453038674 0.0057416939635002336 0.014038674033149172
1 0.8696958352831071 0.2871795580110497 0.0051848385587271876 0.013033149171270719
1 0.7125760411792232 0.29139502762430936 0.009148338792700047 0.005994475138121547
15 0.3836476368741226 0.02908839779005525 0.011094992980814226 0.005138121546961327
1 0.7137037903603182 0.29787016574585634 0.008596162845109967 0.004580110497237569
15 0.3619045390734675 0.030218232044198896 0.0050444548432381844 0.01181767955801105
1 0.45893542349087507 0.3009088397790055 0.013799719232569022 0.01728729281767956
1 0.7128451099672437 0.30846961325966854 0.012494150678521292 0.006994475138121547
1 0.7131984089845578 0.31385635359116026 0.011328965839962565 0.005613259668508288
1 0.8945156761815629 0.3140966850828729 0.005222274216190922 0.012723756906077348
1 0.7131773514272344 0.32877071823204423 0.01035095928872251 0.005607734806629835
1 0.9306691623771642 0.3445193370165746 0.004529714553111839 0.012795580110497237
15 0.8282802994852597 0.34624033149171274 0.011263453439401029 0.0062928176795580115
1 0.8443963500233972 0.3464060773480663 0.01073935423490875 0.0055193370165745855
15 0.732473093121198 0.34745027624309394 0.011506785212915302 0.006502762430939227
1 0.6369443144595227 0.3489337016574586 0.01043518951801591 0.005049723756906078
1 0.7646747777257837 0.34933149171270717 0.006654188114178756 0.013580110497237568
1 0.7708540009358915 0.349560773480663 0.004974262985493683 0.014038674033149172
1 0.7767969115582593 0.34997790055248623 0.005629386991109031 0.012662983425414366
15 0.8056995788488536 0.350085635359116 0.004473561066916238 0.012878453038674033
15 0.7887833411324287 0.3502513812154696 0.004333177351427234 0.012104972375690607
15 0.8005545156761816 0.3504309392265193 0.004478240524099205 0.012464088397790054
1 0.6369817501169864 0.3567596685082873 0.008638277959756668 0.005232044198895028
15 0.6260341600374357 0.360414364640884 0.005460926532522227 0.013646408839779006
15 0.3834347215722976 0.03688397790055249 0.010669162377164249 0.005259668508287293
20 0.1242395882077679 0.36753867403314916 0.01731399157697707 0.014635359116022099
15 0.10865933551708003 0.3699364640883978 0.0114225549836219 0.0061712707182320446
1 0.11194899391670567 0.38364364640883974 0.004899391670566215 0.012591160220994475
20 0.12412494150678521 0.38414640883977896 0.016148806738418342 0.014701657458563536
15 0.10568320074871315 0.3845690607734807 0.0045343940102948056 0.01112707182320442
1 0.34539775386055216 0.39212430939226517 0.009466541881141788 0.01187292817679558
1 0.3544525035095929 0.40254696132596685 0.010729995320542817 0.012828729281767955
1 0.12214553111839026 0.40600276243093925 0.009382311651848385 0.005375690607734807
15 0.1309850257370145 0.4098480662983426 0.004599906410856341 0.014171270718232043
15 0.6384838558727188 0.04211049723756906 0.008834815161441273 0.005767955801104972
15 0.6270496022461395 0.4208121546961326 0.005620028076743098 0.012895027624309392
15 0.38389330837622837 0.0446353591160221 0.010650444548432383 0.005292817679558011
15 0.6364646700982686 0.4476546961325967 0.005732335049134301 0.01243646408839779
1 0.3581071595694899 0.45027071823204423 0.00868039307440337 0.0066187845303867406
15 0.8100116986429574 0.047110497237569056 0.0046747777257838095 0.014662983425414364
15 0.34842770238652315 0.5051077348066298 0.010846981750116986 0.006900552486187845