20 0.7026768377253814 0.5901945754716982 0.0280998613037448 0.018832547169811323
1 0.13595700416088766 0.5978272405660378 0.041678224687933425 0.03881485849056604
1 0.7574202496532594 0.6002299528301887 0.03495145631067961 0.03182783018867924
20 0.8977149791955618 0.6836704009433963 0.017343966712898753 0.025359669811320755
20 0.9415464632454924 0.6968779481132076 0.02040221914008322 0.0222936320754717
20 0.9112343966712899 0.704100825471698 0.023578363384188627 0.022588443396226416
9 0.7511789181692095 0.07091391509433961 0.047434119278779475 0.03215801886792453
9 0.8457177531206658 0.7464475235849056 0.04927184466019417 0.024734669811320758
9 0.597250346740638 0.7731810141509434 0.17092233009708738 0.14070165094339623
20 0.8053918169209431 0.7933696933962264 0.026872399445214978 0.021880896226415095
9 0.4191088765603329 0.798873820754717 0.07954923717059639 0.11661556603773585
9 0.8437933425797504 0.821217570754717 0.03432732316227462 0.041020047169811315
20 0.7964805825242719 0.8275265330188679 0.02153259361997226 0.019439858490566037
1 0.3601837725381415 0.8628862028301887 0.022725381414701804 0.009970518867924529
1 0.17783287101248266 0.8663354952830189 0.029729542302357834 0.027482311320754717
1 0.3582142857142857 0.873691037735849 0.017399445214979197 0.012712264150943396
1 0.4001664355062413 0.8796491745283019 0.03611650485436893 0.03170400943396227
20 0.8832836338418862 0.899407429245283 0.02176837725381415 0.022871462264150943
20 0.8513210818307906 0.9013266509433963 0.02441747572815534 0.023172169811320753
20 0.8239805825242719 0.9017511792452829 0.022441054091539528 0.021662735849056605
9 0.28350554785020804 0.9020312500000001 0.08157420249653259 0.06585495283018868
1 0.2022018030513176 0.9208343160377358 0.02992371705963939 0.025630896226415095
1 0.7692718446601942 0.9256426886792454 0.033689320388349514 0.03288915094339623
20 0.8442406380027739 0.9290005896226415 0.01996532593619972 0.020737028301886794
9 0.690877253814147 0.9551444575471698 0.05027045769764216 0.029392688679245285
20 0.8446497919556172 0.9573555424528302 0.024944521497919557 0.019663915094339623
9 0.7585922330097088 0.9618691037735848 0.02897364771151179 0.01925707547169811
20 0.23395631067961165 0.10331073113207548 0.022697642163661578 0.022659198113207546
1 0.1202739251040222 0.11295400943396226 0.0394382801664355 0.033691037735849055
1 0.3661615811373093 0.11364681603773585 0.029133148404993064 0.013850235849056603
1 0.39746879334257973 0.11450766509433963 0.029334257975034674 0.012034198113207547
20 0.23605755894590844 0.12684257075471697 0.02412621359223301 0.019015330188679246
20 0.26230929264909847 0.12705483490566039 0.022538141470180306 0.01826061320754717
20 0.2045527045769764 0.1275678066037736 0.02214285714285714 0.01810731132075472
20 0.288869625520111 0.1270253537735849 0.02434119278779473 0.02173938679245283
1 0.5903848821081831 0.13940153301886793 0.028203883495145632 0.021727594339622642
15 0.20456657420249655 0.14114976415094338 0.022170596393897363 0.008714622641509434
1 0.8318758668515951 0.14216096698113206 0.01881414701803051 0.008378537735849057
15 0.23544382801664354 0.14272110849056605 0.022898751733703194 0.010678066037735849
15 0.2620388349514563 0.1512617924528302 0.02061026352288488 0.010070754716981132
15 0.2042094313453537 0.15189563679245283 0.02145631067961165 0.007800707547169812
15 0.23450416088765602 0.1515182783018868 0.023793342579750347 0.007045990566037735
15 0.28898404993065185 0.1517747641509434 0.020409153952843272 0.00991745283018868
9 0.9115221914008321 0.151998820754717 0.046345353675450764 0.026875
1 0.4373855755894591 0.15217275943396225 0.02040221914008322 0.007175707547169811
1 0.5610748959778087 0.15916568396226416 0.012579750346740639 0.01762382075471698
9 0.5233564493758668 0.17039209905660377 0.03423023578363384 0.036538915094339625
9 0.5950797503467407 0.17988502358490566 0.048689320388349513 0.029581367924528302
1 0.5614112343966713 0.19093455188679245 0.011865464632454923 0.018661556603773582
1 0.9163938973647712 0.1920754716981132 0.028349514563106797 0.020943396226415095
9 0.7476664355062413 0.20212558962264152 0.14443134535367547 0.12359080188679246
1 0.5238106796116505 0.20307193396226417 0.021269070735090153 0.005200471698113208
1 0.5490499306518725 0.20789209905660377 0.00794729542302358 0.013661556603773587
9 0.3845423023578363 0.20980542452830186 0.10611650485436894 0.08942216981132076
9 0.255624133148405 0.24510908018867925 0.05216366158113731 0.0303125
9 0.5380339805825243 0.2681928066037736 0.05387656033287101 0.03048938679245283
9 0.8649722607489597 0.2770990566037736 0.04755894590846047 0.025896226415094342
1 0.2755929264909847 0.286061320754717 0.04078363384188627 0.02966981132075472
1 0.5393099861303744 0.3137087264150943 0.03701109570041609 0.03189858490566038
9 0.29299930651872397 0.38261792452830184 0.07837031900138697 0.06358490566037736
1 0.1784361997226075 0.42888266509433964 0.03509708737864078 0.035831367924528304
1 0.1313973647711512 0.4312116745283019 0.04365464632454924 0.036951650943396225
9 0.49024965325936204 0.46100235849056603 0.1968654646324549 0.1649292452830189
20 0.8117059639389737 0.4684817216981132 0.02563106796116505 0.015972877358490567
1 0.13189320388349515 0.4757016509433962 0.037711511789181695 0.04338443396226415
9 0.22368932038834952 0.47952240566037735 0.040998613037447985 0.04395047169811321
20 0.8160991678224688 0.4885200471698113 0.026095700416088767 0.023030660377358493
1 0.2794902912621359 0.5084876179245283 0.03054785020804438 0.02876768867924528
20 0.8160991678224688 0.5096432783018868 0.026095700416088767 0.019286556603773587
1 0.13902912621359223 0.5179746462264151 0.043661581137309294 0.03241155660377358
1 0.20906380027739252 0.5191244103773585 0.022843273231622746 0.01112617924528302
20 0.8283633841886269 0.5565507075471698 0.024271844660194174 0.021120283018867925
1 0.13618585298196947 0.5569870283018867 0.0393619972260749 0.03968160377358491
9 0.737617891816921 0.557682783018868 0.03140776699029126 0.037535377358490565
20 0.7890880721220527 0.5576090801886793 0.024778085991678224 0.02323702830188679