15 0.0690068493150685 0.554829619921363 0.0034097677188802858 0.03495412844036697
15 0.052921381774865994 0.5561402359108781 0.003400833829660512 0.029711664482306686
15 0.18117033948779035 0.5570117955439057 0.003793924955330554 0.03145478374836173
15 0.14853930911256702 0.5587614678899082 0.003451459201905896 0.029711664482306686
1 0.15396515783204287 0.5584993446920052 0.0035824895771292436 0.0318086500655308
1 0.047645920190589636 0.5587287024901704 0.004166170339487791 0.03488859764089122
15 0.4740857653365098 0.5592922673656618 0.0035616438356164386 0.02815203145478375
1 0.0746605122096486 0.5595347313237221 0.003400833829660512 0.03650065530799476
15 0.3169624776652769 0.5591939711664483 0.0037879690291840384 0.03581913499344692
15 0.4698138773079214 0.5597903014416776 0.003951756998213222 0.026526867627785056
15 0.04229749851101846 0.5600720838794233 0.002998808814770697 0.029711664482306686
15 0.296645324597975 0.5605045871559633 0.0036539606908874327 0.033197903014416774
1 0.1860541989279333 0.560524246395806 0.004032162001191185 0.03323722149410223
15 0.034055985705777246 0.5613826998689384 0.00319237641453246 0.03233289646133683
15 0.03832638475282906 0.5613826998689384 0.003990470518165575 0.03233289646133683
15 0.08370160810005955 0.5618152031454784 0.0030196545562835024 0.03057667103538663
15 0.08797200714711138 0.562254259501966 0.004413341274568196 0.03145478374836173
15 0.16720667063728412 0.562254259501966 0.004455032757593806 0.028833551769331587
15 0.3965783204288267 0.5616906946264745 0.0039964264443120906 0.027706422018348626
15 0.15846932698034544 0.5631258191349935 0.0036569386539606905 0.027955439056356484
1 0.29138475282906495 0.5622870249017038 0.00444907683144729 0.03676277850589777
15 0.07973049434187017 0.563564875491481 0.003415723645026802 0.028833551769331587
15 0.16273823704586063 0.5631258191349935 0.0038564621798689693 0.03057667103538663
1 0.32273525908278733 0.563211009174312 0.0046128648004764745 0.03336828309305374
15 0.5195413936867183 0.5631585845347313 0.003942823108993449 0.028020969855832238
15 0.19099910661107802 0.5640039318479685 0.0032013103037522336 0.029711664482306686
15 0.19963817748659915 0.5631258191349935 0.0038028588445503273 0.033197903014416774
15 0.1951697438951757 0.5640039318479685 0.0037998808814770696 0.03233289646133683
15 0.4326831447290054 0.5640235910878113 0.003543776057176891 0.02712975098296199
15 0.28234812388326386 0.5644364351245086 0.003648004764740917 0.03057667103538663
1 0.43760125074449074 0.5653669724770642 0.004446098868374032 0.032437745740498035
15 0.286617033948779 0.564875491480996 0.003847528290649196 0.03145478374836173
15 0.5525044669446099 0.5660747051114023 0.004353782013103037 0.031231979030144165
15 0.3271232876712329 0.5663695937090433 0.0032638475282906493 0.026579292267365662
15 0.6540068493150686 0.5656618610747052 0.0036658725431804647 0.027785058977719528
15 0.3314398451459202 0.5660222804718218 0.0035586658725431804 0.025884665792922673
1 0.40126861226920785 0.5657732634338138 0.005038713519952353 0.035871559633027524
1 0.5241676593210244 0.5670707732634338 0.004261465157832043 0.03322411533420708
15 0.2776816557474687 0.5666251638269987 0.003844550327575938 0.03233289646133683
15 0.683499106611078 0.5667562254259502 0.00368671828469327 0.027352555701179556
15 0.33572215604526506 0.5667300131061599 0.003189398451459202 0.024678899082568807
1 0.5574091721262656 0.5673853211009174 0.004633710541989279 0.03647444298820445
15 0.4463936867182847 0.5678636959370904 0.002972007147111376 0.02694626474442988
15 0.44258040500297796 0.5677850589777196 0.003683740321620012 0.026788990825688076
15 0.45071322215604526 0.5685517693315858 0.003272781417510423 0.025701179554390562
1 0.6590515187611673 0.5689646133682831 0.004225729600952948 0.03439056356487549
15 0.4225029779630733 0.5697116644823067 0.003433591423466349 0.025399737876802095
15 0.5377695056581299 0.568656618610747 0.0034723049434187015 0.02853211009174312
15 0.41791393686718287 0.5688794233289646 0.003189398451459202 0.0263564875491481
15 0.5418954734961287 0.5698034076015728 0.004577129243597379 0.028204456094364352
15 0.5626637879690292 0.5692791612057667 0.0032310899344848124 0.029777195281782437
15 0.413475282906492 0.5701048492791612 0.0032459797498511017 0.02618610747051114
15 0.533856462179869 0.5702293577981651 0.003388921977367481 0.02905635648754915
15 0.5707802263251935 0.5702162516382699 0.003382966051220965 0.0264089121887287
15 0.7709916617033948 0.5702031454783748 0.004163192376414533 0.03162516382699869
15 0.5665306730196545 0.5703276539973788 0.003222156045265039 0.026631716906946264
1 0.6886628945801073 0.5697903014416776 0.004484812388326385 0.033420707732634336
15 0.6762805241215009 0.570340760157274 0.003543776057176891 0.026657929226736567
15 0.8388385944014295 0.5715334207077326 0.003466349017272186 0.029043250327653997
15 0.6681759976176296 0.5714678899082568 0.003415723645026802 0.026290956749672346
1 0.7763832638475282 0.5711074705111402 0.004225729600952948 0.03605504587155964
15 0.940208457415128 0.5713630406290957 0.003704586063132817 0.028702490170380075
15 0.7020250148898154 0.571389252948886 0.003216200119118523 0.026133682830930538
1 0.8340798094103633 0.5715137614678899 0.004073853484216796 0.036867627785058976
15 0.6721039309112568 0.5715530799475754 0.0035288862418106012 0.02646133682830931
15 0.6978275759380583 0.5727457404980341 0.003159618820726623 0.023604193971166452
15 0.9243701608100059 0.573256880733945 0.002998808814770697 0.027247706422018347
15 0.7060333531864206 0.5740498034076016 0.003490172721858249 0.02621231979030144
15 0.8163073257891602 0.5744036697247706 0.004264443120905301 0.02692005242463958
15 0.8207281119714116 0.5744560943643513 0.0035765336509827276 0.02702490170380079
1 0.9193761167361524 0.5746723460026213 0.004326980345443716 0.03794233289646134
15 0.7902695056581298 0.5755307994757536 0.004005360333531864 0.029174311926605506
1 0.9449151280524122 0.5757536041939711 0.004779630732578916 0.03748361730013106
1 0.1283740321620012 0.5752555701179555 0.0048123883263847525 0.049593709043250334
15 0.7862864800476473 0.5759960681520315 0.0043776057176891005 0.02748361730013106
15 0.7945354377605718 0.5755439056356487 0.004198927933293627 0.02920052424639581
15 0.8248094103633115 0.5762254259501967 0.003400833829660512 0.025321100917431193
15 0.9060810005955926 0.576743119266055 0.00334723049434187 0.0263564875491481
1 0.1365276950565813 0.5770904325032765 0.005038713519952353 0.04802096985583224
15 0.9021247766527695 0.576788990825688 0.0031774865991661704 0.02382699868938401
1 0.463262358546754 0.5776933158584534 0.003356164383561644 0.025635648754914808
15 0.9581685527099465 0.577562254259502 0.003293627159023228 0.02799475753604194
15 0.9110050625372246 0.5784076015727392 0.0030702799285288866 0.027064220183486237
15 0.9541706372840977 0.5775229357798165 0.0030405002977963074 0.025294888597640893
1 0.12011167361524716 0.577916120576671 0.004368671828469327 0.05229357798165137
15 0.9627441929720072 0.579954128440367 0.003511018463371054 0.027536041939711667
15 0.5104496724240619 0.5828178243774574 0.0036271590232281117 0.030642201834862385
1 0.6239487790351399 0.5837483617300131 0.005491363907087553 0.05347313237221494
1 0.6350491363907087 0.5846395806028833 0.005059559261465158 0.05263433813892529
15 0.40941185229303156 0.5840956749672346 0.003457415128052412 0.027955439056356484
1 0.6465262060750446 0.5843315858453474 0.0047855866587254315 0.05201834862385321
15 0.5298213222156045 0.5859698558322411 0.0036569386539606905 0.029082568807339452
15 0.6636971411554498 0.588610747051114 0.003987492555092317 0.0291218872870249
15 0.6932355568790948 0.5887024901703801 0.00290946992257296 0.02930537352555701
1 0.4739175104228707 0.589875491480996 0.003225134008338297 0.023787680209698556
15 0.7811018463371054 0.590091743119266 0.004133412745681954 0.032083879423328965
15 0.8287745681953544 0.5912844036697248 0.0029928528886241815 0.026605504587155965
15 0.9496590232281119 0.59478374836173 0.003546754020250149 0.02836173001310616
15 0.04785735556879095 0.5950196592398427 0.003397855866587254 0.028833551769331587
15 0.07446843359142347 0.5950196592398427 0.003612269207861823 0.028833551769331587
15 0.9151771888028588 0.5946592398427261 0.0036718284693269803 0.025491480996068152
15 0.15360333531864204 0.5954587155963302 0.0034544371649791543 0.0244692005242464
15 0.1859365693865396 0.5958912188728702 0.00439249553305539 0.033197903014416774
15 0.5015425848719476 0.5973066841415465 0.004276354973198332 0.028165137614678898
15 0.4975059559261465 0.5979882044560944 0.003945801072066706 0.026906946264744432
15 0.2913832638475283 0.5980799475753604 0.0038505062537224537 0.029711664482306686
15 0.43770994639666466 0.6006684141546527 0.0034723049434187015 0.02702490170380079
15 0.32673168552709947 0.6000982961992136 0.0036718284693269803 0.028505897771952816
15 0.56223942823109 0.6017627785058978 0.004169148302561048 0.029213630406290957
1 0.46309261465157836 0.6075360419397117 0.003612269207861823 0.027653997378768023
15 0.4587105419892793 0.6081651376146788 0.003186420488385944 0.026290956749672346
15 0.4544877903513997 0.6087090432503276 0.00307921381774866 0.027378768020969856
1 0.47929720071471116 0.6084927916120576 0.003859440142942228 0.029567496723460023
15 0.21046158427635497 0.6221035386631717 0.004008338296605123 0.03057667103538663
15 0.20082936271590232 0.6234141546526868 0.0038028588445503273 0.03057667103538663
15 0.21552561048243002 0.6256028833551769 0.00401131625967838 0.03233289646133683
15 0.39745086360929127 0.6256618610747051 0.0033591423466349016 0.029829619921363043
15 0.4145875521143538 0.626127129750983 0.003683740321620012 0.02551769331585845
15 0.4102427039904705 0.6270314547837483 0.0033323406789755807 0.027326343381389256
15 0.29853186420488387 0.6369593709043251 0.0038534842167957115 0.028833551769331587
1 0.20650536033353187 0.6394495412844037 0.003243001786777844 0.025950196592398427
15 0.30280226325193565 0.6400196592398427 0.004055985705777248 0.0244692005242464
1 0.48917063728409765 0.6459174311926605 0.004547349612864801 0.033643512450851905
15 0.3471739130434782 0.6492398427260813 0.004055985705777248 0.03242463958060288
15 0.3327799285288862 0.6487483617300132 0.0038564621798689693 0.031441677588466575
15 0.3167019058963669 0.6513761467889908 0.003266825491363907 0.028833551769331587
15 0.3212701012507445 0.6518152031454784 0.0046605122096486 0.029711664482306686
15 0.3971932698034545 0.6550851900393184 0.0040351399642644436 0.025766710353866316
15 0.4015113162596784 0.6555373525557012 0.0037373436569386543 0.02667103538663172
15 0.41434335914234666 0.6560026212319789 0.0031953543776057176 0.02498034076015727
15 0.4098764145324598 0.6559501965923984 0.0031953543776057176 0.02487549148099607
1 0.39322662298987493 0.6568938401048493 0.00324895771292436 0.026762778505897773
15 0.40600952948183444 0.6564875491480996 0.0032042882668254914 0.025950196592398427
15 0.421697438951757 0.6582241153342071 0.003013698630136986 0.026802096985583224
1 0.446432400238237 0.6627916120576671 0.003049434187016081 0.0254521625163827
1 0.3645503275759381 0.6637155963302752 0.0036688505062537225 0.02730013106159895
1 0.45089785586658726 0.6640629095674967 0.0036420488385944015 0.02799475753604194
15 0.5419103633114949 0.6645609436435125 0.003415723645026802 0.02636959370904325
1 0.45513103037522334 0.6645478374836173 0.0031745086360929126 0.026343381389252952
15 0.5506089934484812 0.6650196592398427 0.0035407980941036333 0.029908256880733945
15 0.5462418106015485 0.6669266055045872 0.003740321620011912 0.028479685452162517
15 0.6589041095890411 0.6689384010484928 0.003930911256700417 0.0272608125819135
15 0.30689994044073854 0.6715072083879423 0.0033174508636092913 0.024534731323722147
15 0.30250446694460986 0.6727850589777196 0.00346039309112567 0.027090432503276543
15 0.6632281119714115 0.6842988204456094 0.003049434187016081 0.029148099606815202
15 0.5085973793924955 0.685524246395806 0.0034961286480047647 0.023735255570117953
15 0.41757593805836807 0.6865858453473133 0.003704586063132817 0.028479685452162517
1 0.6675967837998809 0.6867955439056356 0.0034484812388326383 0.02889908256880734
1 0.4219267421083978 0.6870642201834862 0.0034723049434187015 0.02943643512450852
1 0.49422275163787965 0.6894888597640891 0.004526503871351995 0.031664482306684144
1 0.32430613460393093 0.6922477064220183 0.0035854675402025014 0.02669724770642202
15 0.31948332340678975 0.6928768020969855 0.004064919594997022 0.033197903014416774
1 0.5320994639666468 0.6952686762778506 0.0034484812388326383 0.027496723460026212
15 0.5359261465157832 0.6956749672346002 0.0033591423466349016 0.028309305373525558
15 0.5461197141155449 0.6959895150720838 0.0034961286480047647 0.026317169069462645
15 0.5415038713519952 0.6968217562254259 0.003793924955330554 0.02798165137614679
15 0.6589279332936271 0.7010419397116645 0.003978558665872543 0.025937090432503276
15 0.29416319237641453 0.702051114023591 0.0034544371649791543 0.033197903014416774
1 0.4556313281715307 0.7058781127129752 0.0035795116140559854 0.025124508519003934
15 0.2718240023823704 0.7059829619921363 0.007614651578320429 0.020091743119266054
15 0.4514443120905301 0.7066251638269987 0.003543776057176891 0.029239842726081256
15 0.15161703394877904 0.7107929226736567 0.003650982727814175 0.03495412844036697
15 0.33279035139964264 0.711821756225426 0.0038773079213817747 0.03176933158584534
15 0.3472692078618225 0.7124180865006554 0.003650982727814175 0.030340760157273917
15 0.6268359142346634 0.7138925294888598 0.006500893388921977 0.017562254259501968
1 0.5229556283502085 0.7145806028833552 0.003624181060154854 0.026802096985583224
15 0.8403588445503276 0.7166710353866318 0.006506849315068493 0.01525557011795544
15 0.3743046456223943 0.7182568807339449 0.0029273377010125075 0.026290956749672346
15 0.4267927337701013 0.7235255570117954 0.00307921381774866 0.026343381389252952
15 0.43209053007742704 0.7397903014416777 0.0035497319833234066 0.024796854521625167
15 0.4267153067301966 0.7535583224115334 0.003519952352590828 0.02874180865006553
15 0.4229437164979154 0.7550065530799477 0.0037194758784991067 0.02639580602883355
15 0.9089011316259679 0.7574377457404979 0.0036271590232281117 0.02601572739187418
1 0.17606908874329957 0.7623656618610747 0.003716497915425849 0.025386631716906947
1 0.172130732578916 0.7626343381389252 0.0035824895771292436 0.025923984272608128
15 0.12629839189994044 0.7649606815203145 0.007808219178082191 0.022712975098296197
15 0.5919505658129839 0.7669266055045871 0.004032162001191185 0.029266055045871556
1 0.18310303752233473 0.7684665792922674 0.008254913639070875 0.050694626474442984
15 0.22823406789755807 0.7688925294888597 0.006795711733174508 0.01747051114023591
1 0.2975148898153663 0.7746592398427261 0.007775461584276355 0.05259501965923984
1 0.829041095890411 0.7791153342070773 0.0035259082787373434 0.027431192660550458
1 0.8332236450268017 0.7795478374836172 0.004743895175699822 0.025674967234600263
1 0.25728707564026204 0.7797771952817825 0.0035556879094699226 0.026133682830930538
1 0.25298689696247767 0.7806684141546527 0.003293627159023228 0.025294888597640893
15 0.3804288266825491 0.7828178243774574 0.003859440142942228 0.026972477064220183
1 0.4276593210244193 0.7834862385321101 0.003025610482430018 0.028309305373525558
1 0.6237939249553305 0.7860353866317169 0.0033948779035139964 0.025543905635648755
1 0.6281804645622394 0.7871559633027523 0.00323406789755807 0.02516382699868938
1 0.8410452650387136 0.7892463958060288 0.007879690291840382 0.05293577981651376
1 0.40097379392495536 0.7911861074705111 0.0032578916021441333 0.030602883355176934
1 0.6533695652173913 0.7921100917431193 0.008942823108993449 0.05079947575360419
15 0.7793597379392496 0.7948427260812583 0.0036271590232281117 0.024809960681520315
1 0.8096962477665277 0.7972149410222804 0.004145324597974985 0.03741808650065531
15 0.8043254913639072 0.7987352555701179 0.00412447885646218 0.032595019659239846
1 0.48760869565217396 0.8038138925294888 0.003805836807623585 0.03488859764089122
1 0.45277843954734964 0.8053014416775885 0.0038296605122096483 0.027378768020969856
1 0.46543627159023226 0.8059174311926605 0.0035348421679571172 0.02861074705111402
15 0.48256700416914833 0.8071494102228047 0.0032519356759976178 0.02583224115334207
1 0.4567421083978559 0.8065530799475753 0.004014294222751638 0.029882044560943646
15 0.4610348421679571 0.8078440366972477 0.0030702799285288866 0.027221494102228048
1 0.473735854675402 0.8085583224115334 0.00405300774270399 0.028650065530799476
1 0.4785437760571769 0.8082503276539974 0.003543776057176891 0.02541284403669725
15 0.41027992852888623 0.8098165137614679 0.003406789755807028 0.025923984272608128
15 0.41880732578916025 0.8108060288335518 0.0037849910661107806 0.025281782437745738
15 0.4063192376414533 0.8120314547837484 0.0032281119714115546 0.025111402359108782
15 0.4145592614651578 0.8122673656618611 0.0036271590232281117 0.025583224115334206
1 0.42322513400833833 0.8118217562254259 0.0030911256700416915 0.0273132372214941