20 0.7946786732314071 0.31691101963267887 0.013819642394402695 0.01064281190626979
15 0.788583830007774 0.31879354021532613 0.007849183726353978 0.006174794173527549
20 0.7556219227779217 0.3211716276124129 0.010855143819642395 0.009031032298923368
1 0.7865794247214304 0.3244632678910703 0.008504793988079814 0.00674794173527549
9 0.7711635138636953 0.3300284990500317 0.023280642653537187 0.028644711842938566
20 0.7172544700699663 0.33018207726409116 0.012897123607152113 0.011219126029132363
15 0.7058901269759006 0.3316877770740975 0.005716506867064006 0.008530715642811907
15 0.7031264576315107 0.3347767574414186 0.006926664939103395 0.00584230525649145
15 0.7115599896346203 0.33933818872704247 0.006690852552474734 0.00799873337555415
15 0.7514330137341281 0.3399065864471184 0.011806167400881059 0.007235592146928436
15 0.7006374708473698 0.3413647878404053 0.00816791915003887 0.006352121595946801
15 0.7087742938585125 0.3413647878404053 0.005783881834672195 0.005085497150094997
15 0.7468774293858512 0.34430177327422423 0.008395957501943508 0.00779290690310323
15 0.6973075926405804 0.34419886003799877 0.007209121534076186 0.00695376820772641
15 0.6931886499093028 0.3469078530715643 0.008818346721948691 0.005405319822672578
20 0.7163785954910599 0.3470994300189994 0.01270018139414356 0.010854971500949969
15 0.7424293858512567 0.3471801773274224 0.00882871210158072 0.0072165927802406585
15 0.7054560767038093 0.3491561114629512 0.008476289194091734 0.005468651044965168
15 0.689301632547292 0.3502802406586447 0.007263539777144338 0.005183660544648512
15 0.738197719616481 0.35092780240658644 0.007102876392847888 0.007112096263457885
15 0.7024488209380668 0.35271057631412284 0.007126198497019953 0.0068777707409753
15 0.6983039647577093 0.3557678910702977 0.007128789841927961 0.006659278024065865
15 0.6831070225447007 0.35842780240658645 0.0073127753303964755 0.008179227359088029
15 0.6941837263539777 0.3589027865737809 0.007698885721689557 0.007229259024699176
15 0.7099624254988338 0.36032773907536414 0.0086784140969163 0.00564597846738442
20 0.6775602487691111 0.36245725142495255 0.0133221041720653 0.010538315389487017
15 0.706452448820938 0.36333755541481955 0.006841150557139155 0.004699176694110197
15 0.7033946618294895 0.3653799873337555 0.0069448043534594455 0.005617479417352755
20 0.6691837263539777 0.3671136795440152 0.009525783881834672 0.012884737175427485
15 0.6905688002073076 0.3677723242558581 0.008761337133972532 0.005968967701076631
15 0.7001684374190205 0.3676614946168461 0.006711583311738792 0.006380620645978467
15 0.7140826639025655 0.36789898670044335 0.008108318217154704 0.006222292590246991
15 0.7117115833117388 0.3713837872070931 0.008548846851515936 0.008125395820139329
15 0.6641396734905416 0.37211684610512985 0.008248250842187095 0.0076915769474350856
20 0.6850479398807982 0.3730050664977834 0.011194610002591346 0.009468017732742242
15 0.7080059600932884 0.37386953768207726 0.00787509717543405 0.006130462317922736
15 0.7041850220264316 0.3763394553514883 0.00800725576574242 0.006003799873337556
15 0.70001295672454 0.3797450918302723 0.008473697849183727 0.007115262824572514
20 0.6771456335838301 0.38076630778974035 0.011456335838300078 0.012957568081063965
15 0.697863436123348 0.3834515516149462 0.00883907748121275 0.00629512349588347
15 0.6562658719875616 0.3835940468651045 0.008566986265871988 0.007213426219126029
15 0.6943651204975382 0.3860481317289424 0.008579942990412023 0.007688410386320456
15 0.6713449080072557 0.38636478784040534 0.006592381445970459 0.006421785940468651
20 0.6897641876133714 0.3898717542748575 0.012334801762114538 0.010269157694743508
15 0.7104262762373672 0.390256491450285 0.007014770665975642 0.010405319822672577
15 0.7065457372376263 0.39396295123495884 0.009100803316921481 0.007051931602279924
20 0.681071521119461 0.3950965801139962 0.011534076185540296 0.009319189360354654
15 0.6618903861103913 0.3957678910702977 0.009968903861103913 0.006228625712476251
15 0.7017660015548068 0.3985085497150095 0.007315366675304484 0.007910069664344523
15 0.6758007255765742 0.399320772640912 0.0103213267685929 0.007001266624445852
20 0.6988844260171029 0.4028103229892337 0.013472402176729723 0.011447118429385686
15 0.6697680746307334 0.4046374287523749 0.00810313552733869 0.007501583280557315
20 0.6900362788287121 0.409969917669411 0.013915522155998963 0.011833438885370487
15 0.6829554288675823 0.4156918936035466 0.010119201865768333 0.007444585180493984
15 0.6788740606374709 0.41863679544015203 0.008693962166364342 0.0063679544015199496
20 0.6157942472143042 0.42799715009499684 0.03075926405804613 0.03078847371754275
1 0.6594156517232443 0.4411605446485117 0.013830007774034724 0.012150094996833439
20 0.5737833635656906 0.46804306523115896 0.031733609743456855 0.03108296390120329
1 0.5756776366934439 0.4887856238125396 0.010645244882093806 0.015569981000633313
1 0.5706763410209899 0.49172577580747306 0.008934957242809016 0.010050664977834071
1 0.55068929774553 0.5016022799240025 0.006794506348795025 0.0120709309689677
1 0.5472441046903342 0.5058106396453451 0.009751230888831303 0.012254591513616214
20 0.5301969422130085 0.5074825839138696 0.03059341798393366 0.039664344521849276
1 0.5058629178543664 0.5458106396453452 0.009911894273127754 0.009290690310322989
20 0.48281679191500393 0.5511716276124129 0.029121534076185538 0.02824572514249525
1 0.5014770665975642 0.5512634578847372 0.012023840373153667 0.010696643445218493
20 0.43893107022544703 0.5981934768841038 0.028419279606115573 0.03045915136162128
1 0.4730435345944545 0.6160528815706143 0.015794247214304225 0.011713109563014567
20 0.3956154444156517 0.6373970867637746 0.03196683078517751 0.03160227992400253
1 0.40262762373671934 0.6655652311589614 0.012303705623218449 0.01130778974034199
1 0.37365897901010625 0.673098480050665 0.009302928219746048 0.015607979734008867
1 0.37072168955688 0.6766276124129196 0.009129308110909562 0.01
20 0.35499352163773 0.6787333755541483 0.026908525524747345 0.030677644078530714
1 0.3858421870951023 0.6817416086130462 0.011383778180875874 0.010094996833438886
1 0.3318579942990412 0.7114249525015832 0.007587457890645245 0.014363521215959468
20 0.3134685151593677 0.7143207726409119 0.025745011661052086 0.035354654844838504
1 0.3281199792692407 0.7155652311589614 0.008922000518268981 0.009977834072197593
1 0.28052215599896346 0.7383185560481318 0.06609743456854107 0.07575047498416719
1 0.2314977973568282 0.7786320455984801 0.06289194091733609 0.06391386953768208
15 0.9459017880279865 0.09769791006966434 0.006341020989893755 0.00603546548448385
15 0.9437172842705364 0.1005145661811273 0.007154703291008033 0.007235592146928436
15 0.9281070225447007 0.10078530715642811 0.006512049753822234 0.007777074097530082
15 0.9247201347499352 0.10287840405319822 0.006994039906711583 0.006896770107663078
15 0.9212503239181135 0.10525332488917036 0.006791915003887017 0.006580113996200127
15 0.9184451930551957 0.10910386320455985 0.006882612075667271 0.007314756174794174
1 0.9158447784400103 0.11240658644711843 0.007901010624514123 0.007587080430652312
1 0.9120510494946877 0.11448860037998733 0.008087587457890646 0.007951234958834706
15 0.9090800725576574 0.11712317922735908 0.006810054418243068 0.006253958201393287
15 0.906110391293081 0.1200538315389487 0.007089919668307852 0.007048765041165295
15 0.922507126198497 0.12039265357821406 0.0067141746566468 0.005826472450918302
15 0.9018994558175693 0.12115104496516783 0.006442083441306038 0.007343255224825839
15 0.8999015288934956 0.12486067131095631 0.006074112464369008 0.007162761241291957
15 0.907840114019176 0.13414819506016465 0.007439751230888831 0.0061051298290057
15 0.8879891163513863 0.13806523115896135 0.0055713915522156 0.005706143128562381
20 0.9172505830526043 0.13825680810639646 0.013822233739310703 0.012422419252691577
1 0.8853990671158332 0.13986383787207093 0.005573982897123608 0.006136795440151994
20 0.8809756413578648 0.14363204559848003 0.011756931847628918 0.010506649778340722
15 0.8937354236848926 0.14757916402786575 0.007735164550401659 0.007001266624445852
15 0.875352422907489 0.1493239392020266 0.006729722726094843 0.006057631412286257
15 0.8899144856180358 0.14983058898036733 0.005275978232702773 0.0051709943001899935
15 0.886749157812905 0.15141386953768207 0.00516455040165846 0.004537682077264091
15 0.9131523710805909 0.15383787207093097 0.007698885721689557 0.007485750474984168
1 0.9039608706918891 0.15500791640278658 0.006418761337133972 0.006659278024065865
1 0.8813176988857218 0.1581222292590247 0.008294895050531225 0.0065547815072830905
1 0.899261466701218 0.15973717542748575 0.005830526043016326 0.004718176060797974
15 0.9120044052863436 0.16134895503483218 0.007476030059600933 0.004775174160861304
15 0.8773788546255507 0.1615009499683344 0.006636434309406582 0.006345788473717542
1 0.8944117647058824 0.16375237492083597 0.00649650168437419 0.005148828372387587
15 0.888217154703291 0.16854813172894237 0.006027468256024878 0.007140595313489551
9 0.904996112982638 0.17610037998733374 0.027665198237885463 0.02161177960734642
15 0.8732974863954391 0.1767574414186194 0.007802539518009847 0.007093096896770107
15 0.894262762373672 0.1842273590880304 0.00775330396475771 0.006833438885370487
1 0.9215612853070744 0.18549556681443952 0.010005182689816015 0.006836605446485117
15 0.9176561285307074 0.18834547181760608 0.007895827934698108 0.006836605446485117
15 0.8596696035242292 0.18910386320455985 0.0074967608188649905 0.007086763774540848
1 0.9150932884166882 0.19032615579480683 0.004843223633065562 0.005098163394553515
15 0.8696670121793211 0.190739392020266 0.007797356828193832 0.006557948068397721
15 0.9126690852552474 0.19164502849905005 0.005177507126198497 0.006469284357188094
15 0.8659212231147966 0.19304939835338822 0.008079813423166623 0.006111462951234959
1 0.8527714433791137 0.19322197593413554 0.008730240995076443 0.008356554781507283
15 0.910391293081109 0.19446801773274225 0.007877688520342057 0.007048765041165295
15 0.8761751749157812 0.19476567447751744 0.006820419797875097 0.008277390753641546
15 0.9073788546255506 0.19688410386320457 0.007035501425239699 0.006814439518682711
15 0.8501697330914745 0.1972324255858138 0.008191241254210935 0.0068777707409753
15 0.9039025654314589 0.1990880303989867 0.006302150816273646 0.006789107029765675
1 0.8469201865768333 0.20000474984167194 0.008429644985747603 0.0073559214692843575
15 0.8710261725835708 0.20069031032298923 0.007924332728686187 0.005560481317289423
15 0.8423969940399066 0.2017067764407853 0.005602487691111688 0.0069601013299556685
15 0.8808292303705623 0.20277549081697277 0.00731795802021249 0.005297656744775174
15 0.8405169733091474 0.20443951868271057 0.005988598082404768 0.009259024699176693
15 0.9256128530707437 0.2069411019632679 0.008261207566727132 0.007929069031032299
15 0.8743949209639803 0.207897403419886 0.006887794765483285 0.006041798606713109
9 0.8611803576055973 0.20829797340088663 0.027102876392847888 0.022042431918936036
15 0.838554029541332 0.20875395820139328 0.005690593417983934 0.005854971500949968
15 0.8481938325991188 0.21596105129829005 0.005275978232702773 0.005702976567447752
15 0.9155506607929516 0.2160069664344522 0.0073127753303964755 0.007061431285623813
15 0.8297875097175434 0.21687143761874603 0.006296968126457632 0.004990500316656111
15 0.8419759004923555 0.2207520582647245 0.006833376522415134 0.005785307156428119
15 0.8913980305778699 0.22139803673210892 0.009279606115573984 0.00961051298290057
15 0.8695698367452708 0.22283723875870806 0.009157812904897642 0.007422419252691577
15 0.8328867582275201 0.22337713742875237 0.005757968385592122 0.005335655478150729
15 0.8284063228815756 0.22383945535148828 0.008199015288934958 0.006893603546548448
15 0.8504716247732572 0.22548923369221027 0.005685410728167919 0.005759974667511083
15 0.8629087846592381 0.2289075364154528 0.006201088364861363 0.006896770107663078
20 0.847157294635916 0.23117796073464217 0.013568281938325991 0.0120709309689677
20 0.8362218191241254 0.23180018999366686 0.013982897123607152 0.010782140595313489
15 0.8972816791915004 0.23299873337555413 0.008608447784400104 0.006846105129829006
15 0.8171028763928478 0.2338727042431919 0.008395957501943508 0.0066941101963267895
15 0.8304677377558953 0.2362333755541482 0.009212231147965794 0.007615579480683978
15 0.8043534594454522 0.2365911969601013 0.006737496760818865 0.006431285623812539
15 0.8135397771443379 0.23779290690310326 0.006970717802539518 0.007568081063964534
15 0.8016649391033946 0.24055098163394553 0.0065431458927183205 0.006117796073464218
15 0.8242277792174139 0.24325680810639647 0.009170769629437678 0.0077295756808106394
15 0.7980811090956207 0.24577739075364152 0.008704327545996373 0.007070930968967701
15 0.8173399844519305 0.24940626979100697 0.007833635656905934 0.007362254591513616
15 0.79285436641617 0.25013616212792905 0.007579683855921223 0.006288790373654212
15 0.7893132935993781 0.2529084863837872 0.00827157294635916 0.007400253324889171
20 0.8111842446229593 0.25412444585180494 0.01262503239181135 0.011732108929702343
15 0.7841422648354496 0.2572102596580114 0.008294895050531225 0.005870804306523115
1 0.8219992225965276 0.25747150094996835 0.007823270277273905 0.006393286890436986
1 0.8061129826379891 0.25811747941735275 0.007665198237885462 0.006418619379354022
15 0.7810119201865768 0.26037840405319823 0.006698626587198757 0.0058739708676377456
15 0.8025719098211972 0.2613647878404053 0.0062840114019175955 0.005946801773274225
1 0.7998082404768074 0.2628958201393287 0.006975900492355533 0.007742241925269158
1 0.7765185281160922 0.26488758708043064 0.005485877170251361 0.00539265357821406
15 0.7894856180357606 0.27035623812539583 0.00602487691111687 0.005563647878404053
20 0.7968696553511272 0.270593730208993 0.01561026172583571 0.0111051298290057
1 0.7729878206789323 0.27101171627612414 0.007235034983156258 0.006874604179860672
1 0.7863202902306297 0.2730842305256491 0.005913449080072557 0.0059531348955034835
1 0.7692200051826898 0.274034198860038 0.006436900751490024 0.006586447118429386
1 0.7813578647317958 0.27510291323622543 0.006872246696035242 0.0068239392020266
1 0.7798652500647836 0.27887745408486386 0.005960093288416689 0.005506649778340722
15 0.7925706141487433 0.27924477517416085 0.007012179321067634 0.006241291956934769
1 0.7755247473438714 0.2818603546548448 0.007126198497019953 0.004506016466117796
1 0.7737224669603524 0.28390595313489553 0.006112982637989117 0.005430652311589613
1 0.7896994039906711 0.28542431918936034 0.006970717802539518 0.007200759974667511
1 0.7870549365120497 0.2886700443318556 0.007382741642912671 0.005459151361621279
9 0.7637185799429904 0.2906871437618746 0.019792692407359418 0.024059531348955037
20 0.7468722466960352 0.2917716909436352 0.013568281938325991 0.011662444585180494
15 0.7835553252137859 0.2921263457884737 0.009712360715211194 0.006671944268524382
15 0.793887017362011 0.29270740975300824 0.00705364083959575 0.007200759974667511
15 0.7891591085773516 0.29787998733375554 0.007963202902306296 0.006146295123495883
20 0.7388403731536667 0.3004686510449652 0.015643949209639803 0.011323622545915136
15 0.7858991966830785 0.3006649778340722 0.007662606892977456 0.006649778340721976
20 0.7799533557916559 0.3037127929069031 0.012873801502980047 0.00831222292590247
1 0.752131381186836 0.3040056998100063 0.0059471365638766515 0.005098163394553515
1 0.8080189168178284 0.3050617479417353 0.008367452707955428 0.006576947435085497
1 0.7472622441046903 0.3069094363521216 0.005537704068411506 0.004572514249525016
1 0.8049326250323918 0.3075965801139962 0.006859289971495206 0.005946801773274225
15 0.7411596268463333 0.30959468017732744 0.007325732054936512 0.007409753008233058
15 0.801811350090697 0.3098907536415453 0.007354236848924591 0.006735275490816973
1 0.7733765224151334 0.3106982267257758 0.0064576315107540815 0.005816972767574415
15 0.8001464109873023 0.3114154528182394 0.006097434568541073 0.00661811272957568
15 0.7387626328064266 0.3130256491450285 0.0077144337911376005 0.006671944268524382
20 0.7643456854107282 0.3140436985433819 0.012754599637211712 0.009974667511082964
1 0.7819694221300855 0.3146706776440785 0.006540554547810313 0.008695376820772642