15 0.7284617077464789 0.5317136025504782 0.012381161971830985 0.009229543039319874
1 0.709381602112676 0.5346493092454836 0.005030809859154929 0.010850159404888418
20 0.5921082746478873 0.5399760892667376 0.020484154929577465 0.02787991498405951
1 0.7453631161971831 0.5413629117959617 0.004810739436619718 0.013650371944739639
1 0.6274757922535211 0.5529994686503719 0.005831866197183099 0.012481402763018064
1 0.511106954225352 0.5735626992561105 0.010770246478873239 0.007911795961742827
1 0.43078785211267606 0.5783129649309245 0.005941901408450704 0.01528692879914984
1 0.403243838028169 0.584335812964931 0.00983274647887324 0.00820403825717322
20 0.12496919014084508 0.5855154091392136 0.010501760563380282 0.019064824654622742
9 0.07047095070422536 0.5942507970244422 0.013301056338028168 0.017407013815090328
1 0.4057284330985916 0.6103639744952178 0.012161091549295774 0.008188097768331562
1 0.5151914612676057 0.6110998937300743 0.011016725352112677 0.009659936238044634
9 0.02602112676056338 0.6121360255047821 0.02211267605633803 0.034048884165781085
15 0.1294212147887324 0.06148512221041445 0.007081866197183099 0.018825717321997875
1 0.5150814260563381 0.620528692879915 0.00991637323943662 0.00832624867162593
20 0.7033032570422535 0.6225982996811902 0.01400088028169014 0.01352816153028693
9 0.8961817781690141 0.6263124335812965 0.03444102112676056 0.05071200850159405
20 0.7029093309859155 0.6584086078639745 0.010572183098591549 0.013947927736450585
4 0.04953125 0.7031083953241233 0.02775968309859155 0.09803400637619554
20 0.8931822183098591 0.742577045696068 0.013477112676056339 0.014378320935175345
4 0.7293111795774647 0.749460680127524 0.03696742957746479 0.30444739638682256
20 0.689650088028169 0.8203799149840595 0.013983274647887324 0.015892667375132837
15 0.35615536971830986 0.8227417640807652 0.009845950704225353 0.008926673751328374
15 0.3962301936619718 0.8237964930924548 0.010770246478873239 0.008910733262486715
15 0.4984308978873239 0.8244473963868225 0.011826584507042255 0.008087141339001062
15 0.43639524647887323 0.8244473963868225 0.01011443661971831 0.012337938363443145
15 0.460662411971831 0.8248591923485653 0.009352992957746479 0.0131615302869288
15 0.37327904929577466 0.8246891604675877 0.010642605633802817 0.00963336875664187
15 0.41051716549295775 0.8253320935175346 0.011175176056338028 0.00985653560042508
15 0.5526848591549296 0.8255685441020192 0.010299295774647887 0.00820403825717322
15 0.5404049295774648 0.8266896918172157 0.007746478873239438 0.007258235919234857
15 0.5140845070422535 0.8273990435706695 0.01056338028169014 0.007614240170031881
9 0.03612896126760564 0.8366099893730075 0.02912411971830986 0.0281615302869288
15 0.37322843309859155 0.8559112646121148 0.009661091549295774 0.007252922422954304
15 0.39588908450704224 0.8563761955366631 0.01096830985915493 0.009245483528161529
15 0.4142825704225352 0.8568490967056323 0.012544014084507043 0.009128586609989373
15 0.4605149647887324 0.857143995749203 0.012579225352112675 0.00865568544102019
15 0.3562037852112676 0.8570908607863975 0.01082306338028169 0.00961211477151966
15 0.43727772887323946 0.8573804463336875 0.012759683098591549 0.009128586609989373
15 0.5540536971830986 0.8574973432518597 0.007755281690140846 0.009362380446333689
15 0.49891945422535217 0.857558448459086 0.010162852112676056 0.007359192348565356
15 0.5134485035211268 0.8582651434643996 0.01105193661971831 0.007709883103081828
15 0.5404533450704225 0.8587380446333688 0.012244718309859156 0.006530286928799149
9 0.7441791373239437 0.9254835281615302 0.023569542253521127 0.03268862911795962
20 0.869137323943662 0.9343995749202976 0.0771830985915493 0.08240170031880978
15 0.3528763204225352 0.9615329436769394 0.008569542253521125 0.00701912858660999
15 0.49788292253521127 0.9621811902231668 0.008089788732394366 0.007252922422954304
15 0.36794454225352113 0.9624176408076515 0.008776408450704225 0.007725823591923485
15 0.3818397887323943 0.9627709883103082 0.010158450704225351 0.00630712008501594
15 0.39626980633802816 0.9627125398512222 0.007328345070422535 0.0061902231668437835
15 0.5128036971830986 0.9631243358129649 0.011522887323943663 0.007013815090329436
15 0.42400968309859155 0.9630074388947928 0.00999119718309859 0.007842720510095642
15 0.46124119718309864 0.9629489904357067 0.01227112676056338 0.0066631243358129645
15 0.4417693661971831 0.9635387885228481 0.008538732394366196 0.0057173219978746016
15 0.45179797535211264 0.9631854410201912 0.00746919014084507 0.0071360255047821465
15 0.4056139964788732 0.9636556854410201 0.007530809859154929 0.007013815090329436
15 0.4333054577464789 0.9634803400637619 0.007455985915492958 0.0056004250797024435
9 0.7975022007042253 0.9651328374070138 0.015779049295774648 0.01953241232731137
9 0.030365316901408448 0.10967587672688629 0.026399647887323942 0.018501594048884167
20 0.19795774647887324 0.17365037194473965 0.027077464788732394 0.02636556854410202
20 0.2431117957746479 0.18064293304994689 0.018794014084507045 0.030786397449521784
20 0.2634022887323944 0.1810122210414453 0.020642605633802817 0.031524973432518595
1 0.1795906690140845 0.19925611052072265 0.01147007042253521 0.01700318809776833
1 0.19384903169014084 0.19967056323060572 0.011817781690140845 0.021020191285866102
9 0.1498899647887324 0.20085812964930924 0.014568661971830987 0.01808182784272051
1 0.2402662852112676 0.21134962805526036 0.013102992957746478 0.017810839532412328
1 0.2553213028169014 0.21210148777895857 0.011522887323943663 0.018251859723698194
20 0.8216219190140844 0.21866631243358128 0.006800176056338028 0.013315621679064823
1 0.8877222711267605 0.21915515409139213 0.00695862676056338 0.014293304994686503
20 0.8371698943661972 0.22747343251859725 0.01324823943661972 0.00861317747077577
1 0.1924537852112676 0.2329117959617428 0.003745598591549296 0.010988310308182784
1 0.18181338028169014 0.23356004250797024 0.004471830985915493 0.01228480340063762
1 0.17513424295774646 0.2339479277364506 0.00519806338028169 0.014123273113708819
9 0.3215470950704225 0.23518065887353878 0.027777288732394365 0.04953241232731137
1 0.16675836267605634 0.23692348565356003 0.00429137323943662 0.010510095642933051
1 0.16431338028169012 0.25302337938363445 0.004683098591549296 0.012954303931987246
9 0.8786135563380282 0.25467321997874603 0.03539612676056338 0.04388416578108396
9 0.1877332746478873 0.26267800212539855 0.037438380281690144 0.03332624867162593
1 0.8495862676056338 0.26557917109458024 0.011672535211267605 0.007247608926673752
1 0.910125440140845 0.2675903294367694 0.009511443661971831 0.005956429330499469
20 0.15457306338028168 0.2712221041445271 0.01249119718309859 0.019596174282678003
9 0.24093970070422532 0.272951647183847 0.04349911971830986 0.05599893730074389
20 0.5832966549295775 0.27618225292242293 0.012544014084507043 0.012513283740701382
20 0.3001452464788732 0.2853666312433581 0.02898767605633803 0.026631243358129646
1 0.3208846830985915 0.28623804463336877 0.007966549295774648 0.018809776833156214
1 0.7431294014084507 0.29369287991498405 0.002984154929577465 0.008214665249734326
20 0.7517671654929577 0.29434643995749205 0.0114568661971831 0.007396386822529224
20 0.6583736795774648 0.3066817215727949 0.006888204225352113 0.014001062699256111
1 0.7413754401408451 0.3139107332624867 0.005638204225352113 0.013581296493092454
20 0.6042121478873239 0.3143969181721573 0.010360915492957746 0.014553666312433582
20 0.28813380281690143 0.31946599362380446 0.02433098591549296 0.024691817215727947
20 0.31885783450704225 0.32023379383634426 0.02680017605633803 0.02410201912858661
20 0.2123899647887324 0.3203666312433581 0.02953345070422535 0.02543039319872476
20 0.18181338028169014 0.32067481402763015 0.03 0.024984059511158344
20 0.6581976232394366 0.32250797024442085 0.008296654929577466 0.015897980871413392
1 0.1442011443661972 0.3258634431455898 0.011993838028169014 0.008793836344314559
1 0.2375220070422535 0.32745749202975555 0.013776408450704226 0.008793836344314559
1 0.2619476232394366 0.3277364505844846 0.01685299295774648 0.010414452709883103
20 0.8228323063380282 0.33247608926673755 0.010101232394366198 0.010329436769394263
20 0.7598305457746479 0.33877523910733265 0.009097711267605635 0.006987247608926674
1 0.9081756161971831 0.33903825717322 0.0038512323943661973 0.0032624867162592986
20 0.7768727992957747 0.3392507970244421 0.009731514084507042 0.00793836344314559
1 0.23857394366197182 0.3405738575982997 0.015 0.009521785334750267
1 0.8719652288732395 0.3414373007438895 0.006254401408450704 0.0038097768331562167
20 0.6053675176056338 0.3421413390010627 0.00827024647887324 0.013719447396386822
1 0.2632790492957746 0.34238841657810837 0.015994718309859157 0.009962805526036131
1 0.908019366197183 0.3439213602550478 0.004419014084507042 0.0034643995749202975
20 0.31823283450704226 0.34620350690754514 0.026430457746478873 0.022906482465462275
1 0.7000044014084508 0.3468597236981934 0.009163732394366197 0.01678002125398512
20 0.2879137323943662 0.34763283740701384 0.026531690140845072 0.023639744952178535
20 0.21313600352112677 0.34811902231668435 0.030145246478873237 0.026737513283740702
20 0.18186399647887325 0.34882837407013817 0.030981514084507042 0.024968119022316687
1 0.6856932218309859 0.3491020191285866 0.006949823943661971 0.012763018065887354
1 0.8476980633802818 0.35058714133900104 0.0043749999999999995 0.008294367693942614
1 0.23819542253521125 0.35295430393198723 0.015123239436619718 0.008777895855472902
1 0.26270466549295773 0.3544739638682253 0.01660651408450704 0.008629117959617428
9 0.8747909330985916 0.36824388947927733 0.02951144366197183 0.03191817215727949
1 0.8474273767605633 0.3683421891604676 0.004713908450704226 0.0076726886291179595
20 0.8102904929577465 0.36890807651434643 0.010545774647887324 0.014117959617428268
20 0.7940382922535212 0.3698007438894793 0.011492077464788732 0.013777895855472901
1 0.1747293133802817 0.3711317747077577 0.006148767605633803 0.011126461211477152
1 0.2593772007042253 0.3719872476089267 0.007310739436619718 0.009649309245483528
1 0.2448349471830986 0.3724734325185972 0.00815580985915493 0.012747077577045695
1 0.18305677816901408 0.3726062699256111 0.004317781690140845 0.008761955366631243
1 0.19750220070422536 0.37257704569606803 0.005919894366197183 0.010828905419766206
1 0.2744564260563381 0.3727258235919235 0.008419894366197183 0.011126461211477152
1 0.22908010563380282 0.3728878852284803 0.005695422535211267 0.01038788522848034
1 0.22094850352112677 0.3728719447396387 0.007037852112676057 0.011418703506907544
1 0.25170774647887323 0.3732252922422954 0.006936619718309859 0.013188097768331563
1 0.26633582746478873 0.3728719447396387 0.008904049295774649 0.011418703506907544
1 0.2819916373239436 0.37302072263549413 0.00940580985915493 0.01171625929861849
20 0.5881734154929578 0.3733714133900106 0.01085387323943662 0.010292242295430394
1 0.19103213028169014 0.3734776833156217 0.005303697183098592 0.011567481402763018
1 0.2050594190140845 0.37346174282678 0.005189260563380281 0.012598299681190224
1 0.23637103873239435 0.3737566418703507 0.006192781690140845 0.013188097768331563
1 0.21291153169014085 0.3742295430393198 0.005928697183098592 0.012008501594048884
1 0.8537477992957746 0.37920563230605736 0.0041505281690140845 0.0028320935175345377
1 0.8969762323943662 0.3811663124335813 0.006100352112676056 0.011004250797024443
1 0.8540470950704225 0.38462008501594047 0.003868838028169014 0.0030340063761955366
1 0.8660145246478873 0.3893517534537726 0.0057966549295774645 0.0018703506907545165
1 0.8823503521126761 0.3899654622741764 0.005017605633802817 0.003097768331562168
20 0.43516065140845067 0.39425876726886294 0.01116637323943662 0.012747077577045695
1 0.8973107394366198 0.39517534537725824 0.004128521126760563 0.00820403825717322
1 0.8876584507042253 0.39853347502656744 0.006830985915492958 0.003230605738575983
20 0.8022623239436619 0.4033315621679065 0.011214788732394367 0.014952178533475026
1 0.6340955105633803 0.40902763018065885 0.010268485915492957 0.006153028692879915
20 0.4367913732394366 0.4102922422954304 0.010026408450704226 0.012933049946865036
20 0.05139084507042254 0.44749468650371943 0.010352112676056338 0.010823591923485655
1 0.6042759683098592 0.4606376195536663 0.012249119718309859 0.008416578108395325
1 0.2440030809859155 0.46470510095642936 0.004731514084507042 0.013363443145589798
1 0.21352332746478872 0.46501594048884165 0.007152288732394366 0.012922422954303932
1 0.22722271126760563 0.4651620616365568 0.008142605633802816 0.013214665249734326
1 0.19686619718309858 0.46547290116896917 0.006408450704225352 0.012773645058448458
1 0.2583010563380282 0.46561902231668434 0.007799295774647887 0.013065887353878852
1 0.2048525528169014 0.46572263549415516 0.006536091549295775 0.011147715196599363
1 0.2510717429577465 0.4660626992561105 0.007425176056338028 0.013953241232731138
1 0.2345620598591549 0.46604675876726886 0.009617077464788733 0.014984059511158342
1 0.21963908450704225 0.46647449521785334 0.006179577464788732 0.011588735387885228
9 0.05138864436619718 0.04724495217853347 0.020911091549295775 0.016912858660998936
9 0.564300176056338 0.46962539851222107 0.010642605633802817 0.015765143464399577
9 0.5782306338028169 0.47081827842720514 0.011214788732394367 0.01283740701381509
20 0.6038600352112676 0.476787991498406 0.014058098591549297 0.015212539851222104
1 0.10222051056338029 0.49825185972369823 0.012539612676056338 0.008193411264612115
1 0.632618838028169 0.5011981934112646 0.009955985915492958 0.007709883103081828
20 0.11973591549295776 0.5140834218916047 0.011478873239436619 0.020727948990435705
1 0.2428411091549296 0.5252444208289054 0.006808978873239437 0.014357066950053135
1 0.2054269366197183 0.5254064824654623 0.005924295774647888 0.013618490967056323
1 0.19737896126760562 0.5251859723698193 0.005673415492957747 0.013177470775770457
1 0.2507174295774648 0.5253639744952179 0.010237676056338029 0.016721572794899043
1 0.21973811619718311 0.5258501594048884 0.008138204225352112 0.014505844845908607
1 0.22797975352112676 0.5259829968119022 0.007896126760563381 0.010520722635494155
1 0.21266725352112675 0.5259697130712009 0.005440140845070422 0.011556854410201912
1 0.23556338028169016 0.5261450584484592 0.00545774647887324 0.015095642933049947
1 0.25941241197183096 0.5263974495217854 0.009141725352112676 0.013475026567481403