15 0.5301217072357453 0.4667513992537314 0.014561520506835613 0.009995335820895523
15 0.5298999666555518 0.47708722014925375 0.014118039346448818 0.011077425373134329
1 0.8499433144381461 0.47770289179104475 0.015325108369456485 0.01604011194029851
1 0.766052017339113 0.47980177238805966 0.017599199733244416 0.009976679104477613
1 0.16319606535511838 0.04844216417910448 0.016288762920973657 0.014794776119402985
1 0.12275258419473158 0.048582089552238805 0.00675891963987996 0.019738805970149254
9 0.6864621540513504 0.5109305037313433 0.03514504834944982 0.05264458955223881
9 0.10098199399799934 0.5119542910447762 0.03324108036012004 0.11066231343283582
1 0.8555568522840947 0.5126725746268657 0.008546182060686896 0.022546641791044778
9 0.7552267422474158 0.5150233208955224 0.036628876292097365 0.0561660447761194
9 0.8239529843281094 0.5163199626865672 0.03470156718906302 0.054095149253731344
1 0.591840613537846 0.5171175373134329 0.015958652884294766 0.011847014925373133
9 0.886058686228743 0.5174930037313433 0.03487162387462488 0.0527098880597015
1 0.3419206402134045 0.5194076492537313 0.014284761587195733 0.015494402985074627
1 0.396972324108036 0.5197971082089552 0.01501833944648216 0.011609141791044776
9 0.06403967989329777 0.520116604477612 0.030713571190396798 0.09433768656716418
1 0.6554951650550184 0.5227891791044775 0.010556852284094698 0.02412313432835821
9 0.21113037679226407 0.52296875 0.028129376458819605 0.0953777985074627
1 0.7989629876625542 0.5233978544776119 0.007395798599533178 0.01974347014925373
9 0.17499499833277757 0.5233558768656716 0.03255085028342781 0.10081623134328359
9 0.13881293764588196 0.5240391791044776 0.030210070023341112 0.10404850746268657
9 0.25085361787262417 0.5276305970149254 0.029549849949983328 0.10003731343283581
1 0.5039029676558853 0.05470615671641791 0.014141380460153383 0.008666044776119403
1 0.1298066022007336 0.05799207089552239 0.006862287429143047 0.018036380597014925
1 0.905703567855952 0.05881296641791045 0.017475825275091696 0.011282649253731344
9 0.4417955985328443 0.5947527985074628 0.033307769256418804 0.058908582089552235
9 0.33341113704568187 0.5983605410447761 0.03461153717905969 0.026944962686567167
1 0.3586262087362454 0.6115181902985075 0.01568522840946982 0.01408115671641791
1 0.4300366788929643 0.6303824626865672 0.017125708569523175 0.01542910447761194
1 0.15923474491497167 0.06381296641791044 0.02437145715238413 0.030611007462686565
9 0.09906302100700234 0.6417817164179105 0.027402467489163057 0.05968283582089552
9 0.06792930976992331 0.6425186567164178 0.02182060686895632 0.059291044776119406
9 0.13770090030010004 0.6433325559701493 0.02798599533177726 0.07211287313432836
9 0.17471657219073025 0.6442047574626866 0.025325108369456485 0.06732742537313433
9 0.39368956318772924 0.6448740671641792 0.05180060020006669 0.1591511194029851
9 0.21193731243747918 0.6465345149253732 0.025075025008336114 0.07665111940298508
9 0.25085361787262417 0.6492537313432836 0.029549849949983328 0.08208955223880597
9 0.3328542847615872 0.651982276119403 0.02349449816605535 0.031576492537313434
1 0.45726408802934315 0.6573670708955224 0.017562520840280094 0.017159514925373133
1 0.3566655551850617 0.6662849813432836 0.014431477159053019 0.015405783582089553
1 0.09576025341780593 0.6797901119402985 0.014794931643881293 0.011632462686567166
9 0.4900166722240747 0.6804594216417911 0.07106368789596533 0.04375466417910448
1 0.0637945981993998 0.6827052238805971 0.02088696232077359 0.012798507462686569
1 0.21059019673224405 0.6857742537313433 0.01571190396798933 0.01240671641791045
1 0.17195231743914635 0.686396921641791 0.018462820940313436 0.010853544776119403
1 0.13610703567855953 0.6867840485074627 0.01412804268089363 0.0162919776119403
9 0.5689596532177392 0.6870265858208955 0.07223074358119373 0.04569496268656716
1 0.24824108036012005 0.6886683768656717 0.020323441147049016 0.012597947761194031
1 0.907079026342114 0.06972014925373134 0.015558519506502166 0.010708955223880597
1 0.06324774924974992 0.06993470149253732 0.013791263754584861 0.009272388059701491
1 0.31470490163387793 0.6952705223880598 0.007869289763254418 0.023936567164179103
9 0.33202067355785264 0.6978334888059702 0.03183061020340113 0.02533115671641791
1 0.2439079693231077 0.0703847947761194 0.014324774924974993 0.011105410447761194
9 0.7320356785595198 0.7056366604477612 0.10828609536512171 0.07078824626865672
20 0.8846065355118372 0.07086287313432836 0.007959319773257752 0.025121268656716416
1 0.09792764254751583 0.07135960820895522 0.015128376125375124 0.024249067164179107
20 0.8923291097032343 0.07299673507462687 0.004731577192397466 0.022859141791044774
9 0.49004334778259423 0.7305830223880596 0.07245081693897966 0.05071828358208955
1 0.07415305101700567 0.07366371268656717 0.006925641880626876 0.018596082089552237
1 0.08242080693564521 0.07386194029850747 0.006122040680226742 0.016194029850746267
9 0.5698216072024008 0.7336940298507463 0.07195398466155385 0.04294776119402985
15 0.38281760586862285 0.7398204291044775 0.012717572524174724 0.011357276119402985
1 0.08932810936978992 0.7409258395522388 0.0926275425141714 0.05274720149253732
1 0.5030693564521507 0.07475513059701493 0.014474824941647214 0.009584888059701493
15 0.38299099699899963 0.7502518656716418 0.015065021673891297 0.01169776119402985
1 0.4543581193731243 0.7543330223880597 0.012417472490830278 0.025457089552238805
15 0.38468322774258085 0.7611660447761194 0.014448149383127709 0.013936567164179105
1 0.3130910303434478 0.7653614738805969 0.021313771257085695 0.013931902985074627
9 0.569544848282761 0.7764365671641791 0.07473491163721241 0.044477611940298506
1 0.11789263087695899 0.07812733208955223 0.018379459819939978 0.025657649253731343
1 0.37031010336778925 0.07840718283582089 0.01571190396798933 0.010359141791044777
1 0.06359119706568857 0.07911847014925373 0.01581193731243748 0.008983208955223882
15 0.05814771590530177 0.7884701492537314 0.014928309436478828 0.00791044776119403
1 0.3146115371790597 0.7901935634328358 0.018352784261420473 0.027215485074626865
15 0.05807269089696565 0.7970195895522387 0.013444481493831277 0.01101679104477612
15 0.24320606868956318 0.08008162313432836 0.014254751583861287 0.01277518656716418
1 0.09257752584194731 0.8013736007462686 0.015765255085028344 0.005732276119402985
1 0.9063304434811604 0.0807695895522388 0.01272757585861954 0.010419776119402984
1 0.45276758919639876 0.8027495335820896 0.008569523174391464 0.02340951492537313
1 0.07339613204401467 0.8031016791044776 0.014081360453484494 0.008255597014925373
1 0.30974158052684225 0.8072411380597014 0.009946648882960986 0.013736007462686568
1 0.05670556852284095 0.8089878731343284 0.016712237412470823 0.013498134328358209
15 0.27317605868622874 0.0816651119402985 0.014174724908302768 0.012210820895522388
15 0.057517505835278426 0.8189692164179104 0.015668556185395133 0.010139925373134328
9 0.5664588196065355 0.8234118470149253 0.07389796598866288 0.04794309701492538
9 0.4897665888629543 0.8253544776119403 0.07523174391463822 0.047164179104477615
1 0.31421473824608204 0.8295848880597015 0.018226075358452817 0.02390858208955224
15 0.057554184728242745 0.8299347014925373 0.013074358119373125 0.00875
15 0.05776592197399134 0.8399160447761194 0.01616538846282094 0.006324626865671642
9 0.260565188396132 0.8430597014925373 0.033634544848282766 0.03313432835820896
15 0.5032360786928977 0.08470149253731343 0.014141380460153383 0.008955223880597015
1 0.23531343781260422 0.8455107276119403 0.00780593531177059 0.021245335820895522
9 0.17967822607535847 0.8457532649253732 0.05192064021340447 0.22042444029850744
15 0.05677559186395466 0.8504850746268657 0.014184728242747583 0.01253731343283582
1 0.33745581860620205 0.08586753731343283 0.018692897632544184 0.010354477611940298
1 0.45156885628542853 0.8552658582089553 0.013507835945315105 0.013703358208955223
9 0.8741380460153384 0.8618283582089552 0.029703234411470488 0.08279850746268658
1 0.057399133044348113 0.8620079291044777 0.014764921640546848 0.011329291044776119
9 0.7296682227409137 0.8695359141791045 0.1108869623207736 0.1579151119402985
9 0.8302767589196399 0.8774043843283582 0.04934978326108703 0.16059235074626865
9 0.09461987329109703 0.8783652052238805 0.05519506502167389 0.13919309701492538
15 0.12986495498499498 0.8911543843283583 0.01498166055351784 0.009920708955223881
1 0.9055418472824274 0.09023554104477612 0.015151717239079692 0.010694962686567165
9 0.25695231743914637 0.8986240671641792 0.03641213737912637 0.041651119402985076
1 0.0641563854618206 0.0904081156716418 0.015608536178726243 0.010107276119402986
1 0.3134378126042014 0.9051212686567164 0.022674224741580526 0.02386194029850746
1 0.22893464488162724 0.9146361940298507 0.009053017672557518 0.027033582089552238
1 0.3704768256085362 0.09216184701492537 0.014044681560520172 0.012681902985074628
1 0.3104218072690897 0.9217887126865671 0.01464154718239413 0.010555037313432835
15 0.1256868956318773 0.9261077425373134 0.005958652884294765 0.02199160447761194
1 0.1344381460486829 0.9268959888059702 0.010790263421140379 0.024500932835820895
15 0.1453067689229743 0.9272807835820895 0.009186395465155052 0.02060634328358209
15 0.4582894298099367 0.9282136194029851 0.012277425808602868 0.008479477611940298
15 0.4567205735245081 0.9362616604477612 0.01314104701567189 0.007784514925373135
1 0.12972657552517505 0.09458955223880598 0.007369123041013672 0.0166044776119403
15 0.44009669889963315 0.9484608208955224 0.008569523174391464 0.013526119402985074
1 0.15956652217405803 0.09612406716417911 0.017699233077692562 0.04486007462686568
1 0.08227909303101033 0.09792210820895522 0.007839279759919974 0.02140391791044776
1 0.9064404801600533 0.10096082089552239 0.011613871290430143 0.010690298507462687
1 0.06286262087362454 0.10128731343283581 0.013687895965321772 0.008544776119402984
1 0.09662387462487496 0.10468983208955224 0.017855951983994665 0.0228125
9 0.7803067689229742 0.10587919776119403 0.15481160386795598 0.07556436567164179
1 0.12851783927975993 0.10843516791044777 0.031627209069689896 0.02097481343283582
1 0.3704218072690897 0.1089482276119403 0.014601533844614871 0.012672574626865673
1 0.06276258752917639 0.11049906716417911 0.013487829276425476 0.009244402985074627
1 0.8632894298099367 0.11093283582089553 0.007339113037679227 0.02876865671641791
15 0.8887929309769923 0.11312733208955224 0.01766588862954318 0.009836753731343283
15 0.07770590196732244 0.1177285447761194 0.016032010670223407 0.009710820895522387
15 0.888752917639213 0.12202891791044776 0.016252084028009338 0.008983208955223882
1 0.13105035011670557 0.12496735074626866 0.008682894298099366 0.016725746268656715
1 0.9384444814938313 0.13122667910447763 0.01760253417805935 0.0115205223880597
9 0.42646382127375787 0.1325722947761194 0.02798599533177726 0.02447294776119403
15 0.6897932644214738 0.1334631529850746 0.013131043681227077 0.008530783582089552
1 0.45064521507169053 0.1352938432835821 0.023664554851617205 0.012192164179104478
15 0.37787095698566187 0.14049906716417912 0.006825608536178726 0.017938432835820896
1 0.3872657552517506 0.14049906716417912 0.00760920306768923 0.01980410447761194
15 0.3981610536845615 0.14096548507462686 0.005391797265755252 0.017005597014925374
15 0.37225575191730575 0.14174207089552238 0.006932310770256752 0.016693097014925374
1 0.6907535845281761 0.1438036380597015 0.012384128042680893 0.009622201492537313
15 0.5723374458152718 0.1450466417910448 0.01563187729243081 0.010242537313432836
15 0.6065838612870957 0.1470662313432836 0.016102034011337113 0.012416044776119404
1 0.5544914971657219 0.14722248134328358 0.015285095031677227 0.014594216417910448
1 0.6905301767255753 0.1526632462686567 0.013271090363454485 0.012416044776119404
20 0.5717822607535845 0.15779151119402984 0.017189063021007003 0.017075559701492538
15 0.05760586862287429 0.16122434701492538 0.006508836278759586 0.017411380597014924
15 0.07335445148382795 0.1615625 0.007329109703234412 0.015289179104477612
15 0.06603534511503835 0.1622411380597015 0.008029343114371456 0.015713619402985074
15 0.055003334444814936 0.16319496268656716 0.015308436145381793 0.025083955223880596
15 0.5521007002334112 0.16789412313432836 0.012504168056018674 0.00929570895522388
15 0.6061937312437479 0.16805037313432836 0.014654884961653885 0.01333955223880597
15 0.6367705901967322 0.16859141791044774 0.01045348449483161 0.024682835820895522
1 0.6210920306768923 0.1692910447761194 0.007105701900633544 0.01955223880597015
15 0.6941847282427476 0.1706856343283582 0.007909303101033677 0.01861007462686567
15 0.6861237079026342 0.17099580223880598 0.005791930643547849 0.024827425373134326
15 0.5731160386795598 0.17348880597014923 0.014521507169056352 0.011156716417910448
15 0.03989163054351451 0.1757439365671642 0.015095031677225743 0.01193563432835821
15 0.5847332444148049 0.17900652985074628 0.007745915305101701 0.01939365671641791
1 0.5079593197732577 0.17908582089552239 0.016252084028009338 0.009291044776119403
15 0.49567189063021005 0.18483442164179106 0.005681893964654885 0.015191231343283582
15 0.041093697899299765 0.18744402985074626 0.015498499499833276 0.011082089552238807
1 0.5089046348782927 0.18965485074626867 0.012140713571190396 0.011772388059701492
15 0.04178059353117706 0.19729244402985074 0.016205401800600202 0.008390858208955224
1 0.14063354451483828 0.20485774253731343 0.013844614871623875 0.010461753731343284
9 0.2386928976325442 0.20498367537313433 0.05457819273091031 0.2159375
9 0.30429476492164054 0.2066417910447761 0.05240413471157052 0.21645522388059701
15 0.041872290763587866 0.20718283582089553 0.017722574191397132 0.009514925373134328
1 0.3328826275425142 0.2249347014925373 0.006212070690230076 0.017966417910447764
9 0.3978876292097365 0.23362173507462686 0.09020673557852617 0.1286240671641791
15 0.04460153384461487 0.23660214552238804 0.013177725908636213 0.00865205223880597
1 0.45909303101033677 0.23694029850746268 0.008549516505501835 0.025186567164179104
1 0.8639679893297766 0.2417444029850746 0.013364454818272756 0.011473880597014926
1 0.906052017339113 0.24190065298507463 0.015505168389463154 0.008055037313432836
15 0.04381293764588196 0.24660447761194032 0.012267422474158053 0.01373134328358209
1 0.8743631210403469 0.2568190298507463 0.008146048682894298 0.01736940298507463
9 0.6530876958986328 0.263446828358209 0.08376792264088029 0.10058768656716417
1 0.5990213404468155 0.2637126865671642 0.010313437812604201 0.026492537313432835
9 0.894566522174058 0.2662756529850746 0.028546182060686896 0.032551305970149255
1 0.7064688229409802 0.2670778917910448 0.008469489829943314 0.021096082089552236
1 0.8648016005335112 0.274228078358209 0.01436478826275425 0.01300839552238806
1 0.7748499499833278 0.28635027985074624 0.014521507169056352 0.012999067164179106
9 0.14109369789929976 0.2860121268656717 0.09279093031010335 0.1298600746268657
9 0.14027842614204736 0.28707555970149257 0.09316105368456151 0.13012126865671642
1 0.9150450150050016 0.28792910447761194 0.015485161720573523 0.01335820895522388
1 0.20651717239079695 0.29130130597014925 0.008899633211070358 0.018236940298507462
1 0.048241080360120044 0.2916627798507463 0.01045348449483161 0.01895988805970149
9 0.8031827275758586 0.29527985074626867 0.03384128042680894 0.036455223880597014
9 0.8949499833277759 0.3022667910447761 0.027312437479159717 0.03270522388059702
1 0.9189379793264422 0.3034724813432836 0.020603534511503836 0.010862873134328358
1 0.87202900966989 0.3036007462686567 0.011480493497832612 0.025111940298507465
1 0.30147215738579525 0.3208348880597015 0.013414471490496831 0.010139925373134328
1 0.2379293097699233 0.3208348880597015 0.015038346115371791 0.008274253731343283
1 0.5998566188729577 0.3209888059701493 0.016652217405801934 0.011380597014925373
1 0.9161553851283761 0.3221222014925373 0.01237079026342114 0.01271455223880597
15 0.35006002000666886 0.32223180970149257 0.006555518506168723 0.018530783582089552
15 0.3720206735578526 0.32238572761194034 0.007129043014338112 0.018838619402985073
15 0.3861970656885628 0.32277518656716414 0.006805601867289096 0.022416044776119404
15 0.39398132710903633 0.3232416044776119 0.009036345448482828 0.019617537313432836
15 0.42800433477825944 0.32409514925373134 0.007725908636212071 0.022257462686567163
1 0.7753501167055685 0.336709421641791 0.014854951650550183 0.014836753731343282
9 0.8012354118039348 0.338798973880597 0.026612204068022675 0.0348740671641791
1 0.8711387129043014 0.34090485074626864 0.011033677892630878 0.02509328358208955
1 0.9179926642214071 0.3409305037313433 0.019379793264421474 0.009286380597014926
1 0.37096532177392466 0.3422831156716418 0.01768922974324775 0.013857276119402986
9 0.8938279426475493 0.3425046641791045 0.029069689896632212 0.028292910447761194
15 0.6601217072357453 0.34896455223880596 0.017142380793597863 0.011361940298507463
15 0.06960486828942981 0.3608698694029851 0.014501500500166723 0.009053171641791044
15 0.9153784594864954 0.36463152985074626 0.012150716905635212 0.012845149253731343
15 0.07005001667222407 0.3763899253731343 0.016725575191730575 0.013041044776119403
1 0.9148216072024009 0.38071828358208953 0.015038346115371791 0.010503731343283583
15 0.5304551517172391 0.3808022388059702 0.015228409469823276 0.00880597014925373
15 0.21666222074024674 0.38243936567164183 0.0065155051683894625 0.020475746268656714
15 0.23873291097032345 0.3825839552238806 0.005975325108369457 0.02169776119402985
15 0.23207735911970656 0.3827262126865672 0.0053351117039013 0.022915111940298508
15 0.24707235745248418 0.38323927238805966 0.005981993997999334 0.021142723880597014
15 0.22396132044014672 0.3836497201492537 0.0064421473824608205 0.021030783582089554
1 0.11408802934311436 0.3852285447761194 0.008769589863287762 0.020457089552238805
15 0.26949483161053683 0.38763526119402986 0.014814938312770923 0.008479477611940298
9 0.09530843614538179 0.3889692164179105 0.027895965321773925 0.039132462686567164
15 0.528674558186062 0.3916044776119403 0.011667222407469157 0.00708955223880597
9 0.8862454151383794 0.39470848880597015 0.03857952650883628 0.049678171641791044
15 0.18611703901300433 0.3965275186567164 0.007445815271757252 0.018801305970149253
15 0.16466655551850617 0.3973274253731343 0.006558852950983662 0.019468283582089553
15 0.17908136045348452 0.39765858208955224 0.005378459486495498 0.02013059701492537
15 0.17206068689563186 0.3980363805970149 0.006008669556518839 0.0190205223880597
15 0.20891130376792263 0.39819263059701493 0.006352117372457486 0.02213152985074627
15 0.19436978992997664 0.3985261194029851 0.005945315105035011 0.02279850746268657
15 0.202135711903968 0.39853544776119404 0.0054718239413137715 0.02001865671641791
15 0.5302317439146382 0.4092444029850746 0.013447815938646215 0.007854477611940299
1 0.7154751583861287 0.41947294776119404 0.014478159386462155 0.015251865671641792
15 0.5291197065688562 0.4211357276119403 0.01389129709903301 0.0064505597014925375
9 0.5934811603867955 0.4321665111940299 0.09193064354784929 0.13205690298507464
15 0.5300650216738912 0.4323250932835821 0.013781260420140046 0.0064412313432835825
9 0.39690730243414474 0.4362220149253731 0.053567855951983996 0.1578917910447761
9 0.34229909969989997 0.43639692164179106 0.04838612870956986 0.16197294776119403
1 0.5040146715571857 0.0444472947761194 0.01436478826275425 0.01240205223880597
9 0.6875491830610203 0.44059934701492537 0.042654218072690896 0.05190764925373135
15 0.5295648549516505 0.44367070895522387 0.013447815938646215 0.008610074626865673
1 0.8563371123707904 0.4492607276119403 0.014108036012004003 0.01326026119402985
9 0.8233727909303101 0.4520429104477612 0.03087362454151384 0.05240671641791045
15 0.5295648549516505 0.45563899253731344 0.01478159386462154 0.01015858208955224
9 0.8876892297432477 0.45565298507462687 0.03746582194064688 0.048432835820895526