1 0.28158429561200926 0.45251340482573726 0.005200923787528868 0.005116175156389634
1 0.282189376443418 0.4670688114387846 0.0073348729792147805 0.003842716711349419
1 0.3167090069284064 0.4720554066130474 0.03480369515011547 0.030795352993744415
1 0.0957621247113164 0.4741487935656836 0.042794457274826794 0.04034405719392315
1 0.28141108545034643 0.47535522788203755 0.008549653579676676 0.004329758713136729
1 0.28343187066974596 0.49066353887399466 0.008896073903002311 0.006349419124218052
1 0.1266189376443418 0.49336461126005365 0.024138568129330254 0.02068811438784629
15 0.3634803695150115 0.49342493297587137 0.008254041570438799 0.004722966934763181
15 0.32724018475750577 0.49644772117962466 0.006905311778290992 0.005406613047363717
15 0.3627459584295612 0.49734137622877567 0.011404157043879908 0.003619302949061662
15 0.15220323325635102 0.49991733690795354 0.005099307159353348 0.014133154602323502
15 0.33156120092378755 0.49997095621090254 0.009080831408775981 0.0044101876675603216
1 0.28112240184757503 0.5005808757819481 0.007048498845265589 0.0029490616621983914
1 0.2813233256351039 0.5044638069705094 0.008374133949191686 0.005352993744414656
1 0.09354041570438798 0.514012511170688 0.042046189376443416 0.04142984807864165
1 0.28195842956120093 0.5218096514745308 0.008720554272517321 0.005192135835567471
1 0.28089145496535795 0.5260008936550492 0.00843418013856813 0.0037444146559428063
1 0.49164665127020785 0.546295799821269 0.005926096997690531 0.01037533512064343
9 0.1363903002309469 0.5486528150134048 0.02428175519630485 0.026706881143878463
9 0.13212933025404158 0.5811662198391422 0.022226327944572747 0.02292225201072386
1 0.07821247113163973 0.5971983914209115 0.013237875288683603 0.004941912421805183
15 0.1446651270207852 0.5988069705093835 0.002956120092378753 0.008159070598748883
15 0.13982909930715937 0.5990951742627346 0.005293302540415705 0.007841823056300268
15 0.15066974595842955 0.599544235924933 0.0057274826789838335 0.009633601429848078
15 0.15482448036951502 0.5997274352100089 0.0038752886836027718 0.008212689901697944
1 0.0774919168591224 0.6018364611260054 0.01179676674364896 0.0043878462913315465
1 0.08115704387990763 0.6075625558534405 0.008965357967667436 0.005116175156389634
15 0.2642933025404157 0.06103887399463807 0.002027713625866051 0.00500893655049151
15 0.2738752886836028 0.06100312779267203 0.0045635103926097 0.005831099195710456
15 0.0805866050808314 0.6136952636282396 0.005976905311778291 0.002189454870420018
15 0.08039491916859123 0.618650580875782 0.006517321016166281 0.003163538873994638
1 0.521866050808314 0.6195956210902591 0.010013856812933025 0.0095218945487042
1 0.6751662817551962 0.6203172475424487 0.008069284064665127 0.009177837354781055
1 0.6343833718244803 0.6210723860589813 0.011491916859122401 0.008007149240393209
1 0.5690923787528869 0.6219101876675603 0.006545034642032333 0.007001787310098302
1 0.14213856812933026 0.6395509383378016 0.041321016166281754 0.0431769436997319
1 0.18684757505773672 0.6425379803395889 0.04390300230946882 0.03306523681858802
15 0.13467898383371824 0.06526139410187667 0.006078521939953811 0.005411081322609473
1 0.699988452655889 0.6705049151027703 0.011524249422632794 0.0067828418230563
1 0.6441662817551963 0.6724061662198392 0.012581986143187066 0.006117068811438784
15 0.1460623556581986 0.6855674709562108 0.004826789838337182 0.010991957104557642
1 0.14981524249422634 0.06924932975871313 0.006789838337182448 0.010705987488829312
15 0.1887390300230947 0.06919571045576409 0.008886836027713625 0.005236818588025023
1 0.17870900692840647 0.06972520107238606 0.007302540415704388 0.012551385165326183
15 0.2738175519630485 0.06988605898123325 0.0035242494226327943 0.0048302055406613045
15 0.14068591224018476 0.705218945487042 0.0033117782909930717 0.006505808757819482
15 0.26833256351039264 0.07079758713136729 0.001792147806004619 0.006653261840929401
1 0.25339260969976907 0.07087131367292226 0.011635103926096999 0.006800714924039321
15 0.1259284064665127 0.7064298480786416 0.0033579676674364892 0.004459338695263628
1 0.13235334872979215 0.7065974084003575 0.005122401847575057 0.01015638963360143
15 0.2642540415704388 0.07158176943699732 0.003796766743648961 0.007327971403038426
9 0.22707621247113163 0.07199285075960679 0.02089607390300231 0.02066130473637176
15 0.19138568129330255 0.7179356568364611 0.004018475750577367 0.0069168900804289545
15 0.1435866050808314 0.7180495978552278 0.005418013856812933 0.009825737265415548
15 0.12990993071593535 0.7189454870420018 0.0030069284064665126 0.0071492403932082215
15 0.1514364896073903 0.7187466487935658 0.005413394919168591 0.009432529043789098
15 0.12433025404157044 0.7192247542448614 0.003856812933025404 0.007707774798927614
15 0.14823325635103926 0.7193051831992852 0.004549653579676675 0.0078686327077748
1 0.22884988452655888 0.7190527256478999 0.0050438799076212475 0.007363717605004468
1 0.1670230946882217 0.7194727435210009 0.0042540415704388 0.009097408400357462
1 0.19987297921478062 0.7191845397676497 0.004364896073903002 0.009414655942806077
15 0.11590300230946883 0.7194861483467382 0.0027066974595842956 0.0064432529043789094
1 0.21921016166281754 0.7199754244861484 0.002392609699769053 0.007421805183199285
1 0.1826674364896074 0.7201720285969615 0.0041339491916859115 0.009602323503127792
1 0.24516859122401846 0.7222922252010724 0.0035011547344110856 0.007587131367292226
1 0.9666143187066973 0.722225201072386 0.032073903002309466 0.026219839142091153
1 0.5837390300230947 0.7338226094727436 0.026600461893764436 0.03154155495978552
1 0.440027713625866 0.7350245755138516 0.039408775981524244 0.0312645218945487
1 0.5124457274826789 0.7352770330652368 0.035515011547344114 0.034450402144772116
1 0.7561362586605082 0.7359740840035746 0.032364896073903 0.03673815907059875
1 0.47815704387990765 0.7362823949955317 0.033450346420323324 0.03199285075960679
15 0.8834387990762125 0.7361572832886506 0.002443418013856813 0.01386952636282395
1 0.5524526558891455 0.7363941018766755 0.030540415704387994 0.03668453976764968
15 0.9099815242494226 0.73642091152815 0.003796766743648961 0.011715817694369973
1 0.726810623556582 0.7367269883824844 0.03653117782909931 0.03109472743521001
15 0.8927575057736721 0.7366845397676497 0.003528868360277136 0.014030384271671135
15 0.9010715935334873 0.7366823056300268 0.0016812933025404158 0.009557640750670242
15 0.8880046189376444 0.7372363717605004 0.005108545034642032 0.016027703306523682
1 0.6172517321016165 0.7375111706881143 0.03173210161662818 0.03176943699731903
15 0.9150346420323325 0.7378395889186774 0.004665127020785219 0.010978552278820376
1 0.6535034642032332 0.7393543342269884 0.03218013856812933 0.03277479892761394
1 0.6885150115473441 0.7402479892761394 0.02922401847575058 0.030987488829311884
9 0.34670900692840645 0.746496872207328 0.025519630484988454 0.02739946380697051
15 0.17202540415704387 0.07564119749776586 0.0022494226327944575 0.005616621983914209
1 0.30694226327944574 0.7513002680965147 0.03005080831408776 0.026282394995531724
1 0.7844249422632794 0.7533735478105451 0.015963048498845268 0.02506702412868633
1 0.24683140877598153 0.765292672028597 0.0077505773672055436 0.0024352100089365504
1 0.24663048498845266 0.7689812332439678 0.007348729792147806 0.0026630920464700623
15 0.8739815242494227 0.7704445933869527 0.008471131639722863 0.002908847184986595
15 0.2475242494226328 0.7724731903485255 0.009136258660508084 0.004285075960679178
15 0.6790923787528867 0.772935656836461 0.004836027713625866 0.007890974084003575
15 0.086905311778291 0.7759383378016086 0.0075288683602771364 0.004959785522788204
9 0.522824480369515 0.7764678284182305 0.031330254041570436 0.029253798033958892
1 0.7906351039260969 0.7787801608579089 0.013602771362586604 0.005281501340482574
15 0.8704226327944572 0.7788941018766756 0.00966743648960739 0.002828418230563003
15 0.08609699769053118 0.7813293118856122 0.008683602771362587 0.0032305630026809654
15 0.08578060046189377 0.785547363717605 0.01082217090069284 0.004517426273458445
15 0.08578060046189377 0.7917493297587131 0.00897459584295612 0.0044101876675603216
15 0.30401154734411084 0.794653708668454 0.01402771362586605 0.00664432529043789
9 0.5543602771362587 0.7948570151921359 0.038974595842956115 0.03028596961572833
15 0.339108545034642 0.7950446827524575 0.014937644341801387 0.008319928507596068
9 0.9212217090069283 0.7947676496872208 0.0567621247113164 0.07657730116175156
15 0.32349422632794456 0.7948860589812332 0.0040323325635103924 0.008002680965147453
15 0.32767898383371824 0.7954445933869526 0.0031639722863741337 0.006438784629133155
15 0.3200877598152425 0.7961438784629133 0.0027621247113163976 0.008731009830205541
15 0.08603926096997691 0.7960522788203753 0.009491916859122403 0.003185880250223414
15 0.31474826789838334 0.7960880250223413 0.0031685912240184758 0.007725647899910634
1 0.2633556581986143 0.7970576407506703 0.03895150115473441 0.032006255585344055
9 0.16787066974595843 0.797571492403932 0.10571824480369514 0.09916443252904379
15 0.08554965357967667 0.8001586237712244 0.00851270207852194 0.004249329758713137
15 0.0740554272517321 0.8006858802502234 0.00492378752886836 0.0017292225201072386
1 0.6904018475750577 0.8058378016085791 0.00251270207852194 0.00756478999106345
9 0.7793325635103927 0.8091577301161752 0.031644341801385686 0.027609472743521
15 0.07449653579676674 0.8100714924039321 0.004882217090069284 0.003521000893655049
15 0.08598152424942264 0.8101206434316354 0.008452655889145497 0.003619302949061662
15 0.08618475750577367 0.8145889186773905 0.010706697459584295 0.003619302949061662
15 0.8715635103926097 0.8161751563896336 0.00917782909930716 0.002323503127792672
1 0.4181547344110854 0.8166823056300268 0.002129330254041571 0.01048704200178731
1 0.4050785219399538 0.8171291331546022 0.0055381062355658196 0.011380697050938337
1 0.4143741339491917 0.8175201072386059 0.0047297921478060044 0.01126899016979446
1 0.42358198614318704 0.8181635388739946 0.0037459584295612006 0.014343163538873995
1 0.4095819861431871 0.8183288650580877 0.003459584295612009 0.011099195710455765
1 0.6691732101616629 0.818485254691689 0.010863741339491917 0.005156389633601429
15 0.08681293302540415 0.8203150134048257 0.008267898383371823 0.00434763181411975
1 0.9763117782909931 0.8211282394995532 0.022831408775981523 0.020272564789991062
15 0.0743810623556582 0.8237600536193029 0.009270207852193995 0.004088471849865952
15 0.08650346420323325 0.8243185880250223 0.005801385681293303 0.0025245755138516533
1 0.07021247113163973 0.8341443252904379 0.011094688221709007 0.0034092940125111707
1 0.5801316397228637 0.8351340482573727 0.02862355658198614 0.021474530831099195
15 0.08681986143187068 0.8384361036639857 0.0036628175519630483 0.0030563002680965147
15 0.7472517321016167 0.838739946380697 0.0016628175519630486 0.007238605898123324
1 0.9750092378752887 0.8390951742627346 0.010988452655889144 0.005268096514745308
15 0.7419399538106235 0.8393923145665773 0.003972286374133949 0.009436997319034853
15 0.44668822170900696 0.8394548704200179 0.014854503464203231 0.005093833780160858
15 0.7528891454965358 0.8397274352100089 0.006471131639722864 0.009213583556747095
15 0.7371685912240185 0.839597855227882 0.0036674364896073903 0.009848078641644324
1 0.6786674364896074 0.8401072386058982 0.012300230946882217 0.004611260053619303
15 0.882635103926097 0.8408847184986595 0.0036073903002309467 0.0061662198391420914
1 0.9740577367205543 0.8438985701519214 0.012780600461893766 0.003257372654155496
15 0.08580831408775982 0.8448614834673815 0.009030023094688222 0.0051831992850759605
15 0.8888013856812933 0.8493498659517427 0.008549653579676676 0.0034361036639857017
1 0.07136720554272517 0.8497877569258266 0.010632794457274827 0.0052055406613047365
15 0.9263741339491917 0.8523480786416443 0.0033256351039260973 0.01211349419124218
15 0.08546189376443418 0.8524597855227882 0.008337182448036952 0.005187667560321715
15 0.9313163972286373 0.8530049151027703 0.004896073903002309 0.009852546916890081
15 0.916838337182448 0.8531635388739947 0.0018060046189376444 0.01285075960679178
15 0.9213741339491918 0.8536371760500447 0.00441108545034642 0.012010723860589812
1 0.0689122401847575 0.8539209115281502 0.012189376443418014 0.004535299374441466
15 0.9401732101616628 0.8546090259159964 0.0041339491916859115 0.009486148346738159
1 0.04804387990762125 0.8546939231456658 0.01294688221709007 0.0034003574620196605
15 0.7159006928406466 0.8551005361930295 0.004549653579676675 0.0068945487042001785
15 0.8900254041570439 0.8552926720285969 0.008226327944572748 0.0037042001787310095
1 0.25198614318706697 0.8566756032171582 0.014364896073903004 0.006470062555853441
15 0.0858660508083141 0.857263181411975 0.008221709006928406 0.0031769436997319037
15 0.04804387990762125 0.8589387846291332 0.01017551963048499 0.0029535299374441465
15 0.086270207852194 0.8616219839142091 0.008106235565819861 0.005638963360142984
15 0.1714272517321016 0.0862555853440572 0.006595842956120092 0.007184986595174262
15 0.1991177829099307 0.08623771224307418 0.004702078521939954 0.005361930294906166
1 0.047120092378752886 0.8638293118856122 0.01109930715935335 0.005585344057193923
15 0.047265588914549655 0.8676005361930296 0.011390300230946882 0.0059785522788203755
15 0.8997782909930716 0.8693319928507597 0.0046374133949191685 0.009441465594280607
15 0.8905958429561202 0.8700938337801608 0.004748267898383372 0.010965147453083109
15 0.04729330254041571 0.8710075960679178 0.010521939953810623 0.004749776586237713
15 0.16163279445727483 0.08737265415549597 0.003635103926096998 0.0049508489722966936
1 0.1857251732101617 0.08744861483467382 0.003782909930715935 0.009571045576407507
15 0.9103464203233257 0.8714611260053619 0.005450346420323326 0.008337801608579089
15 0.8954041570438799 0.8719615728328866 0.005127020785219399 0.009338695263628238
1 0.12275519630484988 0.8747899910634495 0.004401847575057736 0.009633601429848078
15 0.18152193995381063 0.8758310991957104 0.004614318706697459 0.00903485254691689
1 0.18060739030023093 0.08793342269883825 0.0037090069284064662 0.009647006255585344
15 0.2308198614318707 0.8758869526362824 0.006212471131639722 0.010933869526362824
15 0.17733718244803695 0.876222073279714 0.004558891454965358 0.008923145665773012
1 0.1091593533487298 0.8761103663985701 0.00307621247113164 0.0069124218051832
15 0.18657274826789838 0.8762511170688114 0.004554272517321016 0.009874888293118857
1 0.21612933025404157 0.8764745308310992 0.006392609699769053 0.012109025915996425
1 0.13069284064665126 0.8765504915102771 0.003648960739030023 0.007792672028596962
1 0.09810623556581986 0.8764745308310992 0.0022170900692840647 0.005853440571939231
15 0.2008891454965358 0.8764186773905273 0.005473441108545035 0.009316353887399464
15 0.23566974595842957 0.8768096514745308 0.0039030023094688217 0.008310991957104559
15 0.1526581986143187 0.8765795352993745 0.004161662817551963 0.01142537980339589
1 0.147635103926097 0.8769705093833781 0.004277136258660508 0.010420017873100982
1 0.10416628175519631 0.8768923145665772 0.004175519630484988 0.008476318141197496
1 0.15713163972286373 0.87702636282395 0.0038706697459584298 0.009638069705093833
15 0.1967621247113164 0.877117962466488 0.007381062355658199 0.013395889186773905
1 0.11579907621247114 0.8774731903485256 0.0043464203233256355 0.010531724754244862
1 0.14030484988452654 0.8776966041108133 0.005321016166281755 0.010978552278820376
1 0.13536720554272516 0.8776675603217158 0.004683602771362587 0.012707774798927615
15 0.3866512702078522 0.887372654155496 0.007482678983833718 0.005308310991957105
15 0.319796766743649 0.8879781054512959 0.008646651270207851 0.0047319034852546914
1 0.2540415704387991 0.08899910634495085 0.009237875288683603 0.005522788203753351
15 0.19904157043879908 0.8895487042001787 0.004549653579676675 0.009660411081322609
15 0.48108083140877594 0.8904066130473637 0.013431870669745957 0.006907953529937444
15 0.19205773672055426 0.8910835567470956 0.002591224018475751 0.007368185880250223
15 0.9332448036951501 0.8916800714924039 0.008752886836027714 0.004092940125111707
15 0.3418013856812933 0.8923949955317247 0.008314087759815243 0.005522788203753351
15 0.32063741339491914 0.894289544235925 0.009404157043879908 0.005737265415549597
15 0.9319145496535797 0.9005406613047364 0.009787528868360278 0.003941018766756032
1 0.1401270207852194 0.09048927613941019 0.029907621247113166 0.03084450402144772
15 0.2296882217090069 0.09128686327077748 0.008568129330254042 0.003842716711349419
9 0.9319145496535797 0.9262265415549598 0.008863741339491917 0.00437444146559428
15 0.2313025404157044 0.926604110813226 0.007177829099307159 0.005129579982126899
15 0.7054249422632793 0.9311438784629134 0.014083140877598151 0.004378909740840036
1 0.14015935334872978 0.9341510277033066 0.006877598152424943 0.008605898123324398
1 0.1561501154734411 0.9346827524575515 0.0028314087759815244 0.010563002680965147
1 0.3000877598152425 0.9344571045576407 0.013570438799076212 0.0038561215370866847
1 0.16125866050808313 0.9349910634495086 0.003810623556581986 0.012966934763181412
15 0.23473903002309468 0.9349285075960678 0.006660508083140878 0.0030116175156389637
1 0.14610392609699768 0.935129579982127 0.004909930715935335 0.011456657730116176
1 0.9025635103926096 0.9375111706881144 0.008360277136258662 0.01621983914209115
1 0.8921131639722863 0.9384874888293119 0.005011547344110854 0.015491510277033067
1 0.9210923787528869 0.939325290437891 0.004771362586605081 0.01091152815013405
15 0.29875981524249423 0.9415259159964254 0.011838337182448037 0.0054825737265415545
15 0.21926789838337182 0.9426117068811439 0.008050808314087759 0.0049731903485254695
15 0.2212309468822171 0.9513829311885613 0.005510392609699769 0.007323503127792673
15 0.2333094688221709 0.957721179624665 0.008420323325635104 0.0039142091152815014
15 0.23003464203233256 0.0963449508489723 0.006489607390300231 0.0032350312779267205
15 0.23069976905311776 0.1013449508489723 0.00781986143187067 0.0034048257372654156
15 0.5235057736720554 0.10167113494191242 0.014217090069284065 0.0049508489722966936
15 0.23058198614318706 0.10695933869526363 0.01035565819861432 0.004803395889186774
15 0.2300069284064665 0.11064566577301162 0.0064341801385681295 0.0023458445040214475
1 0.25721709006928406 0.11140303842716712 0.010046189376443419 0.00386058981233244
15 0.0862147806004619 0.11279714030384272 0.004300230946882217 0.013798033958891866
1 0.1350230946882217 0.11401251117068811 0.00953810623556582 0.011760500446827525
15 0.23035334872979213 0.11486595174262734 0.0071270207852193995 0.003637176050044683
1 0.07146651270207852 0.1154177837354781 0.008060046189376443 0.01367739052725648
15 0.2297759815242494 0.11899910634495084 0.005972286374133949 0.002966934763181412
15 0.23098845265588913 0.12386058981233243 0.006549653579676675 0.002859696157283289
1 0.24870207852193998 0.1238047363717605 0.011491916859122401 0.004535299374441466
9 0.18460508083140878 0.1284740840035746 0.06436027713625866 0.06123771224307418
1 0.3528129330254042 0.1342001787310098 0.027565819861431872 0.025326184092940126
1 0.32212240184757507 0.13465594280607687 0.02345958429561201 0.0271313672922252
15 0.06338337182448037 0.13645218945487042 0.008521939953810623 0.004807864164432529
9 0.0891824480369515 0.13956657730116176 0.025016166281755195 0.021760500446827525
1 0.11784757505773671 0.1407864164432529 0.009367205542725174 0.0036461126005361932
15 0.06289376443418014 0.14198391420911527 0.006618937644341801 0.004253798033958892
15 0.5912286374133949 0.14258713136729223 0.005551963048498845 0.009928507596067917
15 0.6069561200923788 0.14287533512064343 0.003750577367205542 0.008717605004468276
15 0.5845173210161663 0.143795799821269 0.005062355658198615 0.009664879356568365
1 0.1172147806004619 0.14511617515638964 0.007177829099307159 0.0033690795352993744
9 0.5496258660508083 0.1458087578194817 0.023039260969976907 0.017265415549597856
1 0.48476905311778296 0.1458869526362824 0.029122401847575058 0.03261394101876675
1 0.24878752886836028 0.1471313672922252 0.01351039260969977 0.007399463806970509
1 0.23473210161662816 0.14724307417336907 0.015884526558891457 0.005835567470956211
1 0.5207205542725173 0.14983467381590707 0.02989376443418014 0.02710455764075067
1 0.1188013856812933 0.15128686327077748 0.010351039260969978 0.004986595174262734
15 0.24834180138568127 0.15306300268096515 0.010771362586605082 0.004070598748882931
15 0.5702332563510393 0.15868185880250224 0.012521939953810624 0.006371760500446828
1 0.4079907621247113 0.16066353887399465 0.03260969976905311 0.029101876675603214
15 0.24816859122401846 0.1609964253798034 0.009501154734411085 0.003851653261840929
1 0.0926512702078522 0.16483467381590705 0.005163972286374134 0.01063449508489723
1 0.09819399538106235 0.16651027703306523 0.005163972286374134 0.0113047363717605
9 0.1312378752886836 0.16973637176050044 0.024138568129330254 0.016863270777479893
15 0.5537621247113164 0.17253798033958892 0.014683602771362585 0.00548704200178731
15 0.5396766743648961 0.1739164432529044 0.012378752886836028 0.0037756925826630916
1 0.05818706697459584 0.1758243967828418 0.008290993071593533 0.004910634495084897
1 0.1980323325635104 0.1787645218945487 0.005302540415704388 0.010790884718498659
1 0.1911916859122402 0.17924039320822163 0.005478060046189376 0.009955317247542448
1 0.06228637413394919 0.18160634495084899 0.01094688221709007 0.0030697050938337804
1 0.4676697459584296 0.18355227882037534 0.021713625866050808 0.02036639857015192
1 0.055849884526558896 0.18970732797140305 0.005464203233256351 0.006760500446827525
1 0.1468568129330254 0.19699731903485254 0.009187066974595844 0.013297587131367293
15 0.3168406466512702 0.1970129579982127 0.008277136258660509 0.004392314566577301
9 0.10205773672055427 0.20046470062555852 0.01658660508083141 0.020232350312779267
15 0.3170323325635104 0.20284182305630025 0.004965357967667437 0.002645218945487042
15 0.31785912240184755 0.20697497765862377 0.005695150115473441 0.0028686327077747987
15 0.0792933025404157 0.2077278820375335 0.007085450346420323 0.006161751563896336
1 0.425473441108545 0.21093163538873994 0.0038337182448036954 0.008994638069705093
15 0.31722401847575055 0.21196604110813225 0.007196304849884526 0.0039142091152815014
9 0.48739722863741336 0.21227435210008935 0.021445727482678985 0.015254691689008042
1 0.9465935334872979 0.21224754244861482 0.04468822170900693 0.03039320822162645
9 0.3515219399538106 0.22143655049151026 0.029602771362586607 0.07379356568364612
15 0.07707621247113164 0.22295576407506704 0.007270207852193996 0.0026586237712243077
1 0.7325727482678984 0.22321939231456658 0.03327482678983834 0.02999553172475424
1 0.9069676674364896 0.2241130473637176 0.03194919168591224 0.036251117068811435
15 0.31748729792147806 0.22512957998212688 0.006799076212471132 0.003431635388739946
15 0.3053256351039261 0.2252971403038427 0.010189376443418014 0.004660411081322609
15 0.4250969976905312 0.22561662198391422 0.013242494226327945 0.007980339588918677
1 0.7686535796766744 0.22534182305630027 0.03245727482678984 0.029772117962466486
1 0.8749006928406466 0.22556523681858803 0.035251732101616626 0.036474530831099194
1 0.6660438799076212 0.2261528150134048 0.02862355658198614 0.03139410187667561
1 0.8385612009237875 0.2268521000893655 0.03462817551963048 0.035473637176050045
1 0.6987736720554273 0.22729669347631815 0.0395796766743649 0.03189454870420018
1 0.8049353348729792 0.2286662198391421 0.029270207852193995 0.02659070598748883
15 0.3175242494226328 0.22984137622877568 0.00964434180138568 0.004812332439678284
15 0.30497921478060047 0.22989722966934764 0.007648960739030023 0.003136729222520107
1 0.21609237875288684 0.2345040214477212 0.0340323325635104 0.04005361930294906
15 0.10497690531177829 0.25174486148346736 0.006720554272517321 0.01019213583556747
1 0.13230484988452657 0.2563717605004468 0.02442494226327945 0.027488829311885614
9 0.44860046189376446 0.25753351206434316 0.026069284064665126 0.024450402144772117
15 0.5439237875288684 0.25861930294906166 0.01717782909930716 0.0069615728328865055
1 0.4777136258660508 0.26621090259159963 0.03071593533487298 0.031974977658623775
15 0.5446027713625866 0.26953083109919573 0.02038337182448037 0.007336907953529938
15 0.5441685912240185 0.28096738159070594 0.018591224018475752 0.006974977658623771
1 0.12855427251732102 0.2940549597855228 0.025237875288683605 0.02242627345844504
1 0.4666882217090069 0.2984092940125112 0.029912240184757508 0.03381590705987489
1 0.42552886836027715 0.2993029490616622 0.039048498845265595 0.031134941912421808
1 0.38728406466512705 0.29974977658623775 0.030919168591224018 0.036496872207327974
1 0.2812078521939954 0.30403485254691687 0.010914549653579676 0.0030652368185880253
1 0.28042956120092377 0.3082260947274352 0.00751039260969977 0.0034048257372654156
1 0.3150069284064665 0.30920911528150136 0.03601847575057737 0.0384361036639857
1 0.34877598152424943 0.3106881143878463 0.031501154734411084 0.037819481680071494
1 0.4982378752886836 0.31737488829311883 0.006175519630484988 0.014553172475424486
1 0.2814387990762125 0.3195397676496872 0.011376443418013856 0.004584450402144772
1 0.2805727482678984 0.324763181411975 0.008720554272517321 0.003413762287756926
1 0.28011085450346423 0.33492180518319925 0.00779676674364896 0.0031769436997319037
1 0.2805727482678984 0.33841376228775694 0.008720554272517321 0.0039052725647899912
1 0.49206004618937643 0.34218051831992846 0.011371824480369516 0.0060768543342269886
1 0.13262355658198613 0.34663538873994637 0.024138568129330254 0.02749776586237712
15 0.49073210161662817 0.35209785522788206 0.006868360277136258 0.008038427167113494
1 0.4673810623556582 0.35243297587131367 0.006355658198614319 0.006027703306523682
15 0.49130946882217086 0.35558981233243964 0.006175519630484988 0.006085790884718498
1 0.2812078521939954 0.35857238605898123 0.008143187066974596 0.00400804289544236
1 0.4670346420323326 0.35958445040214476 0.010281755196304851 0.006925826630920465
15 0.4913949191685912 0.36084003574620194 0.008193995381062354 0.003181411974977659
1 0.28025635103926094 0.3625670241286863 0.006240184757505774 0.004848078641644325
15 0.49099076212471127 0.3653373547810545 0.0083094688221709 0.004133154602323503
1 0.46706466512702083 0.3674061662198391 0.008494226327944573 0.007377122430741735
15 0.4911362586605081 0.36936103663985703 0.008600461893764434 0.0023503127792672027
1 0.280688221709007 0.3751362823949955 0.00895150115473441 0.004070598748882931
15 0.10402078521939954 0.37788203753351207 0.004808314087759815 0.011349419124218052
1 0.28066050808314086 0.3790929401251117 0.00797228637413395 0.003941018766756032
1 0.10185450346420323 0.38799374441465595 0.01248498845265589 0.005656836461126006
1 0.2806905311778291 0.38928954423592493 0.006184757505773672 0.0028865058087578195
15 0.10425173210161663 0.39841376228775693 0.007117782909930716 0.0113047363717605
1 0.28091916859122407 0.40718498659517427 0.0066420323325635106 0.0029311885612153706
1 0.09195150115473441 0.42749776586237714 0.050877598152424944 0.04445040214477212
1 0.13421016166281755 0.441769436997319 0.024540415704387992 0.03188561215370867
1 0.35896535796766743 0.4431434316353887 0.033404157043879903 0.03373994638069705