15 0.7532747834456208 0.5270214997378081 0.034942252165543794 0.014714210802307288
15 0.7557892204042348 0.5398059779758784 0.037083734359961505 0.02140534871525957
9 0.5249615014436958 0.5443104352385947 0.0864966313763234 0.033560566334556896
9 0.6375384985563042 0.5469323544834819 0.08450914340712223 0.03670686942842161
4 0.9095091434071223 0.05655742003146303 0.14529355149181905 0.018725747246984795
4 0.4167492781520693 0.058293130571578394 0.4157892204042348 0.030587309910854746
4 0.5665880654475457 0.5967488201363398 0.21979788257940328 0.0356581017304667
4 0.2715351299326275 0.5977975878342947 0.3553897978825794 0.03775563712637651
1 0.980813282001925 0.598536969061353 0.01359961501443696 0.0339905610907184
15 0.9685394610202117 0.6052149973780807 0.015038498556304139 0.04000524383848978
1 0.15333253128007698 0.6449292081803881 0.014076034648700674 0.0323859465128474
1 0.5575360923965351 0.645138961719979 0.01401347449470645 0.03804929208180388
9 0.6069417709335899 0.6455165180912428 0.08876323387872954 0.04090194022024122
1 0.17395091434071225 0.6484819087572102 0.014889316650625602 0.03529627687467226
4 0.21726900866217516 0.6488647089669638 0.014903753609239652 0.03501310959622443
1 0.2180822906641001 0.650023597273204 0.01653031761308951 0.03733088620870477
1 0.19692492781520693 0.65209229155742 0.014639076034648701 0.03937073938122706
1 0.9479451395572666 0.6525904562139486 0.01331087584215592 0.04036706869428422
1 0.7154908565928777 0.6572522286313582 0.01519730510105871 0.04444677503932879
15 0.9686742059672763 0.6650629260618773 0.020120307988450433 0.03909281594126901
4 0.5714027911453321 0.6942842160461458 0.22557747834456207 0.03985317252228631
4 0.27346005774783444 0.6958573675930781 0.3650144369586141 0.03670686942842161
9 0.7407675649663138 0.06974305191400104 0.1562223291626564 0.03670686942842161
1 0.8242564966313763 0.07142632406921867 0.015211742059672762 0.034829575249082326
1 0.9684263715110684 0.71209229155742 0.010962463907603465 0.03142108023072889
15 0.9797810394610201 0.713930256948086 0.01634744947064485 0.03719454640797064
9 0.5057194417709335 0.7383324593602517 0.1096102021174206 0.04404824331410592
1 0.43274542829643886 0.7385395909805977 0.021410009624639077 0.02663345568956476
1 0.9711862367661213 0.7625616151022548 0.013594802694898942 0.036921866806502356
1 0.654987969201155 0.07646565285789197 0.011612127045235803 0.03337178814892501
15 0.8082410972088547 0.7663555322496067 0.03226660250240616 0.0161929732564237
15 0.7495115495668911 0.7668196119559518 0.037040423484119345 0.0202674357629785
1 0.8373460057747835 0.7845464079706346 0.036578440808469684 0.012721552176192974
4 0.5704355149181906 0.7876245411641322 0.21786814244465832 0.04404824331410592
4 0.2720115495668912 0.7891976927110645 0.36404234841193456 0.04299947561615102
1 0.9590182868142444 0.8065390665967488 0.013320500481231954 0.04097535395909806
15 0.969992781520693 0.8151048767697955 0.013132820019249277 0.03713162034609334
9 0.2761693936477382 0.8348190875721028 0.10479307025986526 0.03985317252228631
1 0.21170115495668915 0.8363948610382801 0.017242540904716074 0.033565810173046676
1 0.17709335899903753 0.8372679601468275 0.01828681424446583 0.035312008390141585
1 0.15566891241578443 0.8377058206607237 0.0158614051973051 0.030943890928159412
1 0.1972569778633301 0.8378500262191925 0.01722810394610202 0.036476140534871526
4 0.9103344562078922 0.08420031463030939 0.15079403272377287 0.014231777661248033
1 0.9714268527430221 0.8691531200839013 0.016000962463907604 0.040351337178814894
4 0.5738041385948027 0.8830624016780283 0.22268046198267566 0.04404824331410592
4 0.2744201154956689 0.8835867855270058 0.37270933589990374 0.03880440482433141
1 0.9391987487969201 0.8856109071840587 0.014104908565928777 0.03656004195070792
9 0.8445187680461983 0.8898033560566334 0.1308084696823869 0.14457787100157313
1 0.7664773820981713 0.9092003146303094 0.013224254090471607 0.03130047194546408
9 0.2910851780558229 0.9265862611431568 0.10960057747834456 0.0346093340325118
1 0.21910731472569778 0.9290062926061877 0.013768046198267565 0.030010487676979548
4 0.41907603464870063 0.09395123230204509 0.4165928777670837 0.030587309910854746
4 0.5694730510105871 0.9748295752490823 0.21979307025986528 0.03670686942842161
4 0.27345765158806545 0.9774514944939696 0.36500962463907605 0.04195070791819612
1 0.8348195380173244 0.9842553749344519 0.03730028873917229 0.014656528578919768
4 0.909990375360924 0.10412690089145255 0.15010587102983639 0.01947561615102255
4 0.9093022136669875 0.010262191924488726 0.14872954764196342 0.01947561615102255
9 0.744136188642926 0.11798636601992658 0.15718479307025987 0.04299947561615102
1 0.6563522617901829 0.11962506554798112 0.012415784408084697 0.042081803880440485
1 0.8257531280076997 0.11945201887781857 0.011467757459095283 0.028101730466701627
4 0.10689124157844081 0.12794965915049816 0.04342637151106833 0.21814368117461982
4 0.41538498556304143 0.13083377031987414 0.4197978825794033 0.028841111693759833
4 0.03477141482194417 0.13268746722600944 0.06954282964388835 0.0996696381751442
4 0.9128103946102021 0.13274514944939697 0.1528585178055823 0.017981122181436812
15 0.07686717998075071 0.13827739905610906 0.018026948989412896 0.037435762978500264
9 0.16899181905678537 0.13948610382800208 0.06945620789220405 0.23911903513371788
4 0.9101275264677574 0.1526717357105401 0.1494177093358999 0.017981122181436812
4 0.418354186717998 0.1638699528054536 0.41899903753609236 0.03408495018353435
1 0.8248435996150145 0.16427372836916623 0.01253609239653513 0.025453592029365497
1 0.654427333974976 0.16644205558468797 0.012415784408084697 0.020351337178814894
9 0.7383589990375361 0.16675406397482959 0.15140519730510107 0.04404824331410592
4 0.9117781520692974 0.18083639223911904 0.15079403272377287 0.018725747246984795
4 0.9110899903753609 0.1995647614053487 0.1494177093358999 0.014231777661248033
4 0.41538498556304143 0.19987676979549032 0.41498556304138595 0.030587309910854746
1 0.0763330125120308 0.2106397482957525 0.012146294513955725 0.029040377556371264
1 0.6575577478344562 0.21140534871525957 0.019639076034648702 0.03371788148925013
1 0.8257531280076997 0.21355270057682224 0.011467757459095283 0.025427372836916623
9 0.7436549566891242 0.21657052962768747 0.1504475457170356 0.030414263240692185
4 0.4149037536092397 0.022724174095437862 0.41498556304138595 0.029716832721552178
4 0.9117781520692974 0.22930519140010489 0.15079403272377287 0.01498164656528579
4 0.41875360923965355 0.235534871525957 0.4197978825794033 0.030587309910854746
9 0.7422112608277189 0.023597273203985317 0.15718479307025987 0.04299947561615102
1 0.09238209817131858 0.24490823282642896 0.02499518768046198 0.012627163083377031
1 0.6545620789220404 0.2593445201887782 0.01749759384023099 0.027865757734661774
9 0.8875769971126083 0.2606187729417934 0.11682868142444659 0.03670686942842161
9 0.7206641000962464 0.26241740954378606 0.10735322425409048 0.03820660723649712
1 0.17751203079884503 0.2694703723125328 0.030673724735322427 0.02084950183534347
1 0.1403344562078922 0.26976140534871523 0.023691049085659287 0.02143156790770844
4 0.41625601539942253 0.2709570005243839 0.4148026948989413 0.03221289984268484
15 0.8145211742059673 0.27066072364971155 0.013065447545717035 0.04420555846879916
15 0.8013113570741097 0.27124541164132143 0.018407122232916264 0.04537493445201888
1 0.8254860442733397 0.027566858940744624 0.01093358999037536 0.027865757734661774
1 0.35158806544754573 0.29678028316727845 0.04196342637151107 0.015689564761405348
15 0.08459817131857555 0.3118274777136864 0.03541385948026949 0.019564761405348716
1 0.5871679499518768 0.3155165180912428 0.03189124157844081 0.018552700576822234
1 0.06884023099133783 0.3408285264813844 0.013522617901828682 0.01988463555322496
9 0.5015327237728585 0.3466177241740954 0.11278633301251204 0.03880440482433141
9 0.6194658325312801 0.34871525957000526 0.10996150144369586 0.03880440482433141
9 0.14638354186717997 0.3624095437860514 0.14839749759384024 0.07458311484006291
15 0.22737969201154956 0.367139486103828 0.017800769971126083 0.04418982695332983
4 0.9103344562078922 0.03730728893550078 0.15079403272377287 0.017981122181436812
1 0.43984841193455243 0.3784740429994756 0.017329162656400384 0.0427372836916623
1 0.24872954764196342 0.3797850026219192 0.01718960538979788 0.04011536444677504
1 0.7018960538979788 0.37990823282642894 0.03613089509143407 0.01938647089669638
9 0.3470813282001925 0.38542212899842687 0.1484456207892204 0.15836392239119035
9 0.8707146294513955 0.39246460409019407 0.1514388835418672 0.15881489250131098
1 0.9673411934552454 0.3973911903513372 0.01264196342637151 0.03127949659150498
1 0.7782507218479306 0.4033796539066597 0.02040904716073147 0.03801258521237546
1 0.587487969201155 0.4081279496591505 0.028681424446583254 0.014997378080755113
1 0.061778152069297404 0.423859465128474 0.011910490856592877 0.026533822758259048
15 0.23930702598652548 0.4377635028841112 0.01566891241578441 0.043854221289984265
9 0.504422521655438 0.4399580492920818 0.11086621751684311 0.04090194022024122
9 0.14962704523580367 0.4401232302045097 0.15392204042348412 0.07793917147351861
9 0.6194658325312801 0.44153120083901415 0.10803657362848894 0.04404824331410592
15 0.04648700673724735 0.455209753539591 0.031376323387872954 0.01791819611955952
15 0.2467998075072185 0.4684347142108023 0.030654475457170358 0.020246460409019403
15 0.04488209817131857 0.4733822758259046 0.0281665062560154 0.01965390665967488
1 0.35034167468719923 0.4792501310959622 0.025033686236766124 0.016706869428421603
15 0.7771799807507218 0.4814105925537493 0.012492781520692975 0.035710540115364446
15 0.7646631376323388 0.48228369166229684 0.01248315688161694 0.03745673833245936
15 0.8225433108758421 0.48595700052438384 0.029109720885466796 0.016486628211851075
1 0.0346944177093359 0.4900498164656528 0.02415303176130895 0.022574724698479286
4 0.5680317613089508 0.502884111169376 0.21883541867179981 0.03880440482433141
4 0.272497593840231 0.5039328788673308 0.366939364773821 0.03670686942842161
1 0.875842155919153 0.511371263765076 0.025024061597690085 0.016974305191400103
15 0.7501997112608277 0.5117304667016256 0.03360442733397497 0.020839014158363922