15 0.5870725854829034 0.18694698354661793 0.011577684463107378 0.01923217550274223
15 0.6008038392321535 0.18663619744058502 0.012645470905818836 0.02226691042047532
4 0.9621475704859028 0.19013711151736745 0.07546490701859628 0.17186471663619746
9 0.17708158368326335 0.19679159049360148 0.1190101979604079 0.2071115173674589
1 0.5672165566886622 0.21646252285191955 0.004259148170365927 0.03438756855575868
1 0.57500299940012 0.2180621572212066 0.005434913017396521 0.030274223034734916
1 0.5906028794241152 0.21971663619744058 0.005440911817636473 0.03358318098720293
1 0.561502699460108 0.21931444241316272 0.004829034193161368 0.032778793418647166
1 0.5829214157168566 0.21993601462522852 0.005674865026994601 0.030365630712979888
1 0.5270635872825435 0.2192778793418647 0.010335932813437313 0.05464351005484461
1 0.6044631073785243 0.21941499085923216 0.006766646670665866 0.03663619744058501
1 0.5502789442111578 0.2196617915904936 0.009976004799040192 0.04809872029250457
1 0.5976994601079784 0.22056672760511883 0.005236952609478105 0.03528336380255941
1 0.6215836832633473 0.22128884826325412 0.0062147570485902815 0.036727605118829984
15 0.6131163767246551 0.22347349177330894 0.006076784643071386 0.03744058500914077
15 0.4660977804439112 0.32946069469835465 0.011979604079184162 0.019067641681901278
15 0.4784643071385723 0.33801645338208414 0.011517696460707858 0.017897623400365627
1 0.5163887222555489 0.33914990859232175 0.012981403719256148 0.02016453382084095
15 0.18423515296940612 0.35813528336380257 0.006142771445710858 0.03985374771480805
15 0.2538902219556089 0.36667276051188297 0.0050809838032393525 0.03499085923217551
15 0.4652309538092381 0.37248628884826324 0.012645470905818836 0.01736745886654479
1 0.4986832633473305 0.38155393053016456 0.023161367726454708 0.028190127970749542
15 0.5162657468506299 0.38712065813528335 0.012735452909418117 0.017385740402193785
15 0.4641841631673665 0.39727605118829984 0.010551889622075586 0.01575868372943327
15 0.4641661667666467 0.42730347349177333 0.010515896820635874 0.02096892138939671
15 0.4770365926814637 0.42740402193784277 0.01226154769046191 0.017513711151736746
9 0.58501199760048 0.4329981718464351 0.07944211157768447 0.2553930530164534
15 0.23504499100179962 0.4377605118829982 0.012981403719256148 0.019945155393053016
15 0.7062207558488303 0.44555758683729435 0.011121775644871025 0.01725776965265082
15 0.5166886622675465 0.45886654478976235 0.012381523695260948 0.018281535648994516
15 0.2341391721655669 0.4595978062157221 0.013569286142771446 0.01974405850091408
1 0.4815386922615477 0.46121572212065814 0.020065986802639473 0.03029250457038391
15 0.7054739052189563 0.4690219378427788 0.013227354529094182 0.016654478976234004
1 0.6586982603479304 0.47274223034734913 0.0048590281943611275 0.035063985374771484
15 0.6514577084583083 0.4744881170018282 0.005974805038992202 0.03855575868372943
15 0.5162837432513497 0.48123400365630714 0.012771445710857829 0.019140767824497258
1 0.4637822435512897 0.48061243144424126 0.010947810437912417 0.05811700182815356
15 0.5027954409118176 0.4843601462522852 0.010989802039592081 0.018080438756855575
15 0.6543851229754049 0.5080804387568556 0.013029394121175764 0.017989031078610603
15 0.5016886622675465 0.5078884826325412 0.012375524895020995 0.017605118829981718
9 0.3537732453509298 0.5196526508226691 0.16285542891421717 0.5127970749542962
15 0.6543851229754049 0.5281901279707496 0.013029394121175764 0.017989031078610603
4 0.18097780443911218 0.6122943327239488 0.023623275344931017 0.3946069469835466
20 0.5028974205158968 0.7298446069469836 0.09037792441511698 0.1690127970749543
1 0.28219856028794243 0.8245795246800731 0.010107978404319137 0.018446069469835465
1 0.2677144571085783 0.8262157221206581 0.011133773245350928 0.018062157221206583
1 0.2921775644871026 0.8324040219378428 0.0060707858428314335 0.03409506398537477
1 0.31242351529694057 0.8330895795246801 0.0045710857828434315 0.03546617915904936
1 0.3212987402519496 0.8505393053016453 0.009124175164967007 0.06305301645338209
1 0.3327384523095381 0.8504478976234003 0.008008398320335933 0.06287020109689213
1 0.593239352129574 0.8527605118829982 0.019112177564487104 0.030932358318098725
1 0.2768266346730654 0.8533455210237659 0.02215956808638272 0.028446069469835467
1 0.4574625074985003 0.8575045703839123 0.005506898620275945 0.03676416819012797
4 0.524487102579484 0.873583180987203 0.09156568686262746 0.10548446069469836
1 0.31173965206958604 0.8746617915904936 0.005602879424115177 0.03451553930530164
1 0.4673845230953809 0.8903473491773308 0.012153569286142772 0.022010968921389394
1 0.3337762447510498 0.9045429616087752 0.022081583683263347 0.028464351005484462
4 0.4814277144571086 0.11480804387568555 0.06903419316136773 0.08702010968921389
4 0.583872225554889 0.1166819012797075 0.13115176964607078 0.07614259597806215
1 0.7379664067186563 0.1223126142595978 0.005026994601079785 0.04352833638025594
9 0.7088842231553689 0.14787020109689214 0.04164367126574685 0.09098720292504571