1 0.7828958177744585 0.06688704318936878 0.0803547423450336 0.1138405315614618
15 0.09046676624346528 0.6655049833887043 0.006176250933532487 0.026026578073089703
1 0.08468073188946976 0.6657242524916943 0.0080470500373413 0.023807308970099667
1 0.12761389096340553 0.6712059800664452 0.019230769230769232 0.018823920265780728
1 0.6462005227781927 0.6729335548172758 0.03773338312173263 0.048857142857142856
15 0.3249271844660194 0.6763289036544851 0.012811799850634803 0.015780730897009966
15 0.48844473487677376 0.06758471760797342 0.02767363704256908 0.027528239202657807
15 0.558386855862584 0.6784451827242525 0.0069902912621359215 0.0160265780730897
20 0.5751661687826737 0.06866112956810631 0.011422703510082151 0.01904983388704319
1 0.42101568334578043 0.6860299003322259 0.011560866318147872 0.019235880398671096
1 0.127365571321882 0.6859368770764119 0.021721433905899926 0.011076411960132891
9 0.3620388349514563 0.688860465116279 0.027289021657953695 0.0594485049833887
15 0.10340739357729649 0.6934119601328904 0.02981702763256161 0.0393156146179402
1 0.3799215832710978 0.6936179401993355 0.010776699029126213 0.010491694352159468
20 0.317647498132935 0.6952259136212625 0.010948469006721435 0.013707641196013289
1 0.8252315160567587 0.6965681063122924 0.01864824495892457 0.02835215946843854
20 0.32947908887229277 0.6983388704318937 0.006979088872292756 0.019933554817275746
20 0.6200056011949215 0.6982591362126247 0.01073562359970127 0.021102990033222593
1 0.4791710231516057 0.6987674418604651 0.009873039581777446 0.023448504983388702
15 0.3899047796863331 0.6990730897009967 0.006844660194174757 0.01608637873754153
20 0.5603846153846154 0.7000598006644517 0.008745332337565349 0.020717607973421925
1 0.9587696041822256 0.7027674418604651 0.01313293502613891 0.019488372093023256
15 0.4204275578790142 0.7026744186046512 0.010384615384615384 0.007342192691029901
9 0.4489264376400298 0.7031794019933555 0.03676250933532487 0.11200664451827243
1 0.3383924570575056 0.7059800664451827 0.004641523525018671 0.016611295681063124
1 0.512070575056012 0.7108471760797342 0.020407020164301716 0.06488372093023256
1 0.4216654219566841 0.712046511627907 0.011366691560866319 0.01013953488372093
1 0.021615011202389844 0.7130664451827242 0.017091112770724424 0.01217940199335548
15 0.5598132935026139 0.7152624584717608 0.013577296489917848 0.008598006644518272
9 0.041211725168035854 0.7162790697674418 0.026411501120238986 0.0664451827242525
1 0.4302296489917849 0.07266112956810632 0.02476101568334578 0.040338870431893686
1 0.5439805825242718 0.7191328903654486 0.02149365197908887 0.040259136212624586
20 0.6205545182972367 0.7202259136212625 0.011833457804331591 0.017196013289036544
1 0.3303398058252427 0.7206810631229236 0.00048543689320388353 0.0008305647840531562
1 0.8256049290515309 0.7240299003322259 0.01864824495892457 0.028790697674418605
15 0.02180171769977595 0.7254152823920266 0.01148991784914115 0.011627906976744186
15 0.9259148618371918 0.7286810631229236 0.01463778939507095 0.0766312292358804
1 0.5998076923076924 0.07397674418604652 0.015896191187453324 0.032338870431893686
20 0.40606422703510087 0.7425415282392027 0.007050037341299477 0.027275747508305647
1 0.5416728902165795 0.7441860465116279 0.005675877520537715 0.019933554817275746
15 0.5289357729648991 0.7443820598006645 0.006340552651232263 0.020325581395348836
15 0.8119174757281553 0.7444086378737542 0.012184466019417476 0.012405315614617942
15 0.5217755787901419 0.7448504983388704 0.005463032113517551 0.019933554817275746
1 0.5160660941000748 0.7449302325581395 0.005246452576549664 0.018764119601328903
1 0.5352165795369679 0.7453588039867111 0.005459297983569828 0.022279069767441862
1 0.33538088125466764 0.7454750830564785 0.012808065720687078 0.021182724252491694
1 0.488373786407767 0.7463355481727574 0.01931665421956684 0.07738870431893688
1 0.5027352501867065 0.7460631229235881 0.005470500373412995 0.018372093023255813
1 0.5491411501120239 0.7471960132890365 0.005675877520537715 0.017980066445182723
1 0.5099383868558626 0.747468438538206 0.005687079910380881 0.017196013289036544
20 0.6202912621359223 0.7480930232558141 0.0120537714712472 0.021102990033222593
1 0.7011034353995519 0.7518870431893687 0.09152725914861838 0.060584717607973425
15 0.6009876773711725 0.7551295681063123 0.004813293502613891 0.015242524916943523
15 0.4204275578790142 0.7553421926910299 0.010384615384615384 0.020983388704318935
1 0.31449775952203135 0.7555647840531562 0.012117251680358477 0.01079734219269103
15 0.6103211351755041 0.7557176079734219 0.00854368932038835 0.01641860465116279
15 0.5819940253920837 0.763923588039867 0.005660941000746826 0.032830564784053155
15 0.5633271097834205 0.7638471760797342 0.01687079910380881 0.03400664451827243
20 0.7774607916355489 0.7646777408637874 0.00899178491411501 0.009089700996677741
1 0.5509410007468261 0.7687707641196013 0.00479462285287528 0.019933554817275746
1 0.5050205377147124 0.7700996677740863 0.004813293502613891 0.019933554817275746
15 0.5114544436146378 0.7706843853820599 0.00722554144884242 0.021102990033222593
15 0.5243241224794624 0.7706843853820599 0.004585511575802837 0.021102990033222593
15 0.5439357729648993 0.7705681063122923 0.007214339058999254 0.019541528239202657
1 0.5313069454817028 0.7712325581395348 0.004361463778939507 0.019541528239202657
15 0.5377651232262882 0.7711162790697674 0.004581777445855115 0.017980066445182723
15 0.6016691560866319 0.7710764119601329 0.0039357729648991785 0.015242524916943523
15 0.5177352501867064 0.7716644518272425 0.006344286781179985 0.02306312292358804
1 0.39724047796863327 0.7755215946843854 0.012554144884241971 0.010843853820598007
15 0.8284690067214339 0.7771860465116279 0.015414488424197162 0.04340863787375415
15 0.019156086631814787 0.7795681063122923 0.017401045556385362 0.04817275747508306
9 0.8107617625093353 0.7794418604651162 0.017341299477221808 0.03596013289036545
1 0.4085399551904406 0.7831428571428573 0.009014189693801345 0.01013953488372093
20 0.5484111277072442 0.0786279069767442 0.013924570575056012 0.02170764119601329
1 0.7744734876773711 0.7861627906976744 0.005257654966392831 0.014850498338870434
1 0.6603192681105302 0.7946478405315615 0.005477968633308439 0.01853156146179402
20 0.34761575802837935 0.07978073089700996 0.014873039581777445 0.028
1 0.7010455563853623 0.7976910299003322 0.021209858103061984 0.01398671096345515
15 0.4066523525018671 0.7980066445182724 0.008226288274831964 0.019933554817275746
15 0.09093353248693055 0.7996112956810632 0.007109783420463032 0.02048504983388704
15 0.0803547423450336 0.8002757475083057 0.0046228528752800604 0.02048504983388704
15 0.9316915608663182 0.8026976744186046 0.010507841672890216 0.009382059800664451
1 0.31622479462285286 0.8028671096345515 0.01258401792382375 0.013707641196013289
20 0.3347890216579537 0.08063455149501661 0.014611650485436894 0.02704983388704319
20 0.7840216579536968 0.8042325581395348 0.02136669156086632 0.016438538205980065
1 0.9574085138162808 0.8101229235880398 0.022359970126960418 0.030877076411960133
15 0.3092419716206124 0.08139534883720931 0.017289021657953697 0.023255813953488372
17 0.9398842419716207 0.8109036544850499 0.005235250186706497 0.03243853820598007
15 0.48436146377893946 0.811890365448505 0.009798356982823001 0.010491694352159468
1 0.6535194174757282 0.8129734219269104 0.006067961165048544 0.0206312292358804
1 0.4960530246452577 0.8129036544850499 0.010776699029126213 0.011189368770764119
15 0.810563853622106 0.8161827242524917 0.014705003734129949 0.03635215946843854
1 0.4054761015683346 0.8168571428571428 0.00960791635548917 0.016438538205980065
15 0.7008681852128454 0.8173820598006645 0.021601941747572816 0.024132890365448505
15 0.7373973114264376 0.8190598006644518 0.01176250933532487 0.018186046511627908
9 0.4647834204630321 0.8197940199335548 0.02590739357729649 0.06749501661129569
15 0.7579518297236744 0.823079734219269 0.005074682598954444 0.019581395348837207
15 0.7518801344286782 0.8239900332225913 0.00488050784167289 0.01608637873754153
1 0.3164096340552651 0.8245847176079735 0.014447348767737116 0.013289036544850499
15 0.44375840179238235 0.825109634551495 0.009996265870052277 0.007694352159468438
1 0.5087266616878267 0.8263322259136213 0.009985063480209111 0.01678405315614618
15 0.8578659447348767 0.828375415282392 0.02566467513069455 0.019541528239202657
15 0.932175130694548 0.8315415282392027 0.006994025392083644 0.008598006644518272
15 0.7761071695294997 0.8327342192691031 0.010765496639283046 0.033574750830564784
1 0.49564040328603437 0.8332591362126246 0.009204630321135174 0.008046511627906976
15 0.7938517550410754 0.8329069767441861 0.011153846153846155 0.033920265780730895
15 0.40616318147871544 0.8331162790697674 0.010982076176250934 0.009089700996677741
1 0.44367998506348016 0.8339235880398671 0.010586258401792384 0.008046511627906976
15 0.48487303958177747 0.8372790697674418 0.011568334578043316 0.022730897009966777
15 0.737673637042569 0.8387142857142857 0.011568334578043316 0.020285714285714285
15 0.7515272591486183 0.8419667774086379 0.00566840926064227 0.017488372093023254
15 0.7585997012696042 0.8432259136212625 0.004876773711725168 0.014691029900332225
1 0.40616318147871544 0.8435382059800665 0.007247946228528753 0.007342192691029901
1 0.4314581777445855 0.8450764119601328 0.01078790141896938 0.009089700996677741
15 0.8549906646751306 0.8515548172757474 0.010952203136669156 0.027362126245847176
1 0.45207057505601195 0.8579468438538206 0.010190440627333831 0.01223920265780731
17 0.9440552651232262 0.8640598006644519 0.02104555638536221 0.019149501661129567
15 0.562473861090366 0.08793023255813955 0.008442867811799851 0.02303654485049834
15 0.5770332337565347 0.09102990033222591 0.008435399551904406 0.0212624584717608
15 0.3447367438386856 0.09819601328903654 0.010608663181478715 0.009016611295681064
1 0.4469772218073189 0.09904983388704318 0.0119529499626587 0.02135548172757475
20 0.5500280059746079 0.10409634551495016 0.014917849141150113 0.018159468438538204
15 0.32486930545182974 0.1041295681063123 0.01194921583271098 0.02088372093023256
15 0.568696788648245 0.10874750830564783 0.00520537714712472 0.015501661129568104
15 0.380336071695295 0.11053488372093023 0.006377893950709484 0.03369435215946844
1 0.6597908887229276 0.11472757475083056 0.023091859596713966 0.031448504983388706
15 0.17148991784914114 0.11485382059800664 0.014376400298730396 0.017083056478405315
15 0.318575429424944 0.12866777408637875 0.017285287528005976 0.019461794019933556
15 0.4710044809559372 0.1359269102990033 0.019678864824495892 0.03132225913621262
15 0.31441560866318147 0.14138538205980067 0.0119529499626587 0.009016611295681064
9 0.6074010455563853 0.14219269102990034 0.019133681852128454 0.04119601328903655
9 0.6695126960418222 0.1483953488372093 0.023864824495892455 0.03898338870431894
1 0.38193614637789397 0.1483621262458472 0.005843913368185213 0.018983388704318937
1 0.6512210604929052 0.14861461794019934 0.0089395070948469 0.016830564784053155
1 0.6873095593726661 0.1503887043189369 0.006433905899925318 0.032338870431893686
15 0.7519230769230769 0.15171760797342193 0.013181478715459298 0.00974750830564784
4 0.813399925317401 0.15348837209302327 0.023364451082897687 0.027906976744186046
4 0.7710866318147871 0.15459468438538204 0.026116504854368932 0.032777408637873755
9 0.43580097087378644 0.16141528239202657 0.04635922330097088 0.0916013289036545
15 0.4726045556385362 0.16260132890365447 0.022879014189693802 0.027528239202657807
1 0.7525448095593726 0.16323255813953488 0.011437640029873039 0.011514950166112956
15 0.6507225541448842 0.16456146179401993 0.012423450336071697 0.010186046511627907
1 0.845268857356236 0.173421926910299 0.03109036594473488 0.038538205980066444
20 0.7591411501120239 0.1745282392026578 0.013427931292008963 0.016830564784053155
1 0.8806142643764002 0.17807308970099667 0.006187453323375653 0.0212624584717608
1 0.2313722927557879 0.17878405315614618 0.010914861837191935 0.02135548172757475
15 0.223454070201643 0.17897342192691032 0.0047871545929798354 0.02040531561461794
1 0.2586519790888723 0.18006644518272424 0.03037341299477222 0.026578073089700997
4 0.7905003734129948 0.18494019933554817 0.02386855862584018 0.02702325581395349
15 0.9290253920836444 0.1867109634551495 0.010403286034353995 0.022591362126245847
1 0.38569641523525017 0.1869468438538206 0.01037714712471994 0.02040531561461794
15 0.919193427931292 0.1871528239202658 0.009410007468259896 0.026132890365448504
15 0.8986594473487678 0.18803986710963455 0.008670649738610904 0.023920265780730896
15 0.8890776699029126 0.19047508305647842 0.007430918595967139 0.020817275747508305
15 0.39862957430918594 0.19383056478405314 0.017572815533980584 0.027528239202657807
1 0.960509708737864 0.1977840531561462 0.015866318147871546 0.028790697674418605
4 0.9454518297236744 0.19933554817275748 0.015623599701269605 0.027906976744186046
1 0.4143371919342793 0.20189700996677742 0.014634055265123225 0.023727574750830566
4 0.872150858849888 0.2019933554817276 0.014652725914861837 0.022591362126245847
4 0.9261613144137417 0.20553820598006642 0.014383868558625841 0.01373421926910299
15 0.17154219566840925 0.2067408637873754 0.012240477968633309 0.01613953488372093
9 0.6637882748319641 0.207531561461794 0.02063106796116505 0.02303654485049834
4 0.8882057505601194 0.20952491694352157 0.013902165795369677 0.011076411960132891
15 0.5291206123973113 0.021704318936877076 0.02164675130694548 0.022146179401993354
1 0.878870425690814 0.220156146179402 0.02510455563853622 0.01373421926910299
15 0.6669006721433905 0.22414285714285712 0.01415982076176251 0.012405315614617942
1 0.7327352501867065 0.226578073089701 0.028577296489917848 0.05847176079734219
4 0.9363666915608664 0.2287940199335548 0.01761762509335325 0.015063122923588041
1 0.9172031366691561 0.22901328903654486 0.006923076923076922 0.020817275747508305
1 0.8945519044062734 0.2296777408637874 0.007923823749066467 0.023475083056478403
15 0.17277072442120986 0.23208305647840533 0.011710231516056758 0.012338870431893688
15 0.6563218820014937 0.234109634551495 0.013913368185212844 0.012405315614617942
1 0.8694100074682599 0.2372093023255814 0.04352501867064974 0.0425249169435216
15 0.6015552651232262 0.23698671096345517 0.01042942494398805 0.026132890365448504
1 0.7657356235997013 0.2378737541528239 0.028857356235997014 0.08903654485049833
15 0.6121321882001494 0.24075415282392026 0.009925317401045556 0.00974750830564784
15 0.674865571321882 0.2420830564784053 0.006938013442867811 0.02037873754152824
15 0.5756684092606423 0.24341196013289035 0.01765496639283047 0.015063122923588041
1 0.6820836445108289 0.24429568106312294 0.0049439880507841675 0.019488372093023256
1 0.6995052277819268 0.25204983388704316 0.021863330843913367 0.03765448504983389
15 0.6096433905899925 0.2553720930232558 0.006441374159820761 0.01639202657807309
15 0.619475354742345 0.25559136212624584 0.005194174757281554 0.020817275747508305
15 0.58836071695295 0.26135215946843854 0.03706497386109037 0.01904983388704319
15 0.9260380881254667 0.26578073089701 0.0051755041075429425 0.01727574750830565
20 0.5489077669902912 0.02635548172757475 0.016411501120238984 0.011514950166112956
1 0.9433364451082898 0.2668870431893688 0.013633308439133681 0.012843853820598005
9 0.9036351755041075 0.27043189368770765 0.026837191934279313 0.04784053156146179
1 0.8633159073935773 0.27109634551495015 0.014906646751306946 0.01727574750830565
1 0.5027595220313668 0.2760797342192691 0.010746825989544436 0.03388704318936877
15 0.5214283047050037 0.2780730897009967 0.007008961911874533 0.02857142857142857
15 0.9323861090365944 0.28150498338870433 0.0066691560866318144 0.019488372093023256
15 0.8791206123973113 0.2843853820598007 0.012162061239731143 0.015946843853820596
15 0.6423730395817775 0.30121926910299 0.010660941000746826 0.011076411960132891
1 0.7857654966392831 0.30121926910299 0.006930545182972367 0.02303654485049834
20 0.4708383121732636 0.3016611295681063 0.017852875280059747 0.023920265780730896
1 0.9018876026885736 0.30741860465116283 0.039025392083644514 0.019488372093023256
1 0.8667942494398806 0.3085282392026578 0.0308252427184466 0.03499667774086379
15 0.6141224794622853 0.3091926910299003 0.016893203883495148 0.02170764119601329
20 0.6198431665421957 0.03211627906976744 0.012651232262882749 0.02037873754152824
15 0.6421247199402539 0.3191594684385382 0.010164301717699775 0.00974750830564784
1 0.9163274831964153 0.32691029900332225 0.007412247946228529 0.01727574750830565
15 0.9210567587752054 0.3275747508305648 0.00566840926064227 0.018604651162790697
1 0.46505041075429426 0.3282392026578073 0.025694548170276325 0.035880398671096346
15 0.9057486930545182 0.32846179401993353 0.01388722927557879 0.015063122923588041
1 0.7902464525765497 0.33222591362126247 0.0046900672143390595 0.019933554817275746
15 0.7993297236743839 0.33333222591362127 0.012401045556385363 0.022146179401993354
1 0.8111519790888723 0.33466112956810634 0.006919342793129201 0.022146179401993354
15 0.7027445855115758 0.33643521594684384 0.008177744585511576 0.00974750830564784
15 0.6217139656460045 0.3386478405315615 0.022367438386855863 0.028790697674418605
15 0.4519846900672143 0.34651162790697676 0.010765496639283046 0.009966777408637873
1 0.8799850634802091 0.3501661129568106 0.040776699029126215 0.0345514950166113
1 0.6994193427931292 0.3514950166112957 0.005261389096340553 0.014617940199335547
1 0.9201848394324122 0.35171760797342194 0.012139656460044808 0.01373421926910299
15 0.7200429424943988 0.35171760797342194 0.004686333084391337 0.02037873754152824
15 0.7077221807318894 0.3616843853820598 0.011411501120238985 0.03366777408637874
15 0.6401325616131441 0.36500664451827247 0.02111650485436893 0.01904983388704319
1 0.4751904406273338 0.3662093023255814 0.03775952203136669 0.03607308970099668
20 0.9196863330843914 0.37009966777408637 0.014129947722180734 0.023920265780730896
20 0.939971994025392 0.37009966777408637 0.014372666168782675 0.023920265780730896
15 0.7439357729648992 0.3718704318936877 0.012890216579536968 0.028790697674418605
15 0.6095145631067961 0.037209302325581395 0.006930545182972367 0.037209302325581395
1 0.8801138909634056 0.37475083056478403 0.0044398805078416734 0.01727574750830565
15 0.8752595220313667 0.3751926910299003 0.005933532486930545 0.016830564784053155
15 0.8867083644510829 0.37563787375415286 0.006426437640029873 0.01904983388704319
20 0.9062471994025392 0.37563787375415286 0.011150112023898432 0.01904983388704319
1 0.5491579536967887 0.038980066445182725 0.010190440627333831 0.007528239202657807
15 0.48465272591486186 0.38870431893687707 0.015608663181478714 0.01727574750830565
1 0.4708383121732636 0.39335548172757473 0.01113144137415982 0.013289036544850499
1 0.48446601941747575 0.40299003322259136 0.016728902165795367 0.013953488372093023
1 0.4548170276325616 0.40768770764119605 0.02389843166542196 0.05790033222591362
15 0.35293502613890965 0.40941196013289033 0.012068707991038088 0.02546843853820598
15 0.6258009708737864 0.4311129568106313 0.009630321135175503 0.018372093023255813
15 0.3528117998506348 0.4398671096345515 0.005847647498132935 0.019933554817275746
15 0.6362546676624347 0.442797342192691 0.009626587005227782 0.019149501661129567
15 0.6259111277072442 0.4501860465116279 0.009850634802091113 0.017980066445182723
9 0.3204200896191188 0.4596910299003322 0.051594473487677366 0.0941328903654485
15 0.6376587005227782 0.4639036544850498 0.01094100074682599 0.021495016611295683
15 0.05621359223300971 0.4654485049833887 0.014592979835698282 0.016611295681063124
15 0.36465646004480956 0.467109634551495 0.011613144137415982 0.013289036544850499
15 0.6105806572068708 0.4696511627906977 0.012050037341299478 0.018372093023255813
15 0.6268539955190441 0.47098006644518275 0.00874906646751307 0.018372093023255813
15 0.05008401792382375 0.47790697674418603 0.01428304705003734 0.014950166112956811
15 0.35293502613890965 0.47917940199335546 0.012068707991038088 0.01217940199335548
1 0.36435399551904407 0.48824916943521596 0.009514563106796117 0.010385382059800665
15 0.6004238237490664 0.48911627906976746 0.007419716206123974 0.018764119601328903
15 0.5892457057505601 0.4898571428571429 0.008961911874533234 0.010943521594684385
1 0.9629985063480209 0.49235880398671095 0.04100821508588499 0.0664451827242525
15 0.3537135922330097 0.49551495016611297 0.009891710231516056 0.011627906976744186
1 0.9203117998506347 0.4956810631229236 0.03629200896191188 0.035880398671096346
1 0.2945911127707244 0.501328903654485 0.011138909634055264 0.023255813953488372
15 0.5975037341299477 0.5042790697674419 0.015769230769230768 0.017196013289036544
1 0.5824159820761763 0.5050232558139535 0.012479462285287528 0.022671096345514948
15 0.496075429424944 0.5077574750830565 0.03994772218073189 0.021495016611295683
9 0.1689002987303958 0.509468438538206 0.026374159820761762 0.06478405315614617
9 0.3957692307692307 0.5112558139534884 0.045459297983569825 0.09095016611295681
1 0.36488984316654216 0.5120033222591363 0.008345780433159075 0.008724252491694352
1 0.5333887229275579 0.5142857142857142 0.030929798356982823 0.03986710963455149
15 0.5645985810306198 0.5198737541528239 0.00895817774458551 0.03243853820598007
15 0.2734634055265123 0.5231461794019934 0.03759148618371919 0.04429900332225914
9 0.9082356235997013 0.5275747508305648 0.030810306198655716 0.046511627906976744
1 0.927283420463032 0.5293455149501661 0.006919342793129201 0.015501661129568104
1 0.5739395070948469 0.5296843853820598 0.008969380134428677 0.03478405315614618
15 0.14622666168782675 0.5310066445182724 0.012393577296489917 0.018823920265780728
1 0.7022180731889469 0.5361328903654485 0.011605675877520536 0.014458471760797344
20 0.4811669156086632 0.536797342192691 0.007890216579536967 0.027747508305647837
15 0.015797236743838684 0.5415282392026578 0.017404779686333083 0.019933554817275746
9 0.9649887976101568 0.5426345514950166 0.031545929798356985 0.0447375415282392
9 0.6622871545929798 0.5479368770764119 0.06542569081404033 0.06996013289036546
1 0.25603808812546675 0.055338870431893686 0.03037341299477222 0.03891694352159469
15 0.7022628827483197 0.5517308970099668 0.010948469006721435 0.01641860465116279
1 0.9278995519044062 0.5663355481727576 0.026822255414488422 0.04429900332225914
1 0.7024159820761763 0.5662691029900332 0.010507841672890216 0.010943521594684385
9 0.5071788648244958 0.5678338870431894 0.015104555638536223 0.027362126245847176
20 0.4940011202389843 0.569827242524917 0.011153846153846155 0.020717607973421925
20 0.4755545182972368 0.5717408637873754 0.011601941747572815 0.02188704318936877
9 0.053474607916355485 0.571485049833887 0.02703883495145631 0.06257142857142857
1 0.5634073935772965 0.5751428571428572 0.06781553398058253 0.05394019933554818
15 0.23175690814040328 0.05866112956810631 0.015418222554144883 0.025627906976744188
1 0.9545313666915609 0.5836112956810632 0.024073935772964898 0.049614617940199335
15 0.48932412247946233 0.5895249169435216 0.012255414488424198 0.017588039867109634
15 0.47926437640029873 0.5947242524916944 0.013793876026885735 0.022671096345514948
1 0.3447330097087379 0.5994152823920266 0.0359932785660941 0.045342192691029896
15 0.08929238237490665 0.6011063122923588 0.0030806572068707992 0.008857142857142857
1 0.3972871545929798 0.6035581395348837 0.03355862584017924 0.03635215946843854
15 0.563469006721434 0.06090697674418605 0.011179985063480209 0.010186046511627907
1 0.12702389843166542 0.6115182724252491 0.008342046303211352 0.011076411960132891
15 0.05362957430918596 0.6113521594684386 0.02734876773711725 0.01605980066445183
1 0.11498319641523526 0.6123488372093023 0.01114637789395071 0.012737541528239204
15 0.06657953696788649 0.6173322259136212 0.0009708737864077671 0.002770764119601329
1 0.6853939507094846 0.6179401993355482 0.03620985810306199 0.046511627906976744
9 0.645093353248693 0.6203255813953489 0.03775952203136669 0.04065116279069767
15 0.052322628827483196 0.623531561461794 0.02921583271097834 0.013840531561461793
15 0.051885735623599695 0.6318936877076412 0.03356982823002241 0.013289036544850499
15 0.02435399551904406 0.634328903654485 0.015847647498132934 0.022146179401993354
15 0.8559708737864078 0.641860465116279 0.013659447348767737 0.0212624584717608
15 0.8915608663181478 0.6423023255813953 0.05048543689320388 0.023475083056478403
17 0.8353117998506349 0.6434119601328904 0.029846900672143392 0.02037873754152824
1 0.3852053771471247 0.6491295681063123 0.06167289021657953 0.06370764119601328
15 0.9379798356982822 0.6507209302325582 0.011135175504107543 0.017720930232558142
20 0.34378267363704257 0.6533222591362127 0.01094100074682599 0.008305647840531562
1 0.92653286034354 0.06622259136212624 0.02782300224047797 0.03543521594684385
9 0.054902912621359226 0.6615182724252492 0.031389096340552654 0.0393156146179402
1 0.5774047796863331 0.6627707641196013 0.024115011202389843 0.07504318936877076
20 0.3418913368185213 0.6634551495016612 0.011639283047050038 0.009966777408637873