20 0.7183456790123457 0.5040654672663668 0.015174603174603176 0.014627686156921539
1 0.7977530864197532 0.5078135932033983 0.06182010582010582 0.03711644177911044
15 0.32176014109347445 0.5092328835582209 0.014243386243386244 0.040954522738630685
15 0.3084673721340388 0.5093428285857071 0.013054673721340388 0.03817591204397801
15 0.3485379188712522 0.5100099950024988 0.013477954144620812 0.036511744127936036
15 0.33491181657848323 0.5101474262868565 0.01091710758377425 0.04178410794602699
15 0.7057619047619048 0.5172613693153423 0.009760141093474428 0.00703648175912044
20 0.7545661375661377 0.5232258870564718 0.012130511463844798 0.020964517741129438
1 0.7412116402116402 0.5242103948025987 0.010818342151675486 0.017936031984007995
15 0.7065202821869488 0.5246001999000499 0.008455026455026455 0.0067216391804097945
1 0.22524514991181654 0.5253423288355822 0.1076331569664903 0.15313343328335832
15 0.10380599647266314 0.5395427286356822 0.004437389770723104 0.011619190404797601
20 0.7085802469135802 0.5420314842578711 0.013985890652557318 0.012598700649675163
20 0.7456296296296296 0.5445477261369316 0.013305114638447971 0.025627186406796603
15 0.7731058201058202 0.5484057971014492 0.00617636684303351 0.015352323838080958
1 0.4518183421516755 0.56087956021989 0.043671957671957674 0.05929035482258871
15 0.7477954144620811 0.5644677661169415 0.019753086419753086 0.013493253373313344
15 0.7715202821869489 0.5686581709145427 0.022052910052910053 0.016876561719140433
15 0.7240458553791888 0.570232383808096 0.020931216931216932 0.01302848575712144
15 0.6288377425044092 0.5699625187406296 0.011114638447971783 0.036476761619190404
15 0.5650299823633157 0.5704072963518241 0.01401058201058201 0.030369815092453775
15 0.6032557319223986 0.5716816591704148 0.012860670194003528 0.03591704147926037
15 0.57826278659612 0.5716541729135433 0.015784832451499118 0.03786106946526737
15 0.616331569664903 0.5723488255872063 0.011499118165784833 0.03425287356321839
15 0.5910035273368607 0.5739030484757621 0.013047619047619047 0.04035982008995503
1 0.6655044091710758 0.5813893053473262 0.04211992945326279 0.0623288355822089
1 0.30933333333333335 0.5857246376811595 0.050059964726631385 0.06900049975012493
1 0.49886596119929455 0.5878860569715142 0.039001763668430334 0.05233383308345827
1 0.7317389770723104 0.6023913043478261 0.023619047619047616 0.0323688155922039
1 0.4246455026455026 0.6035957021489256 0.03659259259259259 0.04677161419290355
1 0.5431693121693122 0.6058145927036481 0.04295238095238095 0.06120439780109945
15 0.45209876543209876 0.6066016991504247 0.02518518518518519 0.019800099950024987
9 0.7604691358024691 0.6173463268365816 0.03310758377425044 0.0502848575712144
15 0.451294532627866 0.6235882058970514 0.024987654320987655 0.019790104947526237
1 0.8526172839506173 0.6234432783608196 0.03186596119929453 0.03149425287356322
1 0.8035537918871252 0.6319040479760121 0.014867724867724866 0.04041979010494753
1 0.13301058201058202 0.6470239880059969 0.11011287477954146 0.15361819090454773
15 0.5374814814814814 0.6511744127936032 0.024522045855379187 0.01899050474762619
1 0.4209400352733686 0.6521689155422289 0.03482539682539683 0.053963018490754626
1 0.2619647266313933 0.6589780109945027 0.0166984126984127 0.017606196901549225
1 0.3118818342151675 0.6601899050474762 0.05515696649029982 0.07700149925037482
1 0.8525202821869489 0.6614692653673163 0.03519929453262787 0.027586206896551727
15 0.539657848324515 0.6682433783108446 0.02746384479717813 0.01814592703648176
15 0.7948677248677248 0.6731859070464769 0.019365079365079363 0.01603698150924538
1 0.7498359788359787 0.6742653673163418 0.02453968253968254 0.031189405297351324
15 0.5381481481481482 0.6868940529735132 0.023738977072310406 0.021464267866066967
1 0.7191534391534391 0.6896851574212893 0.009029982363315698 0.017051474262868564
1 0.19569312169312167 0.70095952023988 0.016077601410934745 0.02160919540229885
1 0.7217178130511464 0.7023888055972014 0.010631393298059965 0.011474262868565718
15 0.9479470899470899 0.7035107446276861 0.0341657848324515 0.014717641179410294
1 0.4233121693121693 0.7065417291354322 0.03110405643738977 0.05476261869065467
15 0.1964973544973545 0.7279910044977511 0.016275132275132276 0.032693653173413294
1 0.9496913580246914 0.748888055972014 0.09409171075837743 0.057496251874062966
15 0.1256490299823633 0.759800099950025 0.0107336860670194 0.029345327336331835
15 0.10737918871252206 0.7611869065467266 0.012289241622574958 0.03211894052973513
15 0.07738800705467372 0.7694052973513243 0.029908289241622577 0.021569215392303845
20 0.7144444444444444 0.07779360319840081 0.031358024691358025 0.09761619190404798
9 0.24092768959435626 0.7821614192903549 0.036000000000000004 0.08706146926536731
9 0.27740917107583773 0.7883483258370814 0.037005291005291006 0.10843078460769615
15 0.7386948853615519 0.7887981009495252 0.012134038800705467 0.037366316841579206
20 0.6500088183421517 0.07898800599700151 0.03582010582010582 0.09900549725137432
15 0.0758589065255732 0.7929985007496252 0.02402821869488536 0.018780609695152422
15 0.7262081128747796 0.7981759120439781 0.011146384479717813 0.03813093453273363
15 0.10908641975308642 0.8038205897051474 0.02346384479717813 0.02043478260869565
20 0.7851940035273369 0.08153923038480759 0.033174603174603176 0.11010494752623688
9 0.6368042328042328 0.8098775612193904 0.03480776014109348 0.03754622688655672
1 0.04621164021164021 0.8106096951524238 0.020465608465608468 0.03101449275362319
20 0.745594356261023 0.08262368815592203 0.03157671957671958 0.10427786106946527
20 0.39606349206349206 0.0829935032483758 0.035865961199294534 0.092023988005997
15 0.029167548500881834 0.08319090454772614 0.007541446208112874 0.025452273863068465
15 0.03477425044091711 0.08335832083958021 0.006761904761904762 0.018790604697651175
15 0.021835978835978837 0.08349575212393802 0.00910405643738977 0.024062968515742127
15 0.04983597883597884 0.0834407796101949 0.01219400352733686 0.02795102448775612
9 0.33996296296296297 0.8344252873563218 0.033717813051146385 0.09063968015992004
9 0.3757389770723104 0.8391704147926037 0.031195767195767193 0.09813093453273364
20 0.6837460317460318 0.08401049475262369 0.031336860670194006 0.10705147426286857
1 0.7169629629629629 0.8487031484257872 0.023696649029982364 0.054227886056971514
9 0.4998024691358025 0.8495777111444278 0.037347442680776013 0.10395302348825587
1 0.4247301587301587 0.8504047976011995 0.0247689594356261 0.0576311844077961
9 0.5344232804232804 0.8553773113443278 0.03815873015873016 0.10755622188905548
1 0.04262610229276896 0.8582058970514742 0.03516402116402116 0.051244377811094456
1 0.2305291005291005 0.8585482258870565 0.010970017636684305 0.007951024487756121
20 0.27787654320987654 0.08590454772613693 0.052049382716049385 0.11283858070964517
15 0.06551851851851852 0.08663168415792104 0.008285714285714285 0.029335332333833085
1 0.7594074074074074 0.876904047976012 0.04156613756613757 0.043663168415792104
1 0.7198289241622575 0.8922813593203398 0.03859964726631394 0.04143428285857071
20 0.3299435626102293 0.08984507746126937 0.05247971781305115 0.1167216391804098
1 0.6495079365079365 0.8982733633183408 0.024236331569664902 0.0564167916041979
15 0.05478306878306878 0.9088455772113943 0.013622574955908288 0.03758120939530235
1 0.23942328042328043 0.9118865567216392 0.02805291005291005 0.03566716641679161
1 0.7310652557319225 0.92015992003998 0.01944973544973545 0.02422788605697151
1 0.2712010582010582 0.9213493253373313 0.03376014109347442 0.052593703148425784
1 0.4866031746031746 0.9222938530734632 0.019414462081128746 0.04148925537231384
1 0.5442380952380952 0.9270139930034982 0.028864197530864198 0.030939530234882558
1 0.3217954144620811 0.9317341329335332 0.031950617283950614 0.030384807596201897
20 0.7553474426807759 0.9341954022988506 0.022864197530864196 0.03530734632683658
20 0.5335220458553792 0.09359820089955023 0.032828924162257495 0.07925037481259371
15 0.40087654320987653 0.9376936531734134 0.014451499118165784 0.040304847576211895
1 0.7176701940035274 0.9383833083458271 0.03428218694885361 0.03168915542228885
15 0.05044973544973545 0.9442628685657172 0.013421516754850087 0.031454272863568215
1 0.36570723104056435 0.9506071964017991 0.035118165784832456 0.03814592703648176
15 0.06860493827160494 0.9511769115442279 0.02362962962962963 0.017296351824087956
1 0.5989012345679012 0.13444277861069465 0.05776719576719577 0.03800099950024988
15 0.7321040564373897 0.14429035482258873 0.010945326278659613 0.02871064467766117
15 0.6461516754850087 0.14553473263368313 0.01822927689594356 0.023203398300849574
15 0.6721234567901234 0.14738630684657672 0.013735449735449734 0.03790104947526237
15 0.6991746031746032 0.14737881059470265 0.012811287477954144 0.033888055972014
15 0.7753932980599646 0.14946276861569216 0.013573192239858905 0.03505747126436782
15 0.24976543209876545 0.1567416291854073 0.015580246913580247 0.039620189905047475
15 0.31569135802469134 0.1706471764117941 0.012687830687830687 0.035447276361819095
1 0.47811287477954145 0.18122438780609695 0.10119929453262785 0.13456271864067965
15 0.2895291005291005 0.18553473263368317 0.00692416225749559 0.018245877061469264
15 0.30329276895943563 0.1857871064467766 0.007643738977072311 0.019750124937531238
15 0.29682186948853617 0.18603698150924539 0.007400352733686067 0.019250374812593705
1 0.4031922398589065 0.18769865067466265 0.02895943562610229 0.08654172913543227
1 0.8685626102292769 0.18964267866066967 0.030599647266313933 0.08043478260869565
15 0.774668430335097 0.19699150424787606 0.014239858906525573 0.015172413793103448
1 0.17481657848324517 0.19774612693653174 0.05898059964726632 0.08264867566216891
1 0.8479594356261023 0.20174412793603197 0.03313227513227514 0.0776511744127936
20 0.25378483245149913 0.20435282358820592 0.01585890652557319 0.02289855072463768
1 0.7268095238095238 0.2110494752623688 0.034924162257495596 0.041289355322338836
1 0.5742063492063492 0.23448775612193906 0.08597883597883597 0.13314342828585707
15 0.4144938271604938 0.25229135432283856 0.02687125220458554 0.023823088455772114
15 0.34197707231040564 0.2664767616191904 0.007410934744268078 0.020209895052473763
15 0.34842680776014107 0.26644677661169414 0.007611992945326278 0.022148925537231384
15 0.41520105820105824 0.2695027486256871 0.030402116402116403 0.018265867066466764
15 0.45448324514991184 0.2777986006996502 0.015139329805996473 0.03685657171414293
9 0.27476014109347446 0.29992003998001 0.019714285714285715 0.03212393803098451
1 0.287305114638448 0.3024187906046976 0.009530864197530863 0.027126436781609194
15 0.16117989417989417 0.30269365317341335 0.02324162257495591 0.017681159420289857
15 0.1842910052910053 0.30269365317341335 0.021492063492063493 0.017681159420289857
1 0.4796137566137566 0.31610194902548727 0.013195767195767195 0.02350824587706147
9 0.4942486772486772 0.3162093953023488 0.01706878306878307 0.02872063968015992
15 0.6682804232804233 0.3178085957021489 0.009576719576719576 0.022923538230884555
15 0.6594197530864198 0.31905797101449274 0.008786596119929452 0.0204247876061969
15 0.18489947089947092 0.3191804097951024 0.021298059964726633 0.017671164417791103
15 0.16137566137566137 0.32059720139930037 0.0236331569664903 0.01850574712643678
15 0.64505291005291 0.32585707146426784 0.02308641975308642 0.01903048475762119
1 0.8648800705467372 0.32652673663168413 0.04933686067019401 0.12031984007996002
15 0.6199400352733686 0.32638430784607697 0.023654320987654322 0.022083958020989503
1 0.44521164021164017 0.3342703648175912 0.011410934744268079 0.018865567216391804
9 0.4581199294532628 0.3386581709145427 0.018885361552028218 0.03363818090954523
20 0.47040564373897703 0.36604697651174417 0.012416225749559084 0.018450774612693652
15 0.6908289241622575 0.3674987506246877 0.005291005291005291 0.015357321339330335
20 0.49094885361552026 0.3680184907546227 0.01399647266313933 0.02039480259870065
15 0.6977513227513228 0.3774912543728136 0.005731922398589065 0.015352323838080958
15 0.6911287477954144 0.3889080459770115 0.006596119929453263 0.01719640179910045
15 0.8509153439153438 0.40488505747126435 0.027051146384479717 0.0171664167916042
15 0.8292328042328042 0.4058020989505247 0.023897707231040566 0.018000999500249876
15 0.8029065255731922 0.40988255872063967 0.028388007054673724 0.0171664167916042
1 0.2723862433862434 0.4181609195402299 0.009322751322751323 0.01873063468265867
15 0.8695185185185186 0.42373063468265865 0.023340388007054673 0.016876561719140433
1 0.7898236331569666 0.42644177911044473 0.009982363315696649 0.018300849575212393
1 0.8341763668430334 0.43001499250374814 0.0097989417989418 0.01645177411294353
1 0.691599647266314 0.4360169915042479 0.007537918871252205 0.010464767616191905
15 0.813610229276896 0.45292853573213393 0.011700176366843035 0.008305847076461769
15 0.6715890652557319 0.45867566216891553 0.009844797178130511 0.009805097451274364
15 0.8220828924162258 0.45975512243878064 0.013125220458553792 0.007966016991504248
15 0.8073703703703704 0.46059220389805094 0.007686067019400352 0.009640179910044977
15 0.6710440917107584 0.4648625687156422 0.008754850088183422 0.0071864067966017
15 0.822784832451499 0.469000499750125 0.011707231040564373 0.009465267366316843
15 0.8080776014109348 0.4698300849575212 0.0091005291005291 0.007126436781609196
15 0.8144920634920635 0.4769090454772614 0.011347442680776015 0.008290854572713642
15 0.8020246913580246 0.4785782108945527 0.011809523809523808 0.009630184907546227
9 0.4915291005291005 0.4810869565217391 0.012335097001763669 0.024642678660669666
9 0.6744409171075838 0.48298850574712643 0.01837037037037037 0.02544727636181909
9 0.4577707231040564 0.4828360819590205 0.011132275132275132 0.027141429285357323
9 0.702042328042328 0.48981509245377314 0.019957671957671955 0.032103948025987004