9 0.7517362371445855 0.19549180327868854 0.023738656987295825 0.06013412816691505
1 0.7919993950393224 0.22397168405365125 0.017150635208711434 0.021713859910581224
15 0.8465184513006655 0.23695230998509687 0.007616454930429522 0.03575260804769001
15 0.8342952208106472 0.23823397913561847 0.007368421052631579 0.03533532041728763
15 0.8771990320629159 0.24116244411326376 0.007271627344222625 0.029269746646795828
1 0.19405323653962492 0.246602086438152 0.008191167574107682 0.05207153502235469
1 0.21024803387779795 0.2493740685543964 0.009122807017543859 0.051654247391952304
1 0.1377253478523896 0.25375558867362147 0.010477918935269207 0.06041728763040238
1 0.12181790683605566 0.2552757078986587 0.01133091349062311 0.05749627421758569
15 0.7939503932244405 0.25660953800298064 0.011373260738052027 0.015454545454545453
15 0.7350151240169389 0.26343517138599104 0.012075015124016939 0.0142026825633383
15 0.48435874168179066 0.26248137108792846 0.0056200846944948575 0.027198211624441134
1 0.7655958862673926 0.26721311475409837 0.007900786448880823 0.03368107302533532
15 0.49385662431941924 0.274903129657228 0.0064670296430732 0.031177347242921014
15 0.8426588021778584 0.28655737704918033 0.009576527525710829 0.012757078986587183
15 0.5823260738052027 0.2886736214605067 0.007967332123411977 0.014008941877794338
15 0.7371899576527526 0.28953800298062593 0.010375075620084693 0.012757078986587183
15 0.5232546884452511 0.291274217585693 0.004767090139140956 0.034113263785394934
15 0.5331972171808832 0.29182563338301043 0.004083484573502722 0.0322354694485842
15 0.5626527525710829 0.2928614008941878 0.009758015728977616 0.010461997019374067
15 0.6002813067150635 0.2921833084947839 0.01 0.015067064083457525
15 0.6402147610405324 0.3011475409836065 0.013641863278886873 0.012131147540983607
1 0.6581790683605566 0.30321907600596126 0.014482758620689656 0.0192548435171386
15 0.8453206291591047 0.3113487332339791 0.011270417422867513 0.014649776453055142
15 0.6111917725347852 0.3119001490312966 0.012462189957652754 0.012771982116244411
15 0.45987900786448876 0.3148360655737705 0.01352692075015124 0.01864381520119225
15 0.5541409558378705 0.31498509687034276 0.009673321234119783 0.012980625931445606
15 0.5709497882637629 0.31684053651266764 0.00941318814277072 0.007749627421758569
15 0.5932153660012099 0.3165573770491803 0.01280701754385965 0.016125186289120717
9 0.8810647307924986 0.32137108792846497 0.01984271022383545 0.06450074515648287
9 0.3432456140350877 0.3299925484351714 0.11540834845735028 0.16222056631892698
15 0.8438384754990925 0.33375558867362143 0.013145795523290987 0.008792846497764531
9 0.14979733817301877 0.3384500745156483 0.028572292800967933 0.06885245901639345
15 0.12825771324863883 0.3450745156482861 0.006061705989110708 0.0403725782414307
1 0.8445251058681186 0.3558867362146051 0.008469449485783424 0.011326378539493294
15 0.6690865093768905 0.35704172876304024 0.012099213551119177 0.013636363636363637
15 0.438914095583787 0.37570789865871834 0.012734422262552935 0.021162444113263783
15 0.6938354506957048 0.3803204172876304 0.013200241984271022 0.02442622950819672
15 0.669670296430732 0.3813859910581222 0.009637023593466425 0.005692995529061102
1 0.7124168179068361 0.38120715350223544 0.012855414398064126 0.02023845007451565
15 0.12858741681790684 0.40640834575260804 0.00793103448275862 0.040834575260804765
15 0.15439503932244406 0.4070044709388972 0.006309739866908651 0.0330849478390462
15 0.14279794313369631 0.408107302533532 0.008523895946763461 0.04125186289120715
15 0.4380641258318209 0.4157749627421759 0.011034482758620689 0.01783904619970194
15 0.43937991530550513 0.44017138599105815 0.013666061705989111 0.01596125186289121
15 0.6494343617664853 0.44151266766020864 0.006672716273442226 0.030566318926974666
1 0.1756291591046582 0.4622801788375559 0.008850574712643678 0.057198211624441136
1 0.19791591046581972 0.4645230998509687 0.009866908650937688 0.05572280178837556
1 0.21307622504537205 0.47885245901639345 0.005099818511796733 0.036691505216095384
15 0.417431941923775 0.487779433681073 0.009697519661222022 0.009836065573770491
15 0.4325438596491228 0.488591654247392 0.0108832425892317 0.014441132637853949
15 0.4175499092558984 0.5100894187779433 0.011143375680580764 0.01570789865871833
15 0.4328191167574108 0.514113263785395 0.009013914095583787 0.005871833084947839
15 0.09571990320629159 0.5164903129657228 0.011161524500907441 0.013606557377049182
15 0.11333635813672112 0.5170566318926975 0.01251663641863279 0.008777943368107301
15 0.2130671506352087 0.5226825633383011 0.006291591046581973 0.02897168405365127
15 0.4174742891712039 0.5356631892697467 0.009782214156079857 0.013204172876304023
15 0.11333635813672112 0.5354023845007452 0.01251663641863279 0.01864381520119225
15 0.4330096793708409 0.5356855439642325 0.0069751966122202054 0.010268256333830104
15 0.09650635208711435 0.5386140089418778 0.01515426497277677 0.016125186289120717
9 0.19364186327888686 0.5469895678092399 0.025517241379310343 0.06268256333830105
15 0.43476104053236536 0.5533457526080477 0.00926799758015729 0.012801788375558867
9 0.6997761645493044 0.5565946348733234 0.06379915305505142 0.27265275707898656
9 0.5414246823956443 0.5566393442622951 0.14516031457955234 0.35619970193740685
15 0.4176557773744706 0.5587853949329359 0.008935269207501512 0.011758569299552905
15 0.43369026013309137 0.578688524590164 0.008336358136721112 0.012816691505216095
15 0.4188989715668482 0.5802235469448584 0.010211736237144584 0.006944858420268257
9 0.35566243194192376 0.58349478390462 0.06280701754385964 0.16549925484351713
15 0.41736842105263156 0.6001266766020864 0.007150635208711434 0.008002980625931445
15 0.4326073805202662 0.6017809239940388 0.008590441621294615 0.01429210134128167
9 0.2726043557168784 0.6021833084947839 0.03583182093163944 0.13134128166915052
15 0.09509376890502118 0.6034724292101341 0.013539019963702359 0.014694485842026825
1 0.11242286751361162 0.6044411326378539 0.013109497882637629 0.013651266766020865
15 0.18465819721718088 0.6050298062593145 0.008759830611010284 0.04463487332339791
1 0.17189352692075013 0.6139642324888227 0.006218995765275257 0.05058122205663189
1 0.1569872958257713 0.6141281669150521 0.011494252873563218 0.056870342771982114
15 0.41601028433151843 0.6268330849478391 0.00927404718693285 0.0107451564828614
15 0.4329461584996975 0.6272503725782415 0.00926799758015729 0.01157973174366617
15 0.642952208106473 0.6271162444113264 0.011857229280096795 0.017272727272727273
15 0.4178886872353297 0.644090909090909 0.006981246218995765 0.009493293591654248
15 0.4324803387779794 0.6498211624441133 0.008336358136721112 0.012011922503725783
15 0.4161705989110708 0.6688897168405364 0.010804597701149424 0.011400894187779434
15 0.43248941318814277 0.6729210134128166 0.007144585601935875 0.013502235469448585
15 0.4294222625529341 0.6928241430700447 0.00705989110707804 0.014560357675111773
15 0.2864367816091954 0.7598509687034277 0.007840290381125227 0.053233979135618475
15 0.301249243799153 0.761967213114754 0.008427102238354507 0.05448584202682564
1 0.2719933454325469 0.7639046199701938 0.009201451905626134 0.052399403874813705
15 0.058726557773744706 0.7831222056631894 0.007350272232304901 0.04612518628912071
1 0.025650332728372655 0.8005141579731744 0.010163339382940109 0.04216095380029806
15 0.7311978221415608 0.08583457526080476 0.018959467634603752 0.025618479880774963
1 0.43806715063520874 0.1026080476900149 0.01588021778584392 0.023397913561847988
9 0.7858439201451906 0.11217585692995528 0.01572897761645493 0.05743666169895678
15 0.7299546279491833 0.11655737704918032 0.017683000604960676 0.0185096870342772
15 0.29307320024198424 0.12115499254843518 0.009013914095583787 0.0426080476900149