1 0.8945533845080251 0.7072695285010556 0.006831821353803209 0.015524278676988036
4 0.9500872295882763 0.71481703026038 0.03555478018143755 0.10099225897255454
1 0.895 0.7243314567206194 0.006329378925331473 0.01446164672765658
1 0.9075122121423587 0.7395179451090781 0.011814375436147941 0.02090781140042224
1 0.8946301465457084 0.7536030964109781 0.011172365666434056 0.015299085151301899
15 0.13308792742498254 0.7599612948627726 0.020537334263782275 0.008311048557353977
1 0.19593161200279133 0.7652322308233638 0.08900209351011863 0.041372273047149896
15 0.513503140265178 0.7823011963406052 0.008164689462665735 0.019211822660098524
15 0.5009560362875087 0.7833497536945814 0.00958827634333566 0.01708655876143561
1 0.03329030006978367 0.07924349049964814 0.06518492672714585 0.04448275862068966
15 0.5552442428471738 0.7930401125967629 0.00790648988136776 0.01817030260380014
15 0.5666538729937195 0.7933251231527094 0.006999302163293789 0.018740323715693175
1 0.39242498255408237 0.7959641097818438 0.017229588276343338 0.00712878254750176
20 0.4300523377529658 0.8002885292047854 0.019909281228192605 0.025629838142153413
1 0.5816503838101884 0.8009992962702323 0.010474528960223307 0.01860661505981703
1 0.6096545708304256 0.8016045038705136 0.009260293091416608 0.019817030260380016
15 0.20695743196092115 0.8036699507389163 0.009169574319609212 0.016910626319493315
15 0.29299023028611304 0.8041484869809993 0.020732728541521285 0.012237860661505982
15 0.4712770411723657 0.8053307529908516 0.015826936496859734 0.007565095003518649
1 0.4899930216329379 0.8082793807178044 0.009993021632937893 0.019092188599577762
1 0.5276343335659456 0.8115657987332864 0.012700628053035588 0.024257565095003517
15 0.47403698534542915 0.8140042223786067 0.01576413119330077 0.008022519352568614
15 0.29 0.8157318789584799 0.01754361479413817 0.008662913441238564
15 0.32080251221214234 0.8154152005629838 0.01634333565945569 0.009437016185784658
1 0.5412805303558967 0.8155665024630543 0.010683879972086531 0.01677691766361717
15 0.19755059316120027 0.08203377902885292 0.008499651081646895 0.01628430682617875
1 0.6777634333565946 0.8234060520760028 0.06871598046057223 0.06201266713581985
4 0.0792986741102582 0.8240147783251232 0.03996510816468946 0.30390570021111896
1 0.48574319609211447 0.8253342716396903 0.016845778087927425 0.010978184377199156
1 0.2651884159106769 0.8249472202674173 0.006999302163293789 0.014426460239268121
15 0.09008374040474529 0.08322660098522168 0.007103977669225401 0.01585503166783955
15 0.371946964410328 0.08358550316678395 0.01674808094905792 0.006720619282195637
20 0.17510816468946266 0.08342716396903589 0.016650383810188414 0.02047853624208304
1 0.32071877180739705 0.8403694581280788 0.014780181437543614 0.011491907107670653
1 0.6165282623866015 0.8421358198451794 0.009050942079553386 0.020654468684025335
1 0.6446022330774599 0.8479591836734695 0.01774598743893929 0.011189303307529909
9 0.2895498953244941 0.8497853624208305 0.031995812979762735 0.04721323011963406
9 0.58351011863224 0.8522413793103449 0.04769016050244243 0.0493103448275862
15 0.8374459176552687 0.08596059113300493 0.007062107466852756 0.017100633356790993
15 0.17701674808094905 0.8591133004926108 0.017676203768318213 0.009570724841660803
1 0.6480076762037683 0.8601618578465868 0.02176552686671319 0.011667839549612948
1 0.4846231681786462 0.867213230119634 0.017397069085833914 0.011695988740323716
15 0.5198325191905094 0.8704398311048557 0.015240753663642708 0.008296973961998593
1 0.6170481507327286 0.8714672765657987 0.010090718771807398 0.02020408163265306
15 0.17250872295882763 0.8730436312456017 0.02401256106071179 0.010689655172413793
1 0.7692882065596651 0.8797642505277973 0.06753663642707607 0.06494722026741731
15 0.4720027913468248 0.8814461646727657 0.015882763433356595 0.007790288529204785
15 0.5195673412421493 0.8823047149894442 0.016106071179344032 0.008099929627023224
15 0.32193998604326585 0.8845566502463054 0.017222609909281227 0.008381421534130894
1 0.3919225401256106 0.8843244194229416 0.019016050244242848 0.010731878958479943
1 0.48916259595254713 0.8853131597466573 0.011123517096999302 0.019746657283603097
15 0.2824145150034892 0.8850950035186489 0.017725052337752966 0.00805066854327938
15 0.47132240055826935 0.8898135116115411 0.01591765526866713 0.007635467980295566
20 0.4334542916957432 0.8908691062631949 0.022526168876482903 0.026636171710063338
15 0.5182449406838799 0.8950070372976777 0.017648290300069782 0.008170302603800141
15 0.282794836008374 0.8954046446164672 0.021277041172365667 0.00896551724137931
1 0.689152128401954 0.8959992962702322 0.06497557571528262 0.065045742434905
1 0.3216678297278437 0.8987543983110486 0.015282623866015352 0.008627726952850105
1 0.6065945568736916 0.9063089373680506 0.012909979064898814 0.02092188599577762
1 0.5677878576413119 0.9064954257565095 0.009267271458478716 0.021294862772695287
1 0.5800104675505932 0.9065446868402534 0.011381716678297278 0.021393384940182968
1 0.5542533147243545 0.9067171006333568 0.011507327285415212 0.021738212526389866
15 0.5403524075366365 0.9206474313863476 0.01580600139567341 0.008782547501759325
15 0.32975575715282623 0.09261435608726248 0.016106071179344032 0.006481351161154118
15 0.34967899511514305 0.09267065446868403 0.016873691556175855 0.008001407459535538
15 0.34104326587578504 0.9231034482758621 0.014954640614096302 0.008064743138634764
15 0.4656140963014655 0.9228043631245603 0.01845778087927425 0.008874032371569317
15 0.36183531053733425 0.9227973258268826 0.01606420097697139 0.008859957776213933
1 0.4139148639218423 0.926481351161154 0.005778087927424982 0.016228008444757212
20 0.39488485694347525 0.9291273750879662 0.024940683879972086 0.024334975369458126
4 0.8358583391486393 0.9337192118226602 0.1602023726448011 0.026481351161154118
15 0.31026168876482907 0.9418472906403941 0.006427076064200977 0.015995777621393384
1 0.3219295184926727 0.9418085855031667 0.007431960921144453 0.015918367346938776
20 0.3390334961618981 0.9430471498944405 0.01930914166085136 0.024025334271639692
15 0.3968527564549896 0.9482441942294159 0.01771109560362875 0.006270232230823364
15 0.31521284019539425 0.9563511611541168 0.01632937892533147 0.007002111189303307
15 0.3952965806001396 0.9564567206192822 0.01739009071877181 0.008620689655172414
20 0.12356245638520585 0.1182899366643209 0.01823447313328681 0.02123856439127375
1 0.5828890439637124 0.15130541871921183 0.060404745289602234 0.06193525686136524
15 0.8156873691556177 0.1743701618578466 0.01937194696441033 0.008135116115411681
1 0.2419364968597348 0.18872273047149896 0.05540125610607118 0.06921182266009852
1 0.6342568039078855 0.2096622097114708 0.04171667829727844 0.04775510204081632
1 0.6946371249127704 0.21519000703729765 0.056406140963014655 0.050365939479239966
1 0.5222260990928123 0.2162491203377903 0.05352407536636427 0.0552990851513019
1 0.46940683879972084 0.21635116115411682 0.020460572226099094 0.05268824771287826
1 0.2820900209351012 0.24083743842364533 0.06173761339846476 0.06365939479239971
1 0.14248778785764132 0.2513441238564391 0.11749476622470342 0.05793103448275862
1 0.35397766922540125 0.25212878254750176 0.028262386601535242 0.05387051372273047
1 0.7903175157013259 0.3132125263898663 0.05516399162595952 0.033884588318085856
1 0.8381263084438242 0.3281034482758621 0.04191905094207955 0.06929627023223082
15 0.5374528960223307 0.32861717100633353 0.00721563154221912 0.01824771287825475
1 0.15758199581297977 0.35501759324419424 0.052777390090718766 0.07104855735397607
15 0.33539776692254014 0.35683673469387756 0.0078506629448709 0.015573539760731878
15 0.38119330076762037 0.3640886699507389 0.017096999302163293 0.00896551724137931
1 0.2310258199581298 0.367350457424349 0.0824284717376134 0.02956368754398311
15 0.36266224703419403 0.3820232230823364 0.010739706908583392 0.018092892329345533
15 0.34968946266573625 0.38276917663617166 0.011311933007676205 0.016769880365939478
15 0.49340893230983945 0.38348698099929623 0.015429169574319609 0.006945812807881773
1 0.8272400558269365 0.38366291344123854 0.029916259595254707 0.014334975369458129
15 0.41348569434752264 0.393423645320197 0.016085136078157713 0.009929627023223081
1 0.320327983251919 0.40603096410978184 0.008415910676901605 0.018254750175932442
4 0.9503210048848569 0.412237860661506 0.03183531053733426 0.08415200562983814
15 0.39527913468248427 0.419247009148487 0.00898115840893231 0.01935256861365236
15 0.3578820655966504 0.41994370161857847 0.01234473133286811 0.020745953553835326
15 0.5306629448709003 0.42219211822660097 0.015966503838101883 0.006945812807881773
1 0.7729762735519888 0.42324067558057704 0.05258199581297976 0.07660098522167487
15 0.33696441032798324 0.42662913441238565 0.016566643405443126 0.008782547501759325
15 0.26301116538729935 0.4268437719915552 0.017997208653175157 0.009211822660098522
4 0.07753663642707606 0.4346551724137931 0.05877180739706909 0.0895777621393385
15 0.31974877878576413 0.4355629838142153 0.007257501744591765 0.01398311048557354
15 0.262662247034194 0.43865235749472203 0.01729937194696441 0.008902181562280084
15 0.3905966503838102 0.439679802955665 0.019155617585484997 0.01095707248416608
15 0.4721807397069086 0.4445847994370162 0.005073272854152128 0.01513722730471499
15 0.46108164689462666 0.4445742434904997 0.007997208653175157 0.015116115411681914
15 0.5554501046755059 0.44728008444757217 0.013900907187718076 0.007860661505981702
1 0.8965108164689463 0.46573891625615765 0.04563852058618284 0.065890218156228
20 0.09180041870202374 0.048177339901477836 0.025889741800418704 0.01612948627726953
15 0.3892986741102582 0.06029556650246306 0.009581297976273552 0.01784658691062632
15 0.17561060711793441 0.0611118930330753 0.016259595254710397 0.009627023223082336
20 0.3695115143056525 0.061481351161154114 0.02025122121423587 0.0216256157635468
20 0.34484647592463363 0.06299437016185784 0.01837404047452896 0.021836734693877553
1 0.8947592463363573 0.6782688247712879 0.007243545010467551 0.016636171710063336
1 0.9073482205163992 0.6928606615059817 0.008695045359385905 0.017670654468684027