1 0.3658121468926554 0.9179734675205856 0.027292843691148774 0.0683348581884721
1 0.24763418079096047 0.9412625800548947 0.024458568738229755 0.04354986276303751
1 0.28593926553672316 0.9423284537968892 0.022914312617702447 0.051171088746569074
1 0.14269538606403012 0.09864135407136322 0.026445386064030133 0.04906678865507777
1 0.18828389830508477 0.10998627630375114 0.04040960451977401 0.10469350411710888
15 0.2146045197740113 0.12391582799634035 0.014896421845574388 0.04106129917657823
1 0.04108050847457627 0.17710887465690758 0.027547080979284367 0.057785910338517835
1 0.14585451977401132 0.18514638609332115 0.02899717514124294 0.05739249771271729
1 0.20883003766478342 0.31247483989021047 0.0268879472693032 0.0485544373284538
15 0.1033545197740113 0.3259698078682525 0.009910546139359698 0.05541628545288198
15 0.1135593220338983 0.32589661482159193 0.011487758945386064 0.051610247026532476
1 0.2049223163841808 0.3607593778591034 0.024722222222222222 0.048142726440988104
1 0.1474646892655367 0.04075022872827081 0.029392655367231638 0.044903934126258004
15 0.13928201506591337 0.40693046660567245 0.020560263653483995 0.02703568161024703
1 0.6169420903954802 0.42664684354986276 0.035202448210922783 0.05548947849954254
15 0.13931967984934088 0.4286139066788655 0.022518832391713747 0.02282708142726441
1 0.5753366290018833 0.44486276303751143 0.022612994350282488 0.051665141811527905
15 0.13830037664783426 0.4476715462031107 0.0185969868173258 0.02434583714547118
1 0.4783545197740113 0.4906724611161939 0.024505649717514122 0.04630375114364135
15 0.20914548022598872 0.5292634949679781 0.02846045197740113 0.033824336688014635
15 0.5781214689265537 0.05940988106129918 0.023474576271186442 0.04379688929551692
1 0.2719515065913371 0.6156724611161939 0.05143596986817326 0.0675754803293687
15 0.2052165725047081 0.6683623055809698 0.01589453860640301 0.0466971637694419
15 0.1494656308851224 0.684711802378774 0.021153483992467043 0.03182067703568161
15 0.1567867231638418 0.7060933211344922 0.01978813559322034 0.02151875571820677
15 0.8324599811676083 0.7101143641354071 0.018027306967984935 0.046029277218664226
1 0.37660546139359696 0.7936596523330284 0.03004708097928437 0.08137236962488563
1 0.24176553672316384 0.8017429094236047 0.02307909604519774 0.04630375114364135
15 0.07927024482109228 0.8040347666971637 0.02012241054613936 0.02526989935956084
1 0.27161487758945385 0.8250274473924977 0.027222222222222224 0.058106129917657824