2 0.33456269757639623 0.954405737704918 0.030558482613277135 0.0706967213114754
2 0.20706006322444678 0.9641393442622951 0.0273972602739726 0.03278688524590164
2 0.24815595363540568 0.9661885245901639 0.02528977871443625 0.03483606557377049
2 0.1095890410958904 0.05584016393442623 0.029504741833508957 0.05430327868852459
2 0.15806111696522657 0.07223360655737705 0.045310853530031614 0.11577868852459017
16 0.1862486828240253 0.08811475409836066 0.016332982086406742 0.045081967213114756
2 0.010010537407797681 0.13473360655737704 0.008429926238145416 0.0625
2 0.11090621707060064 0.14856557377049182 0.0321390937829294 0.06352459016393443
2 0.17729188619599578 0.29047131147540983 0.030031612223393046 0.05430327868852459
16 0.06269757639620653 0.29866803278688525 0.011591148577449948 0.060450819672131145
16 0.07349841938883035 0.29866803278688525 0.013171759747102213 0.05635245901639344
2 0.17123287671232876 0.3432377049180328 0.0273972602739726 0.05327868852459016
2 0.11564805057955743 0.00973360655737705 0.033192834562697573 0.0194672131147541
16 0.09984193888303478 0.38780737704918034 0.022655426765015807 0.02971311475409836
2 0.6143308746048473 0.444672131147541 0.03898840885142255 0.06147540983606557
16 0.09931506849315068 0.41188524590163933 0.02476290832455216 0.02663934426229508
2 0.5695468914646997 0.46209016393442626 0.02528977871443625 0.05737704918032787
16 0.0982613277133825 0.4323770491803279 0.02054794520547945 0.02663934426229508
2 0.464172813487882 0.5030737704918032 0.0273972602739726 0.05122950819672131
16 0.17307692307692307 0.5251024590163934 0.03108535300316122 0.03790983606557377
16 0.5795574288724974 0.045081967213114756 0.026343519494204427 0.04918032786885246
2 0.23840885142255006 0.6224385245901639 0.05637513171759747 0.07684426229508197
16 0.16596417281348788 0.6741803278688525 0.01791359325605901 0.05122950819672131
16 0.1053740779768177 0.6885245901639344 0.023182297154899896 0.03483606557377049
16 0.1124868282402529 0.711577868852459 0.02160168598524763 0.0235655737704918
16 0.8414120126448894 0.7658811475409836 0.020021074815595362 0.050204918032786885
2 0.34826132771338253 0.8232581967213115 0.03371970495258166 0.08913934426229508
2 0.20258166491043203 0.8217213114754098 0.025816649104320338 0.05122950819672131
16 0.0273972602739726 0.8119877049180327 0.022128556375131718 0.027663934426229508
2 0.23472075869336143 0.8488729508196722 0.030031612223393046 0.06454918032786885