15 0.26878155589902114 0.05414621409921671 0.014121586810922205 0.008031331592689296
1 0.40920401854714067 0.5472898172323759 0.007485832045337455 0.01781723237597911
15 0.9554662545079855 0.5571801566579635 0.005729005667181865 0.015665796344647518
15 0.7717130345182895 0.5701644908616188 0.009165378670788253 0.017613577023498694
15 0.7387944358578052 0.5701644908616188 0.0072127769191138585 0.01448041775456919
15 0.7473518804739824 0.5702819843342036 0.007841318907779496 0.014715404699738904
15 0.7064167954662545 0.570396866840731 0.008402885110767646 0.014945169712793735
15 0.7141447707367337 0.5707467362924282 0.009433281813498196 0.01564490861618799
15 0.7547372488408037 0.5713838120104439 0.010247295208655333 0.014830287206266318
15 0.6823415765069551 0.5714986945169713 0.007650695517774343 0.015060052219321149
15 0.6749278722308089 0.5712375979112272 0.00827923750643998 0.014537859007832898
15 0.6994899536321484 0.5710939947780679 0.008974755280783103 0.016339425587467364
15 0.7219603297269449 0.5715587467362925 0.00960844925296239 0.01831331592689295
15 0.6672514167954663 0.5719634464751958 0.008382277176713034 0.013900783289817233
15 0.6904997424008243 0.5717023498694517 0.006450283359093251 0.01233420365535248
1 0.553768675940237 0.5720156657963447 0.015316846986089644 0.009827676240208878
15 0.7607496136012365 0.5721383812010443 0.006816074188562597 0.020516971279373367
15 0.7312648119526017 0.5727754569190601 0.005548686244204019 0.01448041775456919
15 0.8776893353941267 0.5736083550913839 0.006795466254507985 0.014057441253263709
15 0.9286888201957754 0.5762402088772846 0.008845955692941783 0.015143603133159269
15 0.9464554353426069 0.5762402088772846 0.007284904688304998 0.013054830287206266
1 0.9557985574446162 0.5762402088772846 0.008454404945904173 0.01618798955613577
15 0.5583153013910356 0.5846710182767624 0.006893353941267388 0.013206266318537859
1 0.5495569294178259 0.585070496083551 0.00792375064399794 0.015049608355091384
1 0.4342684183410613 0.5878981723237598 0.01433797011849562 0.009216710182767623
1 0.5156955177743432 0.5902323759791123 0.014389489953632149 0.010751958224543081
15 0.21519062339000516 0.06145691906005222 0.007918598660484286 0.013253263707571801
15 0.602490984028851 0.06266318537859007 0.02002575991756826 0.015665796344647518
15 0.1475399278722308 0.06306527415143603 0.01172076249356002 0.006026109660574412
1 0.3255667181865018 0.6336344647519583 0.014348274085522927 0.009827676240208878
15 0.3420221535291087 0.6363994778067885 0.007073673364245235 0.015357702349869452
1 0.35040700669757857 0.6368302872062663 0.007357032457496136 0.014130548302872062
15 0.13243688820195776 0.06406788511749348 0.015517774343122102 0.008031331592689296
15 0.4681349819680577 0.06402872062663185 0.018186501803194227 0.015263707571801568
15 0.4318109222050489 0.06463185378590078 0.019726944873776405 0.016469973890339426
1 0.32570582174137047 0.6509295039164491 0.015656877897990727 0.008908616187989556
15 0.4000257599175683 0.06527415143603134 0.017980422462648117 0.015665796344647518
15 0.9103323029366306 0.06557963446475196 0.0061360123647604325 0.015232375979112273
15 0.31789026275115917 0.06591644908616189 0.017542503863987632 0.014861618798955614
15 0.36922462648119525 0.06631853785900783 0.02026275115919629 0.015665796344647518
1 0.9029572385368367 0.06597127937336815 0.007872230808861411 0.013926892950391645
1 0.9192941782586296 0.06618798955613577 0.007573415765069551 0.014360313315926894
1 0.8949484801648635 0.0670574412532637 0.007310664605873261 0.016099216710182766
1 0.971259659969088 0.6637075718015666 0.015677485832045337 0.009399477806788513
1 0.9710638845955694 0.6720626631853786 0.015285935085007729 0.00835509138381201
1 0.09052292632663576 0.6777859007832898 0.007939206594538898 0.017712793733681464
1 0.10747552807831015 0.678402088772846 0.0068109222050489445 0.013723237597911228
1 0.1322282328696548 0.6786762402088773 0.00891808346213292 0.014271540469973889
1 0.14011849562081402 0.6794229765013055 0.007181865018031942 0.013676240208877284
15 0.09892065945388974 0.6792976501305483 0.007217928902627511 0.015514360313315927
15 0.08315558990211232 0.6793890339425588 0.008660484286450283 0.014652741514360313
1 0.11613086038124677 0.6798511749347258 0.009696032972694488 0.015577023498694517
1 0.12437145801133437 0.6797597911227155 0.008660484286450283 0.01539425587467363
1 0.9713137557959814 0.6809399477806789 0.013724884080370944 0.00835509138381201
1 0.9706749098402885 0.6885117493472585 0.014507985574446162 0.008877284595300261
1 0.06091962905718702 0.06933159268929505 0.017769191138588356 0.006026109660574412
9 0.652359608449253 0.692934725848564 0.10739824832560536 0.12007310704960836
1 0.15138845955692942 0.6962924281984335 0.010144255538382278 0.01503916449086162
1 0.15909840288511076 0.69711227154047 0.008047398248325606 0.014590078328981723
15 0.1409402369912416 0.6969268929503917 0.0067645543534260695 0.014219321148825065
15 0.10127511591962905 0.6975430809399478 0.008835651725914476 0.016496083550913837
15 0.09338227717671303 0.6979895561357703 0.0085059247810407 0.014255874673629243
15 0.1244925296239052 0.6980626631853786 0.008902627511591963 0.014402088772845953
15 0.11698608964451314 0.697822454308094 0.0093456980937661 0.012877284595300261
15 0.10927872230808862 0.6984543080939948 0.009386913961875321 0.014140992167101827
15 0.13382019577537352 0.6996866840731071 0.011071612570839773 0.01660574412532637
1 0.3260922205048944 0.7298720626631854 0.01642967542503864 0.010135770234986945
9 0.24991756826378156 0.7305248041775456 0.049551777434312216 0.10125848563968669
9 0.12216640906749099 0.7442036553524805 0.08256053580628542 0.05550913838120104
15 0.31551777434312206 0.7612584856396867 0.0158887171561051 0.008156657963446475
15 0.30963163317877385 0.7715065274151436 0.015450798557444615 0.00880939947780679
15 0.30980164863472437 0.7808093994778068 0.015790829469345697 0.006527415143603133
15 0.625548686244204 0.7822845953002611 0.006378155589902112 0.013655352480417753
15 0.632300360638846 0.7827676240208877 0.00648634724368882 0.015665796344647518
15 0.6172488408037093 0.7829686684073107 0.007295208655332303 0.016067885117493474
15 0.6481221020092737 0.78288772845953 0.007217928902627511 0.014861618798955614
15 0.6408062854198867 0.783490861618799 0.007011849562081401 0.016067885117493474
1 0.664214322514168 0.783088772845953 0.00642967542503864 0.015263707571801568
1 0.6554070066975786 0.7838511749347259 0.006331787738279237 0.013655352480417753
1 0.5824240082431735 0.7836919060052219 0.008742916022668726 0.016469973890339426
1 0.5893688820195775 0.7841723237597912 0.0061463163317877385 0.013253263707571801
15 0.598650180319423 0.7852976501305483 0.007192168985059248 0.014459530026109661
15 0.281854714064915 0.7891958224543081 0.020690365790829467 0.0055456919060052215
15 0.25210973724884084 0.7894595300261097 0.03229778464708913 0.008161879895561358
15 0.16449510561566205 0.7920443864229766 0.006476043276661515 0.012287206266318539
15 0.09258629572385368 0.7919817232375979 0.0058835651725914475 0.013206266318537859
15 0.14799072642967542 0.7921357702349869 0.006439979392065945 0.013514360313315927
15 0.1082509015971149 0.7923812010443865 0.006300875837197321 0.015049608355091384
15 0.14039412673879442 0.7925039164490861 0.006702730551262236 0.013206266318537859
15 0.1006156620298815 0.7925665796344648 0.00648634724368882 0.012287206266318539
15 0.156661514683153 0.7925039164490861 0.006264811952601752 0.013206266318537859
15 0.07633178773827924 0.7928746736292428 0.005316846986089645 0.012903394255874674
15 0.1727666151468315 0.7929973890339426 0.006532715095311695 0.011060052219321149
15 0.06058475012879959 0.7931488250652742 0.004734672849046883 0.011362924281984335
15 0.06864760432766616 0.7928433420365536 0.005404430705821741 0.010751958224543081
15 0.08442812982998454 0.7930261096605744 0.006053580628541989 0.013206266318537859
15 0.12428387429160227 0.7929033942558747 0.006424523441524987 0.009827676240208878
1 0.052833590932509014 0.7933342036553525 0.006749098402885111 0.013822454308093994
15 0.11641679546625451 0.7934569190600522 0.0061463163317877385 0.01197911227154047
15 0.13261463163317877 0.7936109660574413 0.00556929417825863 0.012287206266318539
15 0.22389489953632147 0.7947127937336814 0.016053580628541987 0.007180156657963447
15 0.6864374034003091 0.8029608355091384 0.008629572385368366 0.014276762402088772
15 0.7018959299330243 0.8037597911227155 0.007604327666151468 0.014830287206266318
15 0.6785651725914478 0.8036945169712794 0.00628026790314271 0.012610966057441253
15 0.7102859350850077 0.8041853785900783 0.007897990726429676 0.013592689295039165
15 0.6939258114374034 0.8041697127937336 0.00815043791859866 0.013561357702349869
15 0.6713137557959814 0.8045718015665797 0.00723338485316847 0.013321148825065274
15 0.5992632663575477 0.8056240208877284 0.007387944358578052 0.016469973890339426
1 0.5823724884080371 0.8059451697127937 0.00657908294693457 0.016067885117493474
15 0.5896960329726945 0.8061853785900783 0.0057702215352910865 0.014459530026109661
15 0.11706594538897475 0.8114046997389034 0.009505409582689335 0.017587467362924283
1 0.14897217928902626 0.8120574412532636 0.008402885110767646 0.015759791122715406
1 0.1573750643997939 0.8121879895561357 0.009752704791344668 0.01602088772845953
1 0.1330345182895415 0.8118302872062663 0.010530654301906235 0.014261096605744124
1 0.1417928902627512 0.812710182767624 0.009500257599175683 0.017065274151436032
1 0.10792375064399794 0.813331592689295 0.008737764039155075 0.015174934725848563
1 0.17469603297269448 0.8130365535248041 0.00936115404430706 0.01458485639686684
1 0.1263395157135497 0.8133968668407311 0.009505409582689335 0.014261096605744124
1 0.16587326120556414 0.8131044386422976 0.00923235445646574 0.01889817232375979
1 0.6227640391550747 0.8243420365535248 0.005960844925296239 0.014219321148825065
1 0.6390932509015971 0.8251775456919059 0.006676970633693972 0.013801566579634465
15 0.6543663060278208 0.82533681462141 0.00940236991241628 0.015164490861618798
15 0.6623518804739825 0.82533681462141 0.008887171561051005 0.015164490861618798
15 0.6307238536836681 0.8258851174934726 0.006424523441524987 0.014172323759791123
1 0.6467130345182895 0.826041775456919 0.008521380731581658 0.015530026109660573
15 0.6697192168985059 0.82622454308094 0.008165893869139618 0.01589556135770235
1 0.5742606903657909 0.8283603133159269 0.007872230808861411 0.012856396866840732
1 0.5897192168985059 0.828313315926893 0.008907779495105616 0.01589556135770235
1 0.5980448222565689 0.8294099216710182 0.008042246264811953 0.0149556135770235
15 0.28900566718186504 0.8351488250652741 0.015414734672849048 0.0076344647519582245
15 0.16098145285935084 0.8420939947780678 0.009752704791344668 0.016302872062663183
15 0.12749871200412158 0.8422245430809399 0.009763008758371973 0.01656396866840731
15 0.13599690880989182 0.8425822454308094 0.011303451828954147 0.016234986945169713
15 0.143338485316847 0.842289817232376 0.010530654301906235 0.01565013054830287
15 0.1518366821226172 0.842485639686684 0.012071097372488408 0.01708616187989556
15 0.11964193714580112 0.8433994778067885 0.009505409582689335 0.015780678851174935
1 0.5931195260175167 0.8484751958224542 0.017769191138588356 0.01235509138381201
1 0.5731581658938691 0.8488041775456919 0.018031942297784646 0.008835509138381202
1 0.592091705306543 0.8488041775456919 0.015713549716640907 0.008835509138381202
1 0.604896960329727 0.8488407310704961 0.01762493560020608 0.009953002610966056
1 0.573338485316847 0.8494151436031332 0.01736218444100979 0.007968668407310704
15 0.4953992787223081 0.8524595300261096 0.007800103039670273 0.014057441253263709
1 0.521112828438949 0.8525404699738903 0.007707367336424524 0.015263707571801568
15 0.46273827923750643 0.8529033942558747 0.006362699639361154 0.012856396866840732
1 0.4712055641421948 0.8527806788511749 0.0057805255023183925 0.013655352480417753
15 0.4468933539412674 0.85322454308094 0.0158887171561051 0.017676240208877286
15 0.5036373003606388 0.8529425587467363 0.007789799072642967 0.016067885117493474
15 0.24208912931478618 0.8539060052219322 0.007104585265327151 0.014861618798955614
15 0.42919371458011335 0.8538250652741515 0.0062493560020607936 0.013655352480417753
15 0.22996651210716126 0.8556344647519583 0.018923235445646572 0.01727415143603133
1 0.11202472952086553 0.8583002610966057 0.006635754765584751 0.013206266318537859
15 0.21276403915507472 0.8614569190600523 0.013369397217928902 0.008031331592689296
4 0.7739567233384853 0.8767963446475197 0.05486862442040186 0.22043342036553523
4 0.8744049459041732 0.8895195822454308 0.04968572900566718 0.20410443864229766
15 0.9238923235445647 0.9344647519582245 0.007496136012364761 0.014099216710182768
15 0.9321354971664091 0.9355091383812011 0.007496136012364761 0.018276762402088774
1 0.9215790829469346 0.974934725848564 0.009052035033487893 0.018798955613577025
1 0.9319963936115405 0.9751958224543081 0.005157135497166409 0.014099216710182768
15 0.9368959299330243 0.1289817232375979 0.013925811437403401 0.010443864229765013
15 0.2603606388459557 0.1310313315926893 0.013766099948480165 0.007232375979112271
15 0.26044307058217414 0.13930548302872062 0.014961360123647604 0.006026109660574412
15 0.20334363730036065 0.15191906005221933 0.014106130860381247 0.007232375979112271
15 0.26089386913961876 0.15360574412532635 0.015862957238536837 0.01687206266318538
15 0.21991756826378156 0.15497127937336813 0.016342091705306542 0.02169190600522193
15 0.44636269963936115 0.15883289817232377 0.015857805255023186 0.009571801566579633
15 0.4466795466254508 0.16766840731070495 0.014430705821741371 0.007399477806788512
1 0.44581143740340035 0.17432637075718013 0.014755280783101494 0.0060939947780678854
15 0.12512107161257086 0.174733681462141 0.016342091705306542 0.010041775456919061
15 0.13984028851107677 0.17597911227154048 0.013838227717671302 0.005221932114882507
15 0.24892838742916024 0.18112010443864232 0.01357032457496136 0.009237597911227155
1 0.44763008758371975 0.18202872062663183 0.015301391035548687 0.010010443864229767
15 0.19677228232869656 0.1865430809399478 0.007145801133436372 0.014861618798955614
1 0.2056749098402885 0.1871853785900783 0.007434312210200927 0.014057441253263709
15 0.1888382277176713 0.18834986945169713 0.006733642452344152 0.013253263707571801
15 0.7056362699639361 0.18979634464751957 0.005811437403400309 0.014057441253263709
15 0.6969113858835652 0.1902402088772846 0.006908809891808346 0.012856396866840732
1 0.44640649149922723 0.19173107049608357 0.013884595569294177 0.009571801566579633
15 0.4458964451313756 0.20078328981723237 0.013894899536321483 0.007832898172323759
15 0.1828438948995363 0.21036292428198436 0.008140133951571355 0.014459530026109661
15 0.1902756311179804 0.21036292428198436 0.006517259144770737 0.014459530026109661
15 0.12509015971148893 0.21530548302872063 0.015249871200412159 0.0076344647519582245
1 0.26775888717156104 0.2187597911227154 0.007954662545079856 0.012454308093994778
15 0.1254688304997424 0.22566840731070495 0.017037609479649666 0.006428198433420366
1 0.4403271509531169 0.23169973890339424 0.015121071612570841 0.010135770234986945
15 0.5949922720247296 0.23159268929503918 0.02357547655847501 0.018276762402088774
15 0.5757985574446162 0.23154830287206268 0.008887171561051005 0.016099216710182766
15 0.8727614631633178 0.23313838120104438 0.01960844925296239 0.019279373368146214
15 0.6175682637815559 0.23394255874673628 0.019268418341061307 0.020887728459530026
15 0.6371535291087068 0.23481201044386424 0.017223080886141166 0.017404699738903393
15 0.6602318392581144 0.23590078328981723 0.006707882534775889 0.014360313315926894
1 0.6529546625450798 0.23590078328981723 0.00657908294693457 0.014360313315926894
9 0.35406491499227205 0.23670757180156657 0.15274600721277692 0.14861096605744123
4 0.03941267387944358 0.025804177545691906 0.0633693972179289 0.033853785900783286
4 0.7267207624935601 0.0263289817232376 0.3941937145801133 0.0526579634464752
15 0.1514528593508501 0.2645509138381201 0.007181865018031942 0.015263707571801568
4 0.39825862957238534 0.02702349869451697 0.26277176713034517 0.05404699738903394
1 0.2267851622874807 0.2698537859007833 0.007408552292632664 0.01124804177545692
1 0.43987120041215866 0.2712950391644908 0.008026790314270994 0.014130548302872062
15 0.2416434827408552 0.2753159268929504 0.007243688820195776 0.014861618798955614
4 0.16045595054095826 0.02841514360313316 0.15089644513137557 0.03176501305483029
15 0.0870298815043792 0.028681462140992167 0.006105100463678516 0.017676240208877286
15 0.07883307573415764 0.02956396866840731 0.006197836166924265 0.015263707571801568
15 0.4376275115919629 0.30861618798955615 0.01590417310664606 0.015665796344647518
9 0.9206594538897476 0.3089947780678851 0.10097887686759402 0.12921671018276762
15 0.82456980937661 0.31070496083550914 0.016991241628026788 0.020887728459530026
15 0.6686398763523956 0.31086684073107046 0.008068006182380216 0.018078328981723235
15 0.7111179804224627 0.31094516971279373 0.006470891293147862 0.014057441253263709
15 0.7235059247810407 0.3121514360313316 0.007547655847501288 0.016469973890339426
15 0.732995878413189 0.3121906005221932 0.005919629057187017 0.014459530026109661
15 0.22561823802163833 0.03137075718015666 0.013317877382792376 0.008433420365535247
1 0.19929933024214322 0.3142402088772846 0.006017516743946419 0.016469973890339426
15 0.24530654301906232 0.32335770234986944 0.005296239052035033 0.014861618798955614
15 0.2366718186501803 0.3237597911227154 0.007604327666151468 0.015665796344647518
1 0.2536707882534776 0.3233185378590078 0.007599175682637816 0.011650130548302872
15 0.8245131375579599 0.3287415143603133 0.016877897990726427 0.01727415143603133
1 0.7807831014940753 0.32922193211488254 0.0077279752704791345 0.014057441253263709
15 0.730533230293663 0.33006527415143605 0.01851107676455435 0.01887728459530026
1 0.3420968572900567 0.3306109660574413 0.015466254507985574 0.009524804177545691
15 0.766275115919629 0.330509138381201 0.01786707882534776 0.017676240208877286
15 0.7038691396187532 0.33090861618798956 0.008459556929417827 0.013253263707571801
15 0.796187532199897 0.33074934725848565 0.01792890262751159 0.016067885117493474
15 0.57086038124678 0.3317780678851175 0.018588356517259146 0.01812532637075718
15 0.5911772282328696 0.33168407310704956 0.019036579082946935 0.016892950391644908
15 0.620978876867594 0.3317780678851175 0.01990726429675425 0.01812532637075718
15 0.27664348274085526 0.3329738903394256 0.013359093250901597 0.007984334203655352
15 0.2901983513652756 0.33294516971279375 0.013678516228748069 0.005838120104438642
15 0.3013678516228748 0.33696866840731066 0.0071664090674909845 0.015973890339425586
1 0.3423776403915507 0.3386579634464752 0.014997424008243174 0.008908616187989556
1 0.3233487892838743 0.3391801566579634 0.01506439979392066 0.008908616187989556
15 0.4724137042761463 0.3390574412532637 0.015409582689335394 0.010751958224543081
15 0.4149433281813498 0.35757963446475194 0.009690880989180833 0.017509138381201043
15 0.8860587326120556 0.3843342036553525 0.007047913446676971 0.015665796344647518
1 0.291913961875322 0.3924882506527415 0.007836166924265843 0.015263707571801568
1 0.5379134466769706 0.4023289817232376 0.015548686244204019 0.008835509138381202
1 0.10689335394126738 0.4042767624020888 0.016980937660999486 0.010642297650130549
1 0.0899304482225657 0.405135770234987 0.014997424008243174 0.011315926892950393
15 0.6573750643997939 0.4050600522193212 0.00820710973724884 0.01847519582245431
15 0.6722797527047913 0.4053028720626632 0.008134981968057701 0.01687206266318538
9 0.3530396702730551 0.4069869451697128 0.09711488923235445 0.11632375979112271
15 0.5374652241112828 0.4113263707571802 0.01465224111282844 0.008031331592689296
15 0.5958449252962391 0.41767362924281987 0.018068006182380216 0.019681462140992166
15 0.5369963936115404 0.42137075718015665 0.014744976816074189 0.007232375979112271
1 0.4130783101494075 0.4229451697127938 0.010082431736218445 0.018736292428198433
15 0.7176197836166924 0.4290809399477807 0.007109737248840804 0.013253263707571801
1 0.5388073158165894 0.43012532637075723 0.01424523441524987 0.008031331592689296
15 0.16030654301906233 0.4301018276762402 0.01870685213807316 0.011117493472584856
1 0.11079340546110253 0.43548825065274155 0.0175682637815559 0.009357702349869452
1 0.12994332818134982 0.4356266318537859 0.01774343122102009 0.009634464751958224
1 0.09092478104070068 0.4371096605744126 0.015955692941782586 0.008422976501305482
1 0.1618624420401855 0.4407597911227154 0.01769706336939722 0.006323759791122715
1 0.1833487892838743 0.44109660574412535 0.018423493044822256 0.008041775456919061
1 0.1103323029366306 0.44567362924281984 0.017676455435342606 0.007796344647519582
1 0.13148892323544564 0.4461018276762402 0.013621844410097889 0.007608355091383812
1 0.09103297269448737 0.4461801566579634 0.015141679546625451 0.006720626631853786
1 0.18399278722308088 0.44790078328981725 0.01765069551777434 0.009117493472584857
1 0.1603529108706852 0.45139425587467363 0.014678001030396702 0.007749347258485639
1 0.13013395157135496 0.45462663185378593 0.016063884595569296 0.008992167101827675
1 0.09235960844925296 0.4549608355091384 0.014703760947964967 0.006527415143603133
1 0.1103323029366306 0.45647258485639686 0.015615662029881504 0.007462140992167101
15 0.2691318907779495 0.04599216710182768 0.01482225656877898 0.008433420365535247
1 0.16094281298299845 0.45967624020887726 0.013797011849562082 0.006558746736292429
1 0.11029623905203503 0.4644960835509138 0.013482740855229264 0.006798955613577023
1 0.09169757856774859 0.46498172323759795 0.01647089129314786 0.008814621409921671
15 0.40014425553838223 0.4665039164490862 0.024399793920659454 0.007681462140992168
1 0.16116434827408552 0.46652741514360313 0.01733127253992787 0.00772845953002611
1 0.09223080886141165 0.47481201044386423 0.01650695517774343 0.008631853785900784
1 0.16101494075218958 0.4763159268929504 0.01497166409067491 0.007462140992167101
1 0.18728748068006182 0.4762610966057441 0.014966512107161257 0.007352480417754569
1 0.40699639361154044 0.47667101827676245 0.014404945904173107 0.009216710182767623
1 0.16108964451313756 0.4850208877284596 0.01615146831530139 0.008161879895561358
1 0.18632921174652242 0.48528198433420366 0.016141164348274086 0.008684073107049608
1 0.0925785677485832 0.48578067885117493 0.020293663060278206 0.009681462140992166
15 0.8550103039670274 0.4907415143603133 0.006774858320453375 0.016469973890339426
15 0.7444719216898505 0.4945169712793734 0.00826378155589902 0.015665796344647518
15 0.7709711488923235 0.4948772845953003 0.0066512107161257085 0.013253263707571801
15 0.7617465224111283 0.49576240208877287 0.006749098402885111 0.016067885117493474
15 0.02782328696548171 0.05021148825065274 0.009278722308088615 0.01687206266318538
15 0.10770221535291087 0.5073394255874674 0.01859866048428645 0.009979112271540469
15 0.8848583204533745 0.5077336814621409 0.00773827923750644 0.012856396866840732
15 0.8751159196290571 0.5077336814621409 0.007831014940752189 0.018078328981723235
15 0.6949227202472952 0.5100078328981723 0.008083462132921174 0.014271540469973889
1 0.09090417310664606 0.5102689295039164 0.015914477073673366 0.012704960835509137
15 0.7023286965481711 0.5106187989556136 0.00743946419371458 0.013404699738903396
15 0.7188536836682123 0.5106187989556136 0.00648634724368882 0.013404699738903396
15 0.7338485316846987 0.5105483028720627 0.0076249356002060795 0.014308093994778066
15 0.7258088614116435 0.5108955613577023 0.005971148892323545 0.01395822454308094
15 0.7631401339515714 0.5108798955613577 0.0085059247810407 0.013926892950391645
15 0.7519165378670788 0.5114543080939947 0.00975785677485832 0.0182088772845953
15 0.7426584234930448 0.5114699738903394 0.0077279752704791345 0.015107049608355091
15 0.7722179289026275 0.5112976501305483 0.009144770736733643 0.013718015665796345
15 0.7109170530654303 0.5120809399477807 0.008129829984544049 0.0173733681462141
15 0.6860278207109737 0.5124281984334204 0.007810407006697578 0.013890339425587468
1 0.17934054611025246 0.5170783289817232 0.014528593508500772 0.008569190600522194
15 0.12907779495105615 0.5181984334203655 0.017042761463163317 0.008720626631853785
15 0.16237764039155075 0.5217415143603134 0.01769706336939722 0.007451697127937336