15 0.2394051553205552 0.10348258706467661 0.01615333773959022 0.009950248756218905
15 0.5437673496364839 0.1077960199004975 0.019458030403172507 0.010616915422885571
15 0.2124983476536682 0.11201990049751244 0.00463978849966953 0.023044776119402983
15 0.22043291473892926 0.11998009950248756 0.004646397884996696 0.023044776119402983
15 0.19522802379378718 0.12097512437810945 0.021652346331791143 0.01309452736318408
15 0.24894910773298085 0.12280597014925373 0.008803701255783213 0.026706467661691543
15 0.6028255122273629 0.12338308457711443 0.013317911434236615 0.009950248756218905
1 0.5378155981493721 0.12471144278606965 0.02209517514871117 0.014597014925373134
1 0.26074355584930603 0.1250597014925373 0.01124256444150694 0.027233830845771145
15 0.643813615333774 0.13100995024875622 0.008050231328486451 0.027194029850746267
1 0.15743886318572373 0.135636815920398 0.010846001321877066 0.03246766169154229
15 0.6010608063450099 0.13598507462686565 0.015076007931262392 0.007293532338308458
15 0.1348909451421018 0.1364776119402985 0.008050231328486451 0.02618905472636816
15 0.14515532055518837 0.13919900497512439 0.008750826173165896 0.025661691542288555
1 0.9068671513549239 0.141955223880597 0.0212690019828156 0.015253731343283582
9 0.4872438863185724 0.14334825870646767 0.04520819563780569 0.0677910447761194
15 0.6010608063450099 0.14660199004975125 0.015076007931262392 0.008626865671641792
9 0.5732980832782552 0.1472636815920398 0.04415069398545935 0.06567164179104477
9 0.21676140118968934 0.1543233830845771 0.038281559814937215 0.04397014925373134
1 0.30810641110376735 0.15532835820895521 0.009471249173826834 0.02408955223880597
9 0.32212822207534697 0.15503980099502487 0.013721083939193655 0.025502487562189053
1 0.06013218770654329 0.15590547263681592 0.025089226701916722 0.01728358208955224
9 0.10410112359550562 0.15611442786069651 0.03900198281559815 0.055512437810945274
15 0.24561136814276274 0.15658706467661693 0.008737607402511567 0.02461691542288557
15 0.27351949768671513 0.1571592039800995 0.007713152676801057 0.027751243781094528
1 0.13784864507600794 0.15742288557213932 0.013965631196298744 0.008378109452736319
15 0.2544844679444812 0.1578407960199005 0.006655651024454726 0.025134328358208956
15 0.2635657633840053 0.1578955223880597 0.006311962987442168 0.027233830845771145
15 0.29516192994051554 0.1583134328358209 0.007376074025115665 0.02408955223880597
1 0.13965631196298744 0.17617412935323384 0.0070059484467944475 0.022
15 0.15005948446794448 0.17742786069651742 0.00666226040978189 0.022517412935323382
15 0.16102115003304693 0.177273631840796 0.00875743555849306 0.02618905472636816
15 0.19174487772637144 0.18517910447761193 0.00807666886979511 0.02408955223880597
1 0.44732319894249833 0.202363184079602 0.006345009914077991 0.018656716417910446
1 0.15552544613350958 0.20408457711442785 0.026847323198942497 0.014139303482587065
1 0.1578916060806345 0.2215771144278607 0.028935888962326503 0.01728358208955224
15 0.44711830799735625 0.22518905472636816 0.005935228023793787 0.020527363184079602
1 0.4591407799074686 0.23078606965174128 0.015439524124256443 0.011820895522388061
15 0.31415399867812294 0.23184079601990049 0.01495703899537343 0.009950248756218905
1 0.4271612690019828 0.23887064676616915 0.016252478519497685 0.008089552238805971
1 0.6903106411103768 0.24577114427860697 0.008512888301387972 0.027860696517412936
15 0.4271612690019828 0.2511194029850746 0.016252478519497685 0.008706467661691543
15 0.6010608063450099 0.25472636815920396 0.017719762062128223 0.011940298507462687
15 0.45459682749504293 0.2676616915422886 0.012961004626569728 0.009950248756218905
15 0.60150363516193 0.26899004975124374 0.015961665565102444 0.008626865671641792
15 0.8191176470588235 0.27007960199004977 0.0189358889623265 0.016776119402985075
15 0.7214144084600133 0.2702537313432836 0.023132848645076007 0.019114427860696517
15 0.60150363516193 0.27761194029850744 0.01463978849966953 0.007960199004975124
1 0.6788532716457369 0.27827363184079607 0.014679444811632518 0.00928358208955224
1 0.7758162590879047 0.2796019900497512 0.016933245208195637 0.007960199004975124
15 0.4499272967614012 0.2865671641791045 0.007587574355584931 0.01990049751243781
15 0.45881031064111033 0.2865074626865672 0.005525446133509583 0.021771144278606963
15 0.6788532716457369 0.28955223880597014 0.013357567746199605 0.005970149253731343
15 0.60150363516193 0.28988557213930344 0.015961665565102444 0.008626865671641792
15 0.7749339061467283 0.29120895522388063 0.013846662260409781 0.007293532338308458
15 0.6008426966292135 0.3004975124378109 0.01728354263053536 0.009950248756218905
15 0.7712458691341705 0.3057512437810945 0.02101123595505618 0.01846766169154229
15 0.6744646397884997 0.30669651741293535 0.02176470588235294 0.01637810945273632
15 0.599960343688037 0.3111094527363184 0.014196959682749505 0.007293532338308458
9 0.7095703899537342 0.32138805970149253 0.03513549239920687 0.06566169154228856
15 0.5986384666226041 0.32172636815920397 0.01551883674818242 0.008626865671641792
9 0.8053304692663582 0.32406965174129354 0.03366159947124917 0.07102487562189054
1 0.09405816259087905 0.3243233830845771 0.026847323198942497 0.017800995024875622
1 0.740998017184402 0.3247114427860696 0.02 0.010616915422885571
1 0.8396530072703239 0.3250398009950249 0.021672174487772637 0.01923383084577114
15 0.128955717118308 0.3323930348258707 0.00807666886979511 0.022
15 0.15271976206212823 0.33306965174129355 0.006695307336417713 0.01937313432835821
15 0.15929610046265696 0.33254726368159204 0.005307336417713152 0.018328358208955224
15 0.13769001982815599 0.33343781094527364 0.007038995373430271 0.02408955223880597
15 0.5977561136814276 0.33399502487562194 0.013754130865829477 0.00928358208955224
9 0.5294051553205552 0.33656218905472635 0.11763384005287508 0.17959203980099503
1 0.6779709187045605 0.33764676616915423 0.012914738929279577 0.032507462686567165
1 0.7755948446794447 0.3383084577114428 0.009881031064111038 0.03781094527363184
9 0.2828750826173166 0.3397512437810945 0.07269001982815598 0.19791044776119404
9 0.3682154659616656 0.3397661691542289 0.07284864507600793 0.19595024875621891
15 0.08984798413747522 0.34427860696517415 0.017105089226701915 0.009950248756218905
9 0.05766358228684733 0.3454825870646766 0.03204890945142102 0.058129353233830845
15 0.6001817580964971 0.3469303482587065 0.015961665565102444 0.007293532338308458
15 0.7445208195637806 0.34801492537313433 0.020436219431592864 0.017422885572139304
15 0.8431196298744218 0.34971144278606964 0.019352280237937874 0.01683582089552239
15 0.5986384666226041 0.3578756218905473 0.01551883674818242 0.00928358208955224
15 0.7455816259087905 0.36359701492537316 0.01727032385988103 0.014756218905472638
1 0.6762095175148711 0.3658358208955224 0.02922009253139458 0.0132636815920398
1 0.7749339061467283 0.3668308457711443 0.02706543291473893 0.015253731343283582
15 0.8434534038334435 0.3664676616915423 0.02001982815598149 0.014527363184079602
15 0.821566424322538 0.3679154228855721 0.021189689358889624 0.015432835820895522
15 0.7231526768010575 0.36837313432835816 0.02 0.016348258706467663
15 0.10800727032385987 0.37302985074626865 0.009801718440185063 0.025661691542288555
1 0.08894249834765366 0.3742885572139304 0.020581625908790483 0.016238805970149255
9 0.1390846001321877 0.37617412935323385 0.03626569729015201 0.06180099502487562
15 0.7977825512227363 0.38441293532338305 0.017243886318572373 0.010616915422885571
15 0.7018605419695968 0.3839452736318408 0.018393919365499008 0.011671641791044777
15 0.722230667547918 0.38473134328358205 0.016834104428288168 0.011253731343283583
15 0.8195968274950429 0.3847412935323383 0.017250495703899537 0.01127363184079602
15 0.6810541969596827 0.4 0.009828155981493721 0.029850746268656716
15 0.6689358889623265 0.4 0.009385327164573694 0.025870646766169153
15 0.777065432914739 0.4003333333333333 0.00885657633840053 0.028527363184079602
15 0.7667085261070721 0.4009950248756219 0.007970918704560476 0.025870646766169153
15 0.08821216126900198 0.40429353233830845 0.017799074686054198 0.012567164179104478
1 0.4098050231328486 0.4073980099502488 0.00797752808988764 0.0267363184079602
15 0.1352742894910773 0.041791044776119404 0.01674818241903503 0.009950248756218905
15 0.14012227362855253 0.4219452736318408 0.005294117647058823 0.022
15 0.1472207534699273 0.4228855721393035 0.004950429610046266 0.01990049751243781
1 0.8210310641110377 0.4232835820895522 0.024084600132187706 0.05651741293532338
1 0.7973793787177792 0.4242786069651741 0.023046926635822865 0.060497512437810944
1 0.09273628552544613 0.4362935323383085 0.026847323198942497 0.018855721393034826
15 0.14708526107072042 0.4390149253731343 0.012610707204230005 0.008378109452736319
15 0.5710905485789821 0.43980099502487563 0.013298083278255123 0.009950248756218905
15 0.13334104428288168 0.4394875621890547 0.011559814937210838 0.007333333333333333
15 0.47611037673496365 0.4414577114427861 0.0057567746199603444 0.021223880597014924
1 0.11375082617316588 0.44755223880597017 0.014679444811632518 0.04137313432835821
15 0.21178783873099802 0.045298507462686564 0.016437541308658297 0.010995024875621892
15 0.33927296761401193 0.4496268656716418 0.008354263053536022 0.0236318407960199
15 0.6755122273628552 0.4508805970149254 0.01196298744216788 0.04006965174129354
15 0.7718043621943159 0.45095024875621886 0.01287508261731659 0.03622885572139303
15 0.7506014540647721 0.45181094527363186 0.012769332452081956 0.04392039800995025
15 0.4281097157964309 0.45416915422885573 0.007574355584930602 0.026746268656716417
15 0.8472901520158626 0.45327860696517414 0.0131526768010575 0.04088557213930349
1 0.7949900859220093 0.4633482587064677 0.024877726371447455 0.025203980099502487
1 0.13222736285525447 0.4678208955223881 0.013298083278255123 0.036139303482587065
1 0.14844018506278917 0.46928358208955223 0.013998678122934568 0.03508457711442786
15 0.36625578321216123 0.049129353233830844 0.005479180436219431 0.018656716417910446
1 0.8630270984798414 0.4890099502487562 0.016867151354923993 0.008865671641791044
15 0.3583212161269002 0.05043781094527363 0.005472571050892267 0.019283582089552238
15 0.3480766688697951 0.5001243781094528 0.015386649041639128 0.011194029850746268
9 0.04071711830799736 0.5080895522388059 0.041777924653007274 0.045034825870646764
9 0.3792894910773298 0.5090248756218906 0.043443489755452744 0.023024875621890546
15 0.4093522802379379 0.5110696517412935 0.015003304692663581 0.011194029850746268
15 0.34786847323198944 0.5149900497512439 0.01497025776602776 0.013064676616915424
15 0.5208460013218771 0.5157562189054726 0.013271645736946463 0.010616915422885571
15 0.5208460013218771 0.5267014925373135 0.013271645736946463 0.008626865671641792
15 0.42530072703238603 0.5279850746268657 0.005922009253139459 0.021144278606965175
15 0.4171183079973563 0.5296019900497513 0.0067415730337078645 0.022388059701492536
1 0.34638136153337745 0.5306616915422886 0.013317911434236615 0.010577114427860697
15 0.40522141440846005 0.5334577114427861 0.01335095836087244 0.01616915422885572
15 0.504319233311302 0.5369800995024875 0.017230667547918042 0.01127363184079602
15 0.5204064771976207 0.5369800995024875 0.012392597488433575 0.007293532338308458
15 0.39377395902181095 0.5383731343283583 0.0063185723727693325 0.018039800995024873
15 0.3807567746199604 0.5393034825870647 0.006721744877726372 0.01990049751243781
1 0.3874520819563781 0.5397363184079601 0.00424983476536682 0.016786069651741294
1 0.34725049570389954 0.5439701492537314 0.013734302709847985 0.009333333333333334
15 0.0345902181097158 0.5441194029850747 0.008374091209517515 0.023562189054726367
1 0.02530072703238599 0.5459004975124379 0.00697951090548579 0.025134328358208956
1 0.5411202908129544 0.5558855721393035 0.015485789821546596 0.01127363184079602
15 0.09198612029081296 0.056034825870646766 0.004196959682749504 0.022517412935323382
1 0.18013879709187047 0.563865671641791 0.012623925974884336 0.007333333333333333
1 0.3884038334434897 0.5669154228855722 0.02862524785194977 0.017412935323383085
15 0.08461004626569728 0.056507462686567166 0.006629213483146067 0.021472636815920397
15 0.5142630535360212 0.05777611940298507 0.014646397884996696 0.008089552238805971
9 0.26652346331791144 0.5684527363184079 0.12723066754791804 0.19163184079601991
15 0.15931592861863847 0.05870646766169154 0.006668869795109055 0.01990049751243781
1 0.7570687376074025 0.5784577114427861 0.013807005948446794 0.010646766169154227
15 0.1827825512227363 0.5833482587064677 0.006014540647719762 0.020427860696517416
1 0.39245208195637804 0.5838308457711443 0.012927957699933905 0.007462686567164179
15 0.687666886979511 0.5844129353233831 0.016444150693985457 0.010616915422885571
15 0.13864838070059485 0.05881094527363184 0.006311962987442168 0.02408955223880597
15 0.28388631857237273 0.05870646766169154 0.005974884335756774 0.01990049751243781
15 0.16623925974884338 0.059019900497512434 0.005974884335756774 0.022517412935323382
1 0.7565697290152016 0.5896417910447761 0.015452742894910772 0.009134328358208954
15 0.6277263714474554 0.595358208955224 0.00495703899537343 0.024547263681592043
1 0.12453734302709848 0.5957562189054727 0.016424322538003966 0.009422885572139304
15 0.6389656311962988 0.596681592039801 0.010251156642432254 0.021223880597014924
15 0.6874454725710509 0.5976766169154228 0.014679444811632518 0.01127363184079602
15 0.145482485128883 0.6029303482587065 0.014692663582286847 0.007850746268656715
1 0.7577197620621282 0.6044328358208956 0.02171844018506279 0.014835820895522388
9 0.7227098479841375 0.604313432835821 0.03894249834765367 0.06434825870646767
15 0.1735624586913417 0.6108407960199005 0.007402511566424322 0.025661691542288555
15 0.3919993390614673 0.6156119402985075 0.013344348975545275 0.009333333333333334
15 0.39389953734302713 0.06150746268656716 0.009213483146067415 0.025502487562189053
15 0.37989094514210175 0.6192786069651741 0.006311962987442168 0.018656716417910446
1 0.7573925974884336 0.6214278606965173 0.018420356906807666 0.01499502487562189
1 0.7910244547257105 0.6232189054726368 0.0380964970257766 0.02255721393034826
15 0.6845836087243887 0.6245422885572139 0.0182088565763384 0.0132636815920398
1 0.18622934567085261 0.624089552238806 0.011586252478519498 0.008378109452736319
15 0.3908426966292135 0.6246268656716418 0.01499669530733642 0.007462686567164179
20 0.6334467944481164 0.6261243781094528 0.021685393258426968 0.030358208955223884
9 0.4751586252478519 0.6312189054726368 0.1333972240581626 0.15597014925373134
1 0.1857072042300066 0.634771144278607 0.010541969596827495 0.007850746268656715
1 0.3153502974223397 0.06424378109452736 0.005452742894910773 0.023014925373134328
20 0.8433773959021811 0.6392139303482587 0.01986781229345671 0.03663681592039801
1 0.8233443489755453 0.6394676616915422 0.014170522141440847 0.04311442786069652
20 0.918536021150033 0.640318407960199 0.015525446133509582 0.038845771144278604
15 0.3794348975545275 0.6407960199004975 0.006721744877726372 0.01990049751243781
20 0.8929378717779247 0.641044776119403 0.019847984137475214 0.034328358208955224
20 0.8681526768010576 0.641268656716418 0.021830799735624587 0.032786069651741294
1 0.18640118968935887 0.6435721393034826 0.011929940515532056 0.011522388059701492
15 0.8854890945142101 0.06434328358208954 0.0062723066754791805 0.023213930348258704
15 0.24014871116986122 0.06530348258706467 0.008387309980171844 0.025134328358208956
15 0.3406774619960344 0.647636815920398 0.005875743555849307 0.0236318407960199
15 0.558972240581626 0.6484228855721392 0.01682088565763384 0.01127363184079602
1 0.1869596827495043 0.6541492537313432 0.014368803701255782 0.0068059701492537315
1 0.7892597488433576 0.6543930348258706 0.04249834765366821 0.023213930348258704
15 0.4655452742894911 0.06604477611940299 0.008420356906807668 0.028606965174129355
1 0.5799074686054196 0.6620248756218906 0.013747521480502314 0.008626865671641792
15 0.5605122273628552 0.6630199004975125 0.014613350958360872 0.010616915422885571
15 0.3829477858559154 0.6626865671641791 0.013747521480502314 0.009950248756218905
1 0.1939887640449438 0.6646218905472637 0.01124256444150694 0.007850746268656715
1 0.3353899537343027 0.6656716417910448 0.01248512888301388 0.009950248756218905
15 0.4323661599471249 0.06772636815920398 0.005512227362855254 0.02799004975124378
15 0.91955717118308 0.6702338308457712 0.01888962326503635 0.017084577114427863
1 0.2047752808988764 0.6729004975124377 0.006378056840713814 0.020427860696517416
15 0.5585294117647058 0.6752885572139303 0.0172571050892267 0.01127363184079602
1 0.3624124256444151 0.6752487562189055 0.014976867151354925 0.011194029850746268
1 0.5794646397884997 0.6752885572139303 0.014183740912095176 0.007293532338308458
15 0.3829081295439524 0.676681592039801 0.014990085922009252 0.008089552238805971
15 0.5402115003304693 0.06821890547263681 0.01631196298744217 0.013054726368159204
15 0.3136582947785856 0.6782338308457712 0.016609385327164574 0.011194029850746268
15 0.2945472571050892 0.6783432835820896 0.014077990746860542 0.009422885572139304
15 0.2717547918043622 0.6786069651741293 0.014758757435558491 0.009950248756218905
1 0.18661269001982816 0.6790796019900498 0.02689358889623265 0.018855721393034826
1 0.8935294117647059 0.6791890547263681 0.018387309980171844 0.011114427860696517
15 0.21984137475214804 0.6823781094527362 0.007428949107732981 0.021472636815920397
15 0.24677131526768012 0.6834228855721394 0.007091870456047588 0.023562189054726367
15 0.22937541308658296 0.6833731343283582 0.00534699272967614 0.021472636815920397
15 0.23734302709847985 0.6843681592039801 0.0067415730337078645 0.021472636815920397
15 0.6171480502313285 0.06832338308457712 0.015525446133509582 0.01127363184079602
15 0.38286516853932584 0.6872537313432836 0.01622604097818903 0.009333333333333334
15 0.5585294117647058 0.687228855721393 0.015935228023793786 0.0132636815920398
1 0.12109715796430932 0.6881393034825871 0.04391275611368143 0.023044776119402983
15 0.2709550561797753 0.6885024875621891 0.015803040317250494 0.007850746268656715
9 0.6311764705882353 0.6929552238805969 0.03036351619299405 0.060537313432835825
15 0.8926437541308658 0.6946119402985075 0.020581625908790483 0.012109452736318409
9 0.6621943159286187 0.696089552238806 0.03159286186384666 0.06879601990049751
15 0.6918539325842697 0.06998507462686566 0.015565102445472571 0.014597014925373134
15 0.4405056179775281 0.06959203980099503 0.005928618638466623 0.021771144278606963
1 0.6643060145406477 0.06965174129353234 0.00937871777924653 0.025870646766169153
1 0.3641473892927958 0.699502487562189 0.015803040317250494 0.009950248756218905
15 0.28529081295439523 0.7007064676616915 0.014071381361533377 0.008378109452736319
15 0.38328155981493717 0.7011840796019901 0.017058823529411765 0.009333333333333334
15 0.7324025115664243 0.70381592039801 0.005452742894910773 0.024547263681592043
1 0.5631592861863847 0.7048109452736319 0.026516853932584267 0.02056716417910448
15 0.7141110376734964 0.7048109452736319 0.0058823529411764705 0.026537313432835823
1 0.5461896893588896 0.7054726368159204 0.00844018506278916 0.01990049751243781
15 0.7224851288830139 0.7058059701492537 0.0054461335095836085 0.028527363184079602
15 0.7665598149372109 0.07064676616915423 0.016926635822868474 0.01791044776119403
15 0.7035327164573695 0.7068009950248757 0.007197620621282221 0.030517412935323385
15 0.6918539325842697 0.7068009950248757 0.008955717118307997 0.026537313432835823
15 0.7414375413086584 0.7074626865671642 0.0076602775941837405 0.029850746268656716
15 0.6830370125578321 0.7077960199004976 0.008506278916060806 0.026537313432835823
1 0.8914408460013219 0.7107810945273633 0.022141440846001323 0.016587064676616917
1 0.2692861863846662 0.7126467661691542 0.015109054857898215 0.008378109452736319
15 0.2854659616655651 0.7141641791044776 0.0144216787838731 0.009422885572139304
1 0.8378883013879709 0.07197512437810946 0.006245869134170521 0.02056716417910448
15 0.36596497025776603 0.07257711442786069 0.007541308658294779 0.021771144278606963
1 0.3900561797752809 0.7168557213930349 0.025320555188367483 0.016796019900497512
1 0.12154659616655651 0.7188258706467662 0.04216787838730998 0.026706467661691543
1 0.2426305353602115 0.7189850746268657 0.0067415730337078645 0.023044776119402983
1 0.1643093192333113 0.7199800995024876 0.014011896893588895 0.042945273631840794
1 0.18591870456047588 0.7204527363184079 0.02550561797752809 0.022
9 0.9290218109715795 0.7212288557213931 0.04442828816920026 0.04146268656716418
9 0.8371877065432914 0.7265970149253731 0.039213483146067415 0.08602985074626865
15 0.08680436219431593 0.0731094527363184 0.01498347653668209 0.00890547263681592
15 0.35766027759418373 0.07357213930348258 0.005472571050892267 0.021771144278606963
15 0.44157964309319236 0.7332089552238806 0.0067547918043621945 0.0236318407960199
15 0.48785855915399867 0.7352636815920398 0.006781229345670853 0.021771144278606963
15 0.8907898215465962 0.7355522388059702 0.018195637805684072 0.012398009950248758
15 0.4334831460674157 0.7361940298507462 0.005102445472571051 0.0236318407960199
15 0.5074421678783873 0.7359452736318408 0.0076140118968935884 0.021144278606965175
15 0.5228982154659616 0.7359452736318408 0.006801057501652346 0.021144278606965175
15 0.42550561797752806 0.7363830845771144 0.006331791143423662 0.02799004975124378
15 0.4504626569729015 0.736134328358209 0.004692663582286847 0.025502487562189053
15 0.5156245869134171 0.7358855721393035 0.006794448116325181 0.023014925373134328
15 0.5306245869134171 0.7365074626865672 0.006391275611368143 0.024258706467661692
15 0.49723727693324526 0.736134328358209 0.009676140118968937 0.025502487562189053
15 0.48104097818902847 0.7365671641791045 0.006364838070059485 0.022388059701492536
15 0.47265366820885657 0.7376268656716418 0.006774619960343688 0.020527363184079602
1 0.5501553205551883 0.7416268656716418 0.01108393919365499 0.04046766169154229
15 0.1636318572372769 0.07530845771144279 0.013978849966953073 0.007333333333333333
1 0.8914408460013219 0.7492537313432835 0.018175809649702578 0.007960199004975124
1 0.10689689358889624 0.7496218905472637 0.01154659616655651 0.03456716417910448
1 0.11980502313284863 0.7498805970149254 0.012247191011235956 0.03508457711442786
15 0.3269200264375413 0.7502487562189055 0.008764044943820224 0.01990049751243781
15 0.3273727693324521 0.7501243781094528 0.008347653668208856 0.0236318407960199
15 0.3588995373430271 0.7527363184079602 0.007951090548578982 0.024875621890547265
15 0.36625578321216123 0.7531094527363185 0.005479180436219431 0.0236318407960199
15 0.37241242564441507 0.754726368159204 0.0058955717118308 0.024875621890547265
15 0.2696497025776603 0.7546666666666667 0.00790482485128883 0.026746268656716417
15 0.2934500991407799 0.7547910447761195 0.00791804362194316 0.023014925373134328
15 0.38208195637805686 0.7554726368159204 0.006728354263053536 0.022388059701492536
15 0.3957171183079974 0.754726368159204 0.007561136814276272 0.024875621890547265
15 0.2851454064771976 0.7547910447761195 0.005849306014540648 0.023014925373134328
15 0.27832782551222734 0.756094527363184 0.00543291473892928 0.0236318407960199
1 0.9176635822868473 0.7572139303482587 0.021711830799735626 0.015920398009950248
1 0.4807931262392598 0.766044776119403 0.0071910112359550565 0.0236318407960199
1 0.4317052214144084 0.7654875621890548 0.012121612690019828 0.030477611940298507
15 0.5139722405816259 0.07655721393034826 0.016708526107072044 0.011820895522388061
1 0.5138070059484467 0.7672885572139303 0.008446794448116324 0.026119402985074626
1 0.4991804362194316 0.7673532338308459 0.010918704560475875 0.024258706467661692
1 0.531202908129544 0.7674776119402985 0.008869795109054859 0.020527363184079602
1 0.44984467944481166 0.7679751243781096 0.010066093853271646 0.025502487562189053
1 0.6372042300066094 0.7721393034825871 0.029200264375413086 0.01791044776119403
15 0.915237937871778 0.7731343283582089 0.018182419035029745 0.011940298507462687
1 0.6651916721744877 0.7744626865671642 0.023046926635822865 0.018577114427860697
1 0.3102676801057502 0.7789800995024876 0.005862524785194977 0.0236318407960199
1 0.1596430931923331 0.7863830845771145 0.006001321877065433 0.022517412935323382
15 0.15219762062128223 0.786905472636816 0.005651024454725711 0.023562189054726367
15 0.1428023793787178 0.7873781094527363 0.006688697951090548 0.022517412935323382
1 0.5743985459352281 0.7877263681592039 0.01991407799074686 0.015253731343283582
1 0.5245935228023794 0.7893880597014926 0.015479180436219432 0.010616915422885571
1 0.28973231989424986 0.7909850746268657 0.007091870456047588 0.021771144278606963
15 0.2824586913417052 0.7912935323383085 0.007085261070720423 0.022388059701492536
1 0.2638929279576999 0.7932985074626866 0.01754130865829478 0.010477611940298507
1 0.3324983476536682 0.7935323383084577 0.019920687376074026 0.014925373134328358
1 0.4378189028420357 0.8038557213930348 0.007164573694646398 0.0236318407960199
15 0.18347984137475215 0.804452736318408 0.014018506278916062 0.00890547263681592
15 0.21879709187045607 0.8039800995024876 0.011949768671513547 0.009950248756218905
15 0.16796100462656974 0.804139303482587 0.014705882352941176 0.0062885572139303484
1 0.9271414408460014 0.8086218905472636 0.04331130204890945 0.025203980099502487
15 0.2830865829477859 0.0833731343283582 0.007019167217448777 0.021472636815920397
1 0.10894910773298083 0.8414228855721393 0.014329147389292796 0.045034825870646764
1 0.11008261731658957 0.08777114427860695 0.013952412425644415 0.008378109452736319
15 0.8841672174487772 0.0892189054726368 0.007594183740912096 0.023213930348258704
4 0.48040317250495707 0.9072437810945273 0.42412425644415075 0.18463681592039802
4 0.21832452081956377 0.913273631840796 0.09031725049570391 0.17281592039800997
4 0.08187045604758758 0.9341641791044777 0.05402511566424322 0.1310149253731343
1 0.20388962326503637 0.09751243781094528 0.01121612690019828 0.029850746268656716