15 0.9169441723800197 0.6837431693989071 0.027815866797257588 0.00819672131147541
9 0.661973555337904 0.6841871584699454 0.07419196865817826 0.05826502732240437
9 0.425205680705191 0.6887841530054645 0.07861900097943192 0.038770491803278684
9 0.5136875612144957 0.6988285519125683 0.0342311459353575 0.030170765027322407
15 0.9420421155729677 0.7113080601092896 0.02316356513222331 0.007315573770491804
15 0.9142409402546523 0.712530737704918 0.02632713026444662 0.008394808743169398
1 0.5737267384916748 0.7125580601092896 0.009353574926542606 0.015280054644808744
15 0.8637904015670911 0.0722370218579235 0.01553379040156709 0.020157103825136614
9 0.5060675808031342 0.7289617486338799 0.02682664054848188 0.008469945355191258
1 0.15579823702252693 0.7310245901639344 0.01189030362389814 0.015327868852459018
1 0.14171400587659158 0.7325717213114753 0.013104799216454457 0.021154371584699454
1 0.2865523996082272 0.744573087431694 0.14803134182174338 0.10116803278688526
1 0.40559745347698334 0.7455908469945356 0.01785504407443683 0.021236338797814207
1 0.7770274240940255 0.07533811475409836 0.026141038197845252 0.008599726775956284
1 0.19330068560235064 0.7599590163934425 0.03008814887365328 0.007622950819672131
1 0.15961802154750246 0.7640812841530055 0.02148873653281097 0.02952868852459016
1 0.13590107737512241 0.7643647540983607 0.021067580803134183 0.030095628415300547
1 0.8650636630754163 0.7677015027322404 0.01416258570029383 0.021741803278688524
1 0.19330068560235064 0.7693613387978142 0.03008814887365328 0.01003415300546448
1 0.1949951028403526 0.7802868852459016 0.0315181194906954 0.010027322404371585
1 0.41543584720861904 0.7849692622950819 0.033614103819784524 0.009829234972677596
1 0.7655876591576886 0.7881181693989071 0.018932419196865818 0.005198087431693989
15 0.7336092066601371 0.7884665300546448 0.017659157688540646 0.004528688524590164
1 0.8582957884427033 0.79073087431694 0.016297747306562194 0.007691256830601093
15 0.7999559255631734 0.7911919398907105 0.01910871694417238 0.005881147540983606
1 0.7337512242899118 0.7937943989071038 0.017943192948090107 0.004255464480874317
15 0.7653917727717924 0.7943306010928962 0.018540646425073457 0.005327868852459016
15 0.7968217433888344 0.7966359289617487 0.01871694417238002 0.004474043715846994
15 0.8590401567091087 0.7991154371584699 0.017786483839373163 0.0039685792349726775
15 0.7654407443682664 0.7997950819672132 0.018638589618021548 0.005327868852459016
1 0.7338001958863859 0.8002083333333334 0.0180411361410382 0.004788251366120219
15 0.7975612144955925 0.8020525956284152 0.01823702252693438 0.005744535519125683
9 0.915871694417238 0.8039617486338798 0.07856023506366307 0.04234972677595628
15 0.8597257590597454 0.8048224043715847 0.021116552399608225 0.007185792349726776
1 0.733511263467189 0.8059050546448088 0.017463271302644464 0.0052527322404371584
15 0.7648922624877571 0.8054713114754098 0.01950048971596474 0.004385245901639344
15 0.7973065621939275 0.8083435792349727 0.019686581782566114 0.004665300546448087
1 0.7652791380999021 0.8110348360655738 0.02027424094025465 0.004583333333333333
1 0.7338491674828599 0.8117520491803278 0.01813907933398629 0.004651639344262295
15 0.797590597453477 0.8136577868852458 0.020254652301665035 0.005730874316939891
9 0.6694760039177277 0.8178893442622952 0.10290891283055827 0.06883879781420765
1 0.7978011753183153 0.8232991803278689 0.01871694417238002 0.004521857923497268
1 0.5175759059745348 0.8238729508196722 0.01850146914789422 0.00430327868852459
1 0.5163222331047992 0.8285040983606557 0.017952987267384916 0.004002732240437159
15 0.7983300685602351 0.8298463114754098 0.019774730656219396 0.00532103825136612
1 0.5160871694417237 0.8337499999999999 0.019441723800195886 0.004931693989071038
1 0.9408521057786484 0.8350034153005464 0.02078354554358472 0.007438524590163934
1 0.7968217433888344 0.8358913934426229 0.01871694417238002 0.0051161202185792355
15 0.9025073457394711 0.8375785519125682 0.01069539666993144 0.01805327868852459
1 0.5169784524975515 0.8399351092896175 0.02122428991185113 0.006372950819672131
15 0.798619000979432 0.8418374316939891 0.020352595494613126 0.004713114754098361
9 0.1629285014691479 0.8414993169398907 0.02615083251714006 0.028627049180327865
1 0.2886630754162586 0.8478756830601093 0.13266405484818805 0.0946584699453552
15 0.8813222331047993 0.8498565573770492 0.01337904015670911 0.01528688524590164
15 0.8669196865817825 0.8512056010928961 0.011998041136141039 0.019351092896174864
15 0.9402889324191969 0.8672882513661202 0.021616062683643487 0.007800546448087432
1 0.6823065621939275 0.8701775956284153 0.01691478942213516 0.02040983606557377
1 0.730411361410382 0.8711816939890711 0.017140058765915768 0.022418032786885245
1 0.1947747306562194 0.8744262295081968 0.044789422135161606 0.011147540983606558
9 0.13452497551420176 0.8755054644808743 0.04182174338883448 0.01877049180327869
1 0.5603721841332028 0.8770457650273223 0.03161606268364349 0.009556010928961748
15 0.9410137120470127 0.877308743169399 0.02306562193927522 0.007349726775956284
1 0.9188883447600391 0.08824112021857923 0.025827619980411363 0.009815573770491803
9 0.8903770812928502 0.8839446721311476 0.06283055827619981 0.03155054644808743
15 0.9483496571988247 0.8904371584699453 0.012272282076395689 0.015846994535519125
1 0.7000587659157689 0.9031215846994536 0.017159647404505388 0.011161202185792349
1 0.7140303623898139 0.9032513661202185 0.01376101860920666 0.011420765027322404
15 0.9410675808031342 0.9055362021857923 0.02513222331047992 0.009159836065573771
15 0.8933055827619981 0.910396174863388 0.013839373163565132 0.017513661202185792
15 0.9052644466209598 0.9106113387978142 0.012291870714985309 0.015211748633879781
15 0.9203917727717924 0.9115095628415301 0.01316356513222331 0.017008196721311476
15 0.8781537708129286 0.9120150273224044 0.010959843290891282 0.016653005464480872
15 0.9413222331047992 0.9163763661202186 0.02564152791380999 0.007616120218579235
1 0.9179872673849168 0.9305157103825137 0.010313418217433888 0.015403005464480875
1 0.9057835455435846 0.93114412568306 0.011371204701273261 0.015293715846994536
1 0.8790303623898139 0.9348292349726776 0.010754162585700295 0.014467213114754098
9 0.6383937316356513 0.936875 0.06620959843290891 0.043148907103825136
9 0.2543388834476004 0.9375307377049181 0.02287952987267385 0.02396857923497268
9 0.45138589618021546 0.9438353825136613 0.02911851126346719 0.010621584699453552
1 0.7117531831537709 0.945136612021858 0.017042115572967677 0.005027322404371585
1 0.69320763956905 0.9454166666666666 0.017169441723800197 0.004221311475409836
9 0.20541136141038197 0.9458709016393443 0.017091087169441722 0.013326502732240439
9 0.5752693437806072 0.9494774590163935 0.02615083251714006 0.019173497267759562
15 0.7123800195886386 0.9511577868852459 0.01633692458374143 0.004774590163934426
1 0.6942066601371204 0.9511577868852459 0.017208619000979433 0.004774590163934426
15 0.7641234084231145 0.9564002732240438 0.017962781586679726 0.00569672131147541
15 0.7823408423114593 0.956683743169399 0.017179236043095004 0.004897540983606557
1 0.7420225269343781 0.9568681693989071 0.020773751224289913 0.005266393442622951
15 0.7120176297747307 0.9570525956284153 0.017571008814887365 0.0056352459016393444
1 0.6941185112634672 0.9571209016393442 0.01703232125367287 0.004405737704918033
15 0.4464397649363369 0.9607206284153005 0.015308521057786484 0.004774590163934426
1 0.7830068560235064 0.9622677595628415 0.01851126346718903 0.005136612021857923
15 0.7639030362389815 0.961806693989071 0.01752203721841332 0.00421448087431694
15 0.7417629774730656 0.962827868852459 0.018295788442703232 0.004890710382513661
15 0.546851126346719 0.9664856557377048 0.018285994123408426 0.00537568306010929
1 0.7831831537708129 0.9667110655737705 0.018863858961802156 0.004460382513661203
15 0.7640352595494614 0.9673872950819673 0.017786483839373163 0.005812841530054644
15 0.7415426052889325 0.9675170765027322 0.01785504407443683 0.004706284153005464
1 0.6646131243878551 0.9684494535519125 0.006993143976493634 0.012035519125683061
15 0.6014495592556318 0.9689515027322405 0.007992164544564154 0.013039617486338797
1 0.5686875612144956 0.9688968579234972 0.009069539666993144 0.011564207650273224
1 0.6231243878550441 0.9688456284153006 0.008246816846229186 0.012827868852459018
1 0.5757002938295788 0.9694193989071038 0.009382957884427032 0.012609289617486339
1 0.5850832517140059 0.9695628415300547 0.008560235063663076 0.012896174863387977
15 0.6093878550440743 0.9697609289617486 0.00819784524975514 0.011926229508196723
1 0.5603721841332028 0.9702117486338798 0.006150832517140059 0.014193989071038252
1 0.5467238001958864 0.971157786885246 0.01999020568070519 0.0051571038251366115
1 0.5482419196865818 0.971448087431694 0.021067580803134183 0.0057377049180327875
1 0.7417580803134183 0.9729474043715847 0.02024485798237023 0.0046379781420765025
15 0.7642115572967678 0.9736919398907103 0.01813907933398629 0.004760928961748634
1 0.9210773751224289 0.09843579234972678 0.026287952987267386 0.00971311475409836
1 0.7861998041136141 0.09980532786885246 0.05623898139079334 0.03977459016393443
15 0.7069735553379041 0.0999931693989071 0.025112634671890306 0.008729508196721312
15 0.5743290891283056 0.10057035519125684 0.030146914789422136 0.00851775956284153
1 0.8794172380019588 0.1011714480874317 0.05462291870714986 0.03977459016393443
1 0.6050097943192948 0.10081284153005465 0.026865817825661116 0.009002732240437157
1 0.6749657198824681 0.10095969945355192 0.029657198824681687 0.009296448087431694
1 0.8396474045053869 0.10285177595628414 0.012301665034280118 0.021277322404371583
1 0.6496278158667972 0.10635245901639344 0.016199804113614102 0.022814207650273224
1 0.6311704211557296 0.10711407103825137 0.016503428011753186 0.022971311475409838
15 0.706645445641528 0.11097336065573771 0.0264152791380999 0.008831967213114755
1 0.6753770812928501 0.11120218579234974 0.03047992164544564 0.007923497267759563
1 0.6056856023506366 0.1118954918032787 0.03017629774730656 0.007943989071038252
15 0.5744123408423115 0.11234972677595628 0.028354554358472086 0.008852459016393444
15 0.9192311459353575 0.12008879781420766 0.020636630754162586 0.006571038251366119
1 0.6748824681684622 0.12269808743169398 0.02949069539666993 0.009057377049180328
15 0.7071351616062683 0.12281079234972676 0.0273947110675808 0.007916666666666667
1 0.6055190989226249 0.12344603825136612 0.029843290891283056 0.009187158469945354
15 0.5741674828599412 0.12378756830601093 0.027864838393731634 0.008504098360655738
1 0.6500587659157689 0.13202527322404373 0.015102840352595494 0.02224726775956284
1 0.6333251714005876 0.1336782786885246 0.016895200783545544 0.021454918032786884
15 0.7061557296767875 0.1339071038251366 0.025435847208619 0.00825136612021858
1 0.6752105778648384 0.13436133879781423 0.030146914789422136 0.007793715846994536
1 0.6055190989226249 0.13454234972677595 0.029843290891283056 0.009521857923497268
15 0.5748188050930461 0.13499658469945355 0.02720861900097943 0.009064207650273224
1 0.6739862879529872 0.14522882513661203 0.03161606268364349 0.009036885245901639
15 0.7080362389813908 0.14608265027322406 0.027238001958863858 0.009378415300546448
1 0.6059304603330068 0.14603825136612023 0.03066601371204701 0.009289617486338797
15 0.5744955925563173 0.146150956284153 0.02852105778648384 0.008148907103825136
1 0.6739862879529872 0.15666666666666668 0.03357492654260529 0.008688524590163935
15 0.7077081292850147 0.15706625683060108 0.026581782566111656 0.009487704918032787
15 0.5744123408423115 0.15707650273224044 0.028354554358472086 0.008142076502732241
1 0.6056856023506366 0.15753073770491804 0.032135161606268364 0.010416666666666666
1 0.6310381978452497 0.16264002732240437 0.01819784524975514 0.02200136612021858
1 0.6495690499510285 0.1628688524590164 0.0160822722820764 0.022459016393442624
1 0.8180215475024486 0.16435109289617486 0.07091087169441725 0.05001366120218579
1 0.676356513222331 0.16753756830601094 0.03439764936336925 0.0085724043715847
1 0.605847208619001 0.16766051912568306 0.034417238001958866 0.008818306010928962
15 0.5751469147894221 0.16811475409836066 0.027864838393731634 0.006994535519125683
15 0.7077913809990205 0.16884562841530054 0.02674828599412341 0.008456284153005466
15 0.9320519098922625 0.1702698087431694 0.02473065621939275 0.0085724043715847
15 0.8965328109696377 0.17113046448087432 0.012458374142997062 0.007561475409836066
1 0.04932419196865818 0.1776058743169399 0.012458374142997062 0.019146174863387978
1 0.6748041136141039 0.17925887978142077 0.03325171400587659 0.007424863387978141
15 0.5756366307541626 0.1801229508196721 0.028844270323212535 0.009153005464480874
1 0.6061753183153771 0.1800648907103825 0.03311459353574927 0.009036885245901639
15 0.7090156709108717 0.180625 0.027238001958863858 0.008790983606557376
15 0.9193584720861899 0.19405737704918033 0.026767874632713025 0.030191256830601094
1 0.8779823702252693 0.1943340163934426 0.06938295788442704 0.03757513661202186
1 0.79 0.20660860655737706 0.020744368266405484 0.006113387978142076
1 0.7898383937316356 0.21332308743169398 0.02238001958863859 0.005881147540983606
15 0.9262144955925563 0.21586407103825134 0.007179236043095005 0.0054986338797814215
15 0.9035798237022526 0.21649590163934426 0.006963761018609207 0.006762295081967213
15 0.9160822722820764 0.2164412568306011 0.008462291870714986 0.006653005464480875
15 0.939054848188051 0.2191256830601093 0.009353574926542606 0.014754098360655738
1 0.7898383937316356 0.22060792349726777 0.024338883447600393 0.006789617486338798
15 0.9275710088148873 0.22327527322404372 0.0059745347698334965 0.00665983606557377
15 0.7898922624877571 0.22896516393442623 0.026405484818805093 0.009842896174863388
15 0.8567091087169442 0.2428005464480874 0.030754162585700292 0.008825136612021858
1 0.8563026444662095 0.2530430327868852 0.029941234084231147 0.008818306010928962
15 0.8857492654260529 0.2532308743169399 0.014397649363369245 0.018756830601092896
1 0.9437904015670912 0.2565676229508197 0.012948090107737512 0.018599726775956286
15 0.8566258570029383 0.2626058743169399 0.02862879529872674 0.007452185792349727
1 0.8809059745347698 0.27023907103825134 0.024299706170421154 0.007691256830601093
15 0.5711312438785504 0.27079918032786887 0.023751224289911853 0.008811475409836065
1 0.9146865817825661 0.27286885245901643 0.013506366307541625 0.032076502732240435
1 0.9304701273261509 0.27262978142076505 0.015690499510284034 0.032964480874316936
15 0.8185945151811949 0.27525273224043717 0.013290891283055828 0.020450819672131148
15 0.8468021547502449 0.2759801912568306 0.0011459353574926542 0.00004781420765027323
15 0.8325269343780607 0.2765129781420765 0.007855044074436827 0.012042349726775956
15 0.80243388834476 0.2795355191256831 0.02406464250734574 0.0071584699453551915
15 0.7781782566111655 0.27984972677595626 0.026483839373163565 0.009153005464480874
1 0.7976052889324192 0.028080601092896174 0.02616062683643487 0.00971311475409836
15 0.7468805093046034 0.2806113387978142 0.026571988246816846 0.009310109289617487
15 0.5693241919686581 0.28104849726775954 0.026013712047012732 0.006086065573770492
1 0.5981586679725759 0.28549521857923493 0.01316356513222331 0.019077868852459018
1 0.8805484818805093 0.290198087431694 0.023584720861900096 0.028483606557377052
1 0.3837071498530852 0.2901844262295082 0.023046033300685602 0.009330601092896174
1 0.35297747306562194 0.2903142076502732 0.02622918707149853 0.00959016393442623
15 0.5866895200783545 0.2998804644808743 0.007855044074436827 0.013695355191256831
15 0.575617042115573 0.300198087431694 0.007257590597453477 0.014330601092896175
1 0.5612634671890303 0.30032786885245905 0.013809990205680705 0.0173224043715847
15 0.5499657198824681 0.3023258196721312 0.006885406464250735 0.014487704918032787
1 0.5371890303623899 0.30378073770491804 0.01267384916748286 0.01876366120218579
1 0.5212047012732615 0.30481215846994536 0.010088148873653282 0.016728142076502733
1 0.3287855044074437 0.30911543715846995 0.013104799216454457 0.021236338797814207
1 0.8675954946131245 0.3094296448087432 0.019226248775710088 0.005471311475409836
15 0.3463858961802155 0.3094091530054645 0.016963761018609205 0.02455601092896175
1 0.5055631733594514 0.3105601092896175 0.019941234084231145 0.011830601092896175
15 0.36597453476983355 0.31206967213114756 0.016963761018609205 0.02987704918032787
15 0.27744368266405484 0.3148668032786885 0.029911851126346718 0.009515027322404371
1 0.6191723800195886 0.31607581967213116 0.025808031341821743 0.009200819672131148
1 0.8662389813907933 0.3171584699453552 0.020430950048971597 0.005901639344262295
15 0.867105778648384 0.3229132513661202 0.02020568070519099 0.00648224043715847
1 0.5215230166503428 0.3237978142076503 0.012683643486777668 0.017814207650273223
1 0.5375073457394711 0.3242418032786885 0.013310479921645446 0.018702185792349727
1 0.5066209598432909 0.32528005464480875 0.01813907933398629 0.012581967213114754
15 0.27572967678746324 0.3271311475409836 0.034319294809010775 0.010819672131147541
1 0.056562193927522035 0.3286953551912568 0.030852105778648383 0.04127049180327869
1 0.22861410381978453 0.3288080601092896 0.028237022526934375 0.042862021857923496
1 0.19818315377081291 0.32922814207650275 0.030058765915768854 0.043702185792349725
15 0.8669147894221352 0.3303756830601093 0.017864838393731635 0.005013661202185792
15 0.30877571008814886 0.33457991803278686 0.014221351616062684 0.018886612021857922
1 0.3928354554358472 0.33721994535519123 0.011919686581782565 0.01733606557377049
1 0.5060920666013712 0.3394808743169399 0.017081292850146916 0.01366120218579235
1 0.2753232125367287 0.34028688524590167 0.031547502448579824 0.007076502732240437
1 0.5277668952007836 0.34117827868852457 0.021253672869735552 0.011591530054644809
15 0.17546033300685604 0.3497438524590164 0.013996082272282075 0.01915983606557377
15 0.1609696376101861 0.3497370218579235 0.012438785504407444 0.019146174863387978
15 0.14601860920666015 0.3503039617486339 0.013878550440744368 0.020280054644808743
15 0.2710333006856024 0.35189549180327867 0.02296767874632713 0.007069672131147541
15 0.3019833496571988 0.3533025956284153 0.030019588638589615 0.00851775956284153
1 0.6277179236043094 0.35372609289617485 0.011557296767874634 0.017561475409836068
1 0.5292752203721841 0.3538661202185792 0.018393731635651323 0.016475409836065574
1 0.5055631733594514 0.3552698087431694 0.017982370225269342 0.017916666666666668
15 0.341767874632713 0.36348360655737705 0.023398628795298727 0.007021857923497268
1 0.23264446620959844 0.3648599726775956 0.01475024485798237 0.01933743169398907
1 0.2987757100881489 0.3652083333333333 0.03339862879529873 0.010471311475409835
1 0.20383447600391774 0.36625 0.01197845249755142 0.01801912568306011
15 0.2184818805093046 0.36625 0.013849167482859942 0.01801912568306011
1 0.5069931439764936 0.37246243169398907 0.02476003917727718 0.014050546448087432
1 0.6284084231145936 0.3732103825136612 0.010979431929480902 0.015546448087431695
15 0.29998041136141035 0.37468579234972677 0.020137120470127324 0.0062021857923497264
1 0.28395690499510284 0.3823668032786885 0.027267384916748287 0.007903005464480875
15 0.2832419196865818 0.3920969945355191 0.02583741429970617 0.009603825136612022
15 0.8689177277179235 0.39931352459016395 0.02382957884427032 0.006277322404371584
15 0.6035553379040157 0.4023360655737705 0.027874632713026447 0.010956284153005464
15 0.31898139079333987 0.4022506830601093 0.01504407443682664 0.01898224043715847
15 0.2840597453476983 0.40418715846994535 0.027473065621939276 0.009193989071038251
15 0.8692801175318315 0.40619193989071034 0.02455435847208619 0.005006830601092896
15 0.8703672869735554 0.4127185792349727 0.02672869735553379 0.005765027322404371
1 0.6096180215475024 0.41420765027322404 0.018452497551420175 0.006010928961748634
15 0.2842409402546523 0.41474385245901635 0.02783545543584721 0.009815573770491803
15 0.8200930460333007 0.041666666666666664 0.041753183153770815 0.01366120218579235
15 0.587228207639569 0.41681352459016396 0.006973555337904016 0.01258879781420765
15 0.8699314397649364 0.41898907103825134 0.027815866797257588 0.006010928961748634
15 0.6048237022526934 0.42122609289617485 0.02061704211557297 0.0050204918032786885
15 0.5219686581782566 0.4225170765027323 0.027286973555337903 0.02262978142076503
15 0.8683349657198826 0.42545081967213116 0.02854064642507346 0.0066393442622950825
15 0.2850391772771792 0.42710040983606556 0.027473065621939276 0.009938524590163936
15 0.8701126346718903 0.4326571038251366 0.028178256611165523 0.007390710382513661
15 0.6061998041136141 0.43492827868852457 0.021410381978452495 0.0037363387978142076
1 0.28485798237022525 0.4378995901639344 0.02711067580803134 0.00967896174863388
15 0.32404015670910874 0.4431386612021858 0.009490695396669932 0.013326502732240439
15 0.8692409402546523 0.4454849726775957 0.010763956904995103 0.016653005464480872
15 0.8137169441723799 0.4458504098360656 0.0074534769833496575 0.01601775956284153
15 0.8609304603330068 0.44654713114754097 0.007855044074436827 0.017411202185792347
15 0.8510577864838393 0.44635928961748633 0.009657198824681685 0.01703551912568306
15 0.841077375122429 0.4470901639344262 0.009285014691478943 0.01576502732240437
1 0.2850391772771792 0.4471926229508197 0.027473065621939276 0.007773224043715847
15 0.7808570029382957 0.44697745901639346 0.008334965719882468 0.016905737704918034
15 0.832952987267385 0.44697745901639346 0.006748285994123408 0.016905737704918034
15 0.7901322233104799 0.4467383879781421 0.009255631733594515 0.017793715846994535
15 0.723232125367287 0.44733265027322405 0.008658178256611165 0.014883879781420764
15 0.7326689520078354 0.448025956284153 0.007943192948090106 0.016270491803278688
15 0.7625171400587659 0.4477868852459016 0.008873653281096964 0.017158469945355193
15 0.743281096963761 0.44783811475409835 0.009578844270323211 0.015894808743169397
15 0.7524436826640548 0.44796448087431695 0.00831537708129285 0.01614754098360656
1 0.6442115572967679 0.4485143442622951 0.00732615083251714 0.014515027322404372
15 0.6743535749265426 0.44886270491803276 0.008844270323212536 0.013845628415300546
15 0.9204064642507346 0.44913934426229507 0.022987267384916747 0.007568306010928962
1 0.6531831537708129 0.44995218579234975 0.007639569049951028 0.016024590163934427
1 0.6619686581782566 0.44976775956284154 0.007580803134182175 0.015655737704918033
1 0.6848334965719883 0.44995218579234975 0.010215475024485799 0.014658469945355192
9 0.41531341821743384 0.45409836065573767 0.15873653281096964 0.14043715846994534
15 0.8929823702252694 0.4550375683060109 0.015151811949069541 0.004337431693989071
15 0.2852203721841332 0.45756147540983605 0.02783545543584721 0.008019125683060109
15 0.28371694417238 0.46994535519125685 0.028746327130264447 0.009562841530054645
15 0.8354848188050931 0.47406762295081967 0.009853085210577865 0.015075136612021858
15 0.8775563173359452 0.47403005464480874 0.007806072477962781 0.013633879781420766
15 0.7587463271302644 0.4743886612021858 0.011126346718903035 0.01298497267759563
15 0.8570372184133203 0.4745321038251366 0.009862879529872675 0.013271857923497268
15 0.7471155729676787 0.4743886612021858 0.0074534769833496575 0.014351092896174865
15 0.8478844270323213 0.4742281420765027 0.00722820763956905 0.014030054644808743
15 0.8178599412340842 0.47456967213114754 0.007904015670910872 0.016079234972677596
15 0.7699853085210577 0.4743340163934426 0.010097943192948091 0.012875683060109291
15 0.7905533790401567 0.4747131147540984 0.012056807051909892 0.013633879781420766
15 0.7802154750244858 0.4751639344262295 0.010969637610186092 0.014535519125683061
15 0.8251224289911852 0.4760075136612022 0.00871694417238002 0.01485655737704918
1 0.5163956904995103 0.48068647540983606 0.027894221351616063 0.00782103825136612
1 0.3216062683643487 0.4833948087431694 0.01049951028403526 0.01733606557377049
1 0.2843486777668952 0.48465505464480874 0.03000979431929481 0.0089275956284153
15 0.8588687561214495 0.49086065573770493 0.007649363369245837 0.013142076502732239
15 0.2852203721841332 0.49533811475409834 0.02783545543584721 0.009801912568306011
15 0.2852203721841332 0.5084255464480875 0.02783545543584721 0.008654371584699453
1 0.638898139079334 0.5159904371584699 0.07701273261508325 0.05793715846994535
15 0.2849461312438786 0.517797131147541 0.027286973555337903 0.008271857923497267
1 0.3475220372184133 0.5215812841530055 0.015318315377081294 0.017206284153005465
15 0.286562193927522 0.5273053278688524 0.028560235063663075 0.009528688524590163
1 0.8854309500489715 0.5285792349726777 0.01376101860920666 0.018907103825136613
1 0.41372184133202744 0.5372916666666667 0.03410381978452497 0.009009562841530054
1 0.28549461312438784 0.5374897540983606 0.028383937316356515 0.008039617486338798
15 0.3533300685602351 0.5462773224043715 0.03281096963761019 0.01331967213114754
15 0.286126346718903 0.5473155737704918 0.029647404505386877 0.009931693989071037
9 0.7760088148873654 0.5559733606557378 0.19452497551420178 0.07369535519125683
15 0.2870910871694417 0.5600887978142076 0.027659157688540645 0.008155737704918032
1 0.532904015670911 0.5604337431693989 0.021733594515181195 0.014310109289617486
1 0.35361410381978453 0.5605054644808743 0.03337904015670911 0.010355191256830602
1 0.5529921645445641 0.560321038251366 0.020773751224289913 0.014084699453551914
1 0.6454407443682664 0.561745218579235 0.015661116552399608 0.018299180327868852
1 0.28583741429970616 0.5687226775956284 0.02711067580803134 0.009030054644808744
15 0.28658178256611166 0.579344262295082 0.030558276199804113 0.009781420765027322
1 0.42498530852105776 0.5888661202185792 0.09776689520078354 0.06571038251366121
15 0.286743388834476 0.5928449453551913 0.02892262487757101 0.010826502732240437
1 0.8104995102840352 0.6026127049180328 0.024524975514201762 0.009870218579234973
1 0.28710577864838394 0.6023668032786885 0.029647404505386877 0.006646174863387979
1 0.7457590597453476 0.6045628415300547 0.02237022526934378 0.006939890710382514
1 0.7693682664054848 0.6053039617486339 0.008863858961802156 0.015252732240437158
15 0.9113467189030362 0.6055737704918033 0.012703232125367288 0.017158469945355193
1 0.28808521057786485 0.6111304644808744 0.029647404505386877 0.0077800546448087435
15 0.8426395690499511 0.6141666666666666 0.012409402546523016 0.016584699453551913
15 0.2885063663075416 0.62150956284153 0.026571988246816846 0.009412568306010928
1 0.8045837414299707 0.6336168032786885 0.02444662095984329 0.009036885245901639
15 0.2882713026444662 0.6332445355191257 0.030019588638589615 0.009658469945355191
15 0.8196033300685603 0.06366120218579235 0.04077375122428992 0.013934426229508195
1 0.41006856023506366 0.6461953551912568 0.04246816846229187 0.015068306010928961
1 0.4408765915768854 0.6471516393442622 0.012017629774730657 0.018346994535519124
1 0.7782517140058767 0.06560792349726775 0.0266307541625857 0.008265027322404372
15 0.2095543584720862 0.6505806010928962 0.00970617042115573 0.01837431693989071
15 0.2355142017629775 0.6510314207650273 0.01069539666993144 0.01790983606557377
15 0.2228305582761998 0.651516393442623 0.012752203721841332 0.01887978142076503
1 0.27477473065621943 0.6519637978142077 0.05983349657198825 0.019774590163934427
1 0.2738197845249755 0.6724248633879781 0.0618413320274241 0.018346994535519124
15 0.23713026444662097 0.6728961748633879 0.013927522037218414 0.01792349726775956
15 0.2227179236043095 0.6741427595628415 0.012526934378060723 0.019050546448087433
15 0.2080313418217434 0.6743545081967213 0.014495592556317336 0.019474043715846996
9 0.7953770812928502 0.6757513661202186 0.17057786483839374 0.07281420765027322