1 0.04916107382550335 0.11296626054358012 0.040795781399808245 0.023495782567947515
1 0.5483604985618409 0.13739925023430177 0.08042186001917545 0.029250234301780694
15 0.054189837008628956 0.15136363636363637 0.06619367209971237 0.04218369259606373
15 0.8411025886864812 0.1583880037488285 0.01202301054650048 0.022492970946579195
15 0.8535330776605945 0.1611012183692596 0.010038350910834134 0.026044985941893157
1 0.24269894534995204 0.16518744142455483 0.00984659635666347 0.026719775070290535
1 0.2555273250239693 0.16561387066541705 0.010575263662511984 0.027572633552014995
1 0.4975455417066156 0.1798078725398313 0.019060402684563757 0.04096532333645736
1 0.5875551294343241 0.18351921274601687 0.01691275167785235 0.03901593252108716
1 0.5311217641418984 0.18449390815370195 0.017181208053691277 0.04096532333645736
1 0.14891658676893577 0.1888800374882849 0.031294343240651966 0.0741049671977507
1 0.18988974113135187 0.19624179943767572 0.011610738255033556 0.021349578256794753
15 0.1771524448705657 0.19933926897844423 0.012981783317353786 0.029418931583880037
1 0.5590795781399809 0.2155716963448922 0.03858101629913711 0.015023430178069355
1 0.8923537871524448 0.22895501405810686 0.018648130393096835 0.043664479850046865
15 0.5030728667305849 0.23199156513589503 0.010939597315436242 0.025370196813495782
1 0.847607861936721 0.23238987816307405 0.013528283796740172 0.020543580131208997
1 0.910215723873442 0.23239456419868793 0.010268456375838926 0.02992502343017807
15 0.48985618408437204 0.2343439550140581 0.011351869606903164 0.022577319587628864
1 0.04681687440076702 0.23828491096532334 0.03418983700862895 0.07169634489222118
15 0.2225934803451582 0.2636832239925024 0.027162032598274207 0.008153701968134957
15 0.22341802492809204 0.2746626054358013 0.02305848513902205 0.009493908153701968
15 0.22406519654841803 0.28670103092783505 0.0224352828379674 0.011077788191190253
15 0.22391179290508148 0.2982099343955014 0.02404602109300096 0.009728209934395502
1 0.04792905081495686 0.30184161199625115 0.013403643336529244 0.024489222118088096
15 0.2248993288590604 0.3078725398313027 0.022186001917545543 0.006560449859418931
15 0.5214141898370087 0.31211340206185567 0.026529242569511027 0.011293345829428304
9 0.3606807286673058 0.3167994376757263 0.19403643336529242 0.1893626991565136
15 0.22596836049856184 0.31945641986879103 0.018571428571428572 0.009109653233364575
15 0.5211888782358581 0.3222680412371134 0.024161073825503355 0.01098406747891284
9 0.12996644295302015 0.3377038425492034 0.11036433365292425 0.1730646672914714
4 0.9392953020134228 0.33848172446110586 0.06651006711409396 0.10901593252108716
15 0.6831783317353787 0.339784442361762 0.020239693192713328 0.010402999062792876
1 0.866888782358581 0.3457685098406748 0.040584851390220514 0.020496719775070293
15 0.6687248322147651 0.35030927835051545 0.023930968360498562 0.008959700093720713
1 0.6707190795781399 0.36193533270852857 0.02408437200383509 0.011593252108716026
15 0.7081879194630872 0.3722211808809747 0.010814956855225311 0.02279287722586692
15 0.8487727708533077 0.37227272727272726 0.021610738255033558 0.009775070290534208
15 0.7296116970278044 0.37335988753514526 0.011476510067114094 0.021321462043111528
15 0.7202301054650049 0.37483130271790066 0.009971236816874401 0.024264292408622306
15 0.5014573346116971 0.3776522961574508 0.023048897411313517 0.013036551077788191
20 0.8792473633748801 0.3809465791940019 0.030786193672099713 0.025248359887535148
15 0.822986577181208 0.3831208997188379 0.019894534995206135 0.008978444236176195
15 0.8511457334611697 0.383514526710403 0.0225215723873442 0.011640112464854732
15 0.501869606903164 0.39241799437675723 0.025790987535953977 0.0107029053420806
15 0.8390220517737297 0.3933083411433927 0.023202301054650046 0.010609184629803186
20 0.7964525407478428 0.3975679475164011 0.03585810162991371 0.028500468603561386
15 0.8182262703739214 0.40248828491096533 0.012291466922339405 0.023345829428303655
15 0.5032502396931927 0.40368322399250234 0.02279961649089166 0.0088659793814433
20 0.7618072866730585 0.40514058106841616 0.02601150527325024 0.02865042174320525
15 0.8425695110258868 0.4106560449859419 0.020709491850431447 0.00781630740393627
20 0.8827468839884948 0.41361293345829425 0.030115052732502395 0.028725398313027176
15 0.844621284755513 0.42269915651358947 0.022895493767976987 0.011283973758200562
1 0.7819558964525408 0.42601686972820996 0.024122722914669225 0.010421743205248359
15 0.8102636625119847 0.42708528584817246 0.02321188878235858 0.012558575445173383
15 0.8064093959731544 0.43834582942830363 0.021255992329817834 0.006963448922211808
15 0.7828187919463088 0.44097938144329896 0.02584851390220518 0.010356138706654172
9 0.6287152444870565 0.4415463917525773 0.10306807286673059 0.09958762886597938
15 0.9094151486097795 0.4481021555763824 0.027842761265580055 0.013355201499531396
20 0.8585906040268456 0.4486879100281162 0.029741131351869607 0.027647610121836926
15 0.810091083413231 0.45268509840674787 0.020949185043144775 0.009400187441424554
15 0.883130393096836 0.4530178069353327 0.013624161073825504 0.021312089971883785
1 0.7818408437200384 0.4539175257731959 0.023892617449664432 0.008116213683223992
15 0.5161744966442953 0.45591846298031863 0.021802492809204217 0.008369259606373008
1 0.8090412272291467 0.4629990627928772 0.022684563758389262 0.011283973758200562
15 0.7830249280920423 0.46357075913776946 0.020508149568552254 0.008678537956888471
15 0.5146692233940555 0.4668650421743205 0.02454458293384468 0.009643861293345829
15 0.8087200383509109 0.4748359887535145 0.020124640460210928 0.006841611996251171
1 0.7831399808245446 0.4753045923149016 0.024573346116970277 0.009653233364573572
15 0.08440556088207095 0.477863167760075 0.009654841802492809 0.02414245548266167
1 0.06962607861936722 0.47832708528584816 0.01077660594439118 0.023195876288659795
1 0.155790987535954 0.47898313027179007 0.01436241610738255 0.02450796626054358
1 0.14051294343240653 0.47882380506091843 0.014487056567593479 0.02231490159325211
15 0.1274928092042186 0.47947047797563264 0.013374880153403643 0.02548266166822868
15 0.10009108341323106 0.4795407685098407 0.012262703739213806 0.02
1 0.1160738255033557 0.4804451733833177 0.011629913710450624 0.027432052483598875
1 0.8092857142857143 0.4863261480787254 0.025091083413231068 0.009203373945641987
15 0.7816347075743049 0.48718837863167763 0.02156279961649089 0.009053420805998125
15 0.898039309683605 0.49414245548266167 0.022348993288590604 0.009840674789128397
1 0.7809204218600192 0.4979943767572634 0.023969319271332695 0.008172446110590441
15 0.8107142857142857 0.49842080599812566 0.024113135186960687 0.007150890346766635
15 0.8947315436241611 0.5054123711340206 0.023403643336529244 0.008013120899718838
15 0.06927612655800575 0.5072680412371134 0.008159156279961648 0.022970946579194004
15 0.7803547459252157 0.5080974695407685 0.022837967401725792 0.009634489222118087
15 0.810412272291467 0.509639175257732 0.023509108341323106 0.008969072164948454
15 0.8950335570469798 0.5180037488284911 0.024007670182166825 0.008828491096532333
15 0.8685091083413231 0.5189784442361762 0.018897411313518696 0.008903467666354265
15 0.810412272291467 0.5206654170571696 0.023509108341323106 0.008528584817244611
15 0.47040747842761266 0.5225164011246485 0.02231064237775647 0.010356138706654172
15 0.7807142857142857 0.5236551077788191 0.021639501438159157 0.010759137769447048
1 0.6815867689357622 0.5248453608247423 0.011303930968360498 0.024386129334582944
15 0.5218935762224353 0.5299437675726336 0.01214765100671141 0.021462043111527645
1 0.06987535953978907 0.5305670103092783 0.011275167785234899 0.022708528584817245
15 0.50967401725791 0.5318322399250235 0.01071907957813998 0.028987816307403935
15 0.8101677852348993 0.5331349578256795 0.021102588686481304 0.010974695407685099
15 0.783307766059444 0.532858481724461 0.026826462128475552 0.012296157450796626
1 0.6488063279002877 0.5338612933458294 0.026279961649089165 0.008678537956888471
15 0.46976030680728664 0.5338753514526711 0.022933844678811124 0.010581068416119962
9 0.12174017257909875 0.534859418931584 0.08048897411313519 0.06690721649484536
1 0.8537967401725791 0.5383505154639174 0.025906040268456377 0.010159325210871602
15 0.7816155321188878 0.5431630740393627 0.023441994247363374 0.008537956888472352
15 0.8105992329817834 0.5438097469540768 0.020047938638542664 0.00795688847235239
1 0.06872962607861936 0.5549906279287722 0.010901246404602109 0.02282099343955014
1 0.454496644295302 0.5579568884723525 0.02692233940556088 0.010009372071227741
15 0.6004410354745925 0.5677085285848172 0.025426653883029723 0.01076850984067479
15 0.8560306807286673 0.5746391752577319 0.024621284755512944 0.011508903467666354
1 0.45865771812080536 0.5761855670103092 0.04099712368168744 0.018350515463917524
15 0.5991131351869607 0.5796813495782568 0.02277085330776606 0.008472352389878162
1 0.16081975071907958 0.5827928772258669 0.01099712368168744 0.025941893158388005
15 0.36696548418024927 0.5833223992502343 0.011016299137104507 0.025126522961574506
15 0.10411313518696069 0.58398313027179 0.012636625119846596 0.020824742268041235
15 0.11638063279002876 0.5843252108716026 0.008408437200383508 0.02338331771321462
1 0.09161073825503356 0.5848125585754452 0.010642377756471717 0.02435801312089972
1 0.1287104506232023 0.5850562324273665 0.008139980824544583 0.024845360824742268
1 0.05104985618408437 0.5857825679475164 0.01389261744966443 0.03004686035613871
1 0.0777085330776606 0.5858481724461106 0.01351869606903164 0.026429240862230554
15 0.06596836049856185 0.5855295220243674 0.011131351869606903 0.02204311152764761
1 0.14489453499520613 0.5865042174320524 0.01174496644295302 0.023992502343017807
9 0.5411697027804411 0.5894751640112466 0.06412272291466922 0.056176194939081533
1 0.8573633748801535 0.5937394564198688 0.021534036433365294 0.010346766635426429
4 0.9597219558964526 0.5981162136832241 0.07668264621284755 0.23465791940018743
15 0.6049137104506231 0.6014292408622306 0.009443911792905081 0.02197750702905342
15 0.31142857142857144 0.604967197750703 0.011160115052732502 0.023430178069353328
15 0.8831543624161073 0.6109559512652296 0.023259827420901248 0.00916588566073102
9 0.7103835091083414 0.6191846298031864 0.13409395973154364 0.11746954076850985
15 0.8283173537871524 0.6231021555763824 0.011380632790028763 0.022211808809746953
15 0.47170182166826463 0.6240955951265229 0.00955896452540748 0.02794751640112465
15 0.8870805369127517 0.6245970009372072 0.02152444870565676 0.01020618556701031
15 0.4230872483221476 0.6241799437675727 0.012042186001917546 0.026241799437675725
15 0.410287631831256 0.6254592314901594 0.01137104506232023 0.02880037488284911
15 0.4584659635666347 0.6247516401124649 0.009932885906040268 0.025510777881911903
15 0.43430488974113135 0.6261059044048735 0.009549376797698947 0.022596063730084347
15 0.4476941514860978 0.6272258669165885 0.007564717162032598 0.02296157450796626
1 0.13302972195589646 0.633950328022493 0.014860977948226271 0.023289597000937207
1 0.6058628954937679 0.6353514526710402 0.022847555129434323 0.00922211808809747
15 0.8870997123681688 0.6353514526710402 0.023480345158197507 0.011096532333645735
1 0.520268456375839 0.6359278350515464 0.026155321188878238 0.01224929709465792
15 0.3035234899328859 0.6392970946579194 0.024113135186960687 0.0077413308341143395
15 0.1593863854266539 0.6400609184629804 0.027305848513902206 0.014892221180880976
1 0.8438878235858102 0.6428725398313028 0.023346116970278045 0.013017806935332709
15 0.6073489932885906 0.648477038425492 0.021984659635666346 0.009231490159325211
1 0.47980824544582934 0.6516963448922212 0.012348993288590605 0.025042174320524836
1 0.4594391179290508 0.6552858481724462 0.025302013422818792 0.013477038425492034
15 0.6070949185043145 0.6613542642924086 0.02339405560882071 0.010618556701030927
15 0.7923777564717163 0.667642924086223 0.01236816874400767 0.023195876288659795
1 0.12205177372962607 0.6698594189315838 0.08111217641418983 0.03325210871602624
15 0.6077996164908916 0.6711808809746954 0.024803451581975073 0.007778819119025305
9 0.5525119846596357 0.6801921274601687 0.05420901246404602 0.06891283973758201
1 0.8753116011505274 0.6837441424554827 0.009491850431447747 0.025407685098406747
15 0.606332694151486 0.683987816307404 0.023787152444870563 0.007150890346766635
1 0.8522818791946308 0.6869962511715089 0.01137104506232023 0.022539831302717903
15 0.7952732502396932 0.6960402999062792 0.010488974113135187 0.02188378631677601
15 0.6063087248322148 0.6956560449859419 0.021821668264621286 0.007994376757263355
15 0.7304889741131352 0.6980834114339269 0.013231064237775647 0.024095595126522963
15 0.7057334611697028 0.6982942830365512 0.011658676893576223 0.022642924086223055
15 0.6579626078619367 0.6996110590440487 0.010076701821668265 0.023402061855670103
15 0.6821284755512944 0.6996110590440487 0.01046979865771812 0.023402061855670103
15 0.6341275167785235 0.6996110590440487 0.008427612655800575 0.01965323336457357
15 0.6475695110258868 0.6997610121836926 0.010383509108341323 0.019953139643861292
15 0.6940124640460211 0.7009700093720712 0.01697986577181208 0.024245548266166823
15 0.7192329817833173 0.7005342080599812 0.011812080536912751 0.025248359887535148
15 0.669765100671141 0.7014479850046861 0.012588686481303932 0.023327085285848172
4 0.755934803451582 0.07083880037488285 0.30189837008628956 0.06857544517338332
15 0.7411361457334612 0.7054311152764762 0.011514860977948226 0.02379568884723524
15 0.7645589645254074 0.7057310215557638 0.010421860019175454 0.020646672914714153
15 0.7539117929050816 0.706630740393627 0.008302972195589646 0.02057169634489222
15 0.4969127516778523 0.7131818181818183 0.023547459252157236 0.011180880974695407
15 0.6226222435282838 0.7127319587628866 0.008427612655800575 0.021527647610121835
15 0.6117257909875359 0.7133458294283036 0.011562799616490892 0.022755388940955953
15 0.498542665388303 0.7235192127460168 0.02105465004793864 0.009362699156513589
15 0.7191323106423777 0.7266869728209935 0.007775647171620326 0.023195876288659795
15 0.6576222435282838 0.7270993439550141 0.011313518696069032 0.022146204311152762
15 0.6945445829338447 0.7282895970009372 0.01037392138063279 0.022652296157450798
1 0.7057957813998083 0.7281724461105905 0.009865771812080535 0.02429240862230553
15 0.6822770853307766 0.7287535145267104 0.010767018216682647 0.02358013120899719
15 0.730757430488974 0.7288097469540769 0.011850431447746883 0.02181818181818182
15 0.6339165867689357 0.7287675726335521 0.009923298178331735 0.021733833177132147
15 0.6446548418024928 0.7290768509840674 0.010306807286673058 0.022352389878163074
1 0.6694007670182166 0.7292455482661668 0.011860019175455417 0.022689784442361763
15 0.7420805369127517 0.7307075913776945 0.009568552253116012 0.027488284910965322
15 0.7651102588686481 0.7316213683223992 0.011524448705656758 0.02181818181818182
15 0.7531351869606903 0.7315838800374883 0.010584851390220517 0.021743205248359886
15 0.6011265580057527 0.7403514526710403 0.009539789069990411 0.01865979381443299
15 0.5856903163950143 0.744962511715089 0.011265580057526366 0.02225866916588566
9 0.38930968360498563 0.7453655107778819 0.15158197507190796 0.14677600749765699
9 0.0786385426653883 0.7646251171508903 0.04414189837008629 0.06533270852858482
1 0.04009587727708533 0.7653467666354264 0.02074784276126558 0.03865979381443299
1 0.23031160115052732 0.7689784442361762 0.01383509108341323 0.023430178069353328
15 0.2566682646212847 0.776049671977507 0.026279961649089165 0.013205248359887536
1 0.7534515819750719 0.7831302717900657 0.01505273250239693 0.027366447985004684
9 0.7957622243528284 0.78398313027179 0.05748801534036434 0.06093720712277413
9 0.704784276126558 0.7845688847235239 0.055781399808245445 0.06398313027179006
4 0.9409300095877277 0.7861293345829428 0.07361457334611697 0.11958762886597937
4 0.2591418983700863 0.07919868791002811 0.28626078619367207 0.06280224929709466
9 0.5458389261744966 0.787792877225867 0.04469798657718121 0.06293345829428304
1 0.6624784276126559 0.7932474226804124 0.013355704697986578 0.02698219306466729
1 0.5820086289549377 0.8033036551077788 0.011572387344199426 0.022727272727272728
1 0.22357622243528283 0.806958762886598 0.08281879194630871 0.03940955951265229
1 0.5010594439117929 0.8310918462980318 0.033758389261744966 0.016447985004686035
15 0.5045206136145733 0.8446626054358013 0.03301054650047939 0.009850046860356138
20 0.17807286673058484 0.908406747891284 0.03975071907957814 0.062361761949390825
4 0.6321380632790028 0.9082521087160262 0.1348418024928092 0.06767572633552014
1 0.8066634707574305 0.9148969072164949 0.01601150527325024 0.022858481724461106
1 0.1394822627037392 0.9161059044048735 0.020095877277085332 0.04214620431115276
1 0.8234276126558006 0.9169868791002811 0.013106423777564716 0.025164011246485474
9 0.7563998082454458 0.9193205248359887 0.06888782358581015 0.03732895970009372
1 0.09784755512943433 0.9323477038425493 0.007775647171620326 0.02402061855670103