1 0.6100233317778815 0.5633361486486487 0.007727484834344376 0.003924549549549549
15 0.18134624358376109 0.5659656531531532 0.004316378908072795 0.010309684684684683
15 0.09753616425571629 0.5688626126126126 0.0065515632291180586 0.003716216216216216
1 0.6092533831077929 0.5709262387387387 0.005254316378908073 0.002212837837837838
15 0.6236444237050863 0.5713063063063063 0.006038264115725618 0.002972972972972973
15 0.7997713485767616 0.572080518018018 0.009248716752216519 0.0033952702702702703
15 0.7788240783947736 0.057621058558558556 0.011217918805412973 0.007134009009009009
15 0.7609076061595894 0.05783783783783784 0.008982734484367708 0.006441441441441442
15 0.7817802146523565 0.5764132882882883 0.005930937937470836 0.004177927927927928
15 0.09796080261315912 0.5769481981981982 0.00646756882874475 0.004121621621621622
15 0.5327508166122258 0.5771030405405405 0.007172188520765282 0.005557432432432432
15 0.88351376574895 0.5802787162162163 0.011544563695753615 0.004025900900900901
15 0.09753616425571629 0.5857911036036036 0.0065515632291180586 0.004915540540540541
9 0.9607862809146057 0.586525900900901 0.03076528231451237 0.06043918918918919
1 0.5326224918338778 0.5872550675675675 0.010648623425104992 0.0033389639639639637
15 0.5514629024731685 0.5877815315315316 0.010065328978068128 0.006644144144144145
15 0.43749650023331776 0.5883277027027026 0.007050863275781615 0.004358108108108108
15 0.6935160989267382 0.5954166666666667 0.007657489500699954 0.0038963963963963965
1 0.5513205786280915 0.5969031531531531 0.011647223518432104 0.004617117117117117
1 0.5326201586560896 0.5971368243243244 0.006910872608492768 0.0028322072072072073
15 0.8845496966868875 0.5975563063063063 0.009883341110592627 0.0025450450450450446
15 0.43642323845076997 0.5977393018018018 0.005837610825944937 0.0051632882882882885
15 0.46928604759682685 0.5981024774774775 0.009034064395706953 0.004763513513513514
1 0.6943023798413439 0.6058136261261261 0.005496966868875408 0.0021677927927927928
1 0.5519598693420438 0.6064048423423423 0.007326178254783014 0.0033502252252252253
15 0.532515165655623 0.6069031531531531 0.006700886607559495 0.003220720720720721
15 0.5956509566028931 0.6070298423423424 0.006047596826878209 0.003474099099099099
1 0.36435137657489497 0.6122184684684684 0.0035510965935604297 0.013851351351351352
15 0.6949626691553896 0.6150253378378379 0.005884274381707886 0.0025731981981981984
15 0.5952449836677555 0.6156390765765766 0.007102193187120859 0.003800675675675676
15 0.5505972935137657 0.6164161036036037 0.0055342977134857675 0.0031024774774774774
1 0.5330564629024731 0.617179054054054 0.009650023331777882 0.004628378378378379
15 0.5793700419972001 0.6180489864864864 0.008950069995333645 0.004115990990990991
15 0.8004199720018665 0.6220129504504505 0.007746150256649558 0.0030349099099099097
15 0.8840293980401306 0.6233755630630631 0.009776014932337844 0.004634009009009009
15 0.781882874475035 0.6239498873873874 0.0042697153523098465 0.004656531531531532
15 0.8672165188987401 0.6242623873873874 0.008814745683621093 0.005281531531531532
15 0.5324241717218852 0.6259346846846847 0.008385440970601959 0.004121621621621622
15 0.550823611759216 0.6261711711711712 0.007853476434904338 0.0023423423423423423
15 0.439636024265049 0.627080518018018 0.008530097993467102 0.0030349099099099097
1 0.5663439104059729 0.6266666666666667 0.007162855809612692 0.005585585585585586
15 0.6932664489034065 0.6280152027027027 0.007158189454036398 0.003778153153153153
1 0.45854643023798414 0.6289498873873874 0.014619692020531963 0.005647522522522522
20 0.9421371908539431 0.06344031531531531 0.012132524498366775 0.013141891891891891
20 0.39373308446103594 0.6308417792792793 0.037116192253849746 0.03195382882882883
1 0.5330564629024731 0.6342652027027027 0.009650023331777882 0.005016891891891892
15 0.5508189454036397 0.6366920045045046 0.004111059262715819 0.003113738738738739
15 0.5659099393373774 0.6375957207207207 0.008161455902939803 0.002668918918918919
15 0.4399253383107793 0.638902027027027 0.008175454969668688 0.0041554054054054055
15 0.6943000466635557 0.6410754504504504 0.00455902939804013 0.005123873873873874
15 0.5511315912272515 0.6477421171171172 0.007536164255716285 0.0038175675675675676
15 0.6956789547363509 0.6498536036036037 0.006383574428371442 0.004662162162162161
15 0.40818945403639756 0.6565765765765765 0.008166122258516099 0.0045945945945945945
15 0.7893257116192254 0.6613738738738738 0.006089594027064863 0.002927927927927928
15 0.6359752683154456 0.6713541666666667 0.0111012599160056 0.004870495495495496
15 0.18665422305179655 0.6816075450450451 0.004666355576294913 0.011863738738738739
15 0.17783947736817546 0.6819144144144144 0.0029024731684554363 0.013603603603603603
15 0.6362389174055063 0.682249436936937 0.007895473635090995 0.003012387387387387
4 0.6698903406439571 0.6831559684684685 0.02666822211852543 0.17149211711711712
15 0.35701119925338315 0.6909515765765767 0.012202519832011198 0.004650900900900901
15 0.6361269248716752 0.6920861486486486 0.007671488567428839 0.0024155405405405406
15 0.3320158656089594 0.6923367117117116 0.00700886607559496 0.005168918918918919
9 0.10562062529164723 0.6941328828828829 0.02552029864675688 0.08308558558558558
15 0.1399720018665422 0.699251126126126 0.011161922538497434 0.005484234234234235
15 0.15606859542697152 0.6992004504504504 0.009757349510032664 0.005382882882882883
15 0.637295846943537 0.7041807432432432 0.004409706019598693 0.0029560810810810812
1 0.14172888474101727 0.710365990990991 0.01000933271115259 0.005191441441441442
15 0.4044680354643024 0.7118158783783783 0.008189454036397573 0.004712837837837837
1 0.07043630424638357 0.7138429054054054 0.009281381241250584 0.005388513513513514
15 0.15579561362575828 0.7187978603603604 0.008278114792347175 0.002911036036036036
15 0.14120625291647224 0.7215624999999999 0.010830611292580495 0.006188063063063063
15 0.07050629958002799 0.7233361486486486 0.011287914139057397 0.005230855855855855
1 0.4044680354643024 0.7243355855855856 0.01378908072795147 0.004977477477477478
1 0.06957069528698087 0.7331587837837837 0.009416705552963136 0.0057319819819819815
15 0.40334577694820345 0.7338316441441441 0.00967802146523565 0.0036993243243243243
1 0.14145123658422773 0.7364724099099098 0.014120391973868409 0.0056024774774774775
15 0.40363042463835747 0.743490990990991 0.010247316845543631 0.0038738738738738738
15 0.6903499766682222 0.07471846846846847 0.010657956136257583 0.005292792792792793
1 0.15823611759216052 0.07479166666666667 0.006626224918338777 0.002060810810810811
15 0.5497970135324312 0.7489498873873874 0.007666822211852543 0.0035304054054054053
15 0.5296336910872609 0.7500056306306306 0.009337377508166123 0.006768018018018017
15 0.5091320578628091 0.7516554054054054 0.009398040130657957 0.004436936936936937
15 0.4948086794213719 0.752652027027027 0.006882874475034998 0.004177927927927928
15 0.5904083061129257 0.7534093468468469 0.007694820345310312 0.004566441441441441
15 0.3822958469435371 0.7549690315315316 0.006775548296780214 0.004307432432432433
9 0.605886607559496 0.7588682432432432 0.012519832011199253 0.02224099099099099
15 0.08328278114792347 0.7596452702702703 0.006042930471301913 0.004650900900900901
1 0.5875944937004199 0.7618693693693693 0.011399906672888474 0.0034684684684684686
15 0.38301213252449834 0.7654560810810811 0.00727484834344377 0.0038851351351351354
9 0.35166822211852544 0.7677646396396396 0.03791413905739617 0.017511261261261263
15 0.9239827344843677 0.7689611486486486 0.002888474101726552 0.012021396396396397
1 0.08308912739150723 0.7713907657657658 0.007522165188987401 0.0033671171171171174
15 0.6538870741950537 0.07722691441441441 0.007727484834344376 0.004679054054054054
15 0.8527508166122258 0.7718440315315316 0.010681287914139057 0.006525900900900901
15 0.8313625758282781 0.7728322072072071 0.008968735417638823 0.003997747747747748
15 0.9746010265982269 0.776677927927928 0.011731217918805414 0.00268018018018018
15 0.6735790947270182 0.0781447072072072 0.007914139057396173 0.0031362612612612613
15 0.08302146523565096 0.7805011261261262 0.0064535697620158655 0.00356981981981982
1 0.048516098926738215 0.07829391891891893 0.008371441903873076 0.00456081081081081
9 0.7140900606626225 0.783186936936937 0.0273401773215119 0.01457207207207207
15 0.9256976201586561 0.7871114864864865 0.0035184321045263647 0.012286036036036035
15 0.9740690620625291 0.787204391891892 0.007867475501633225 0.003462837837837838
15 0.06700653289780681 0.07892454954954954 0.01268782081194587 0.00356981981981982
9 0.264398040130658 0.7932516891891892 0.04349510032664489 0.0313231981981982
1 0.9432244517032198 0.07956081081081082 0.009640690620625291 0.004842342342342342
15 0.9539057396173588 0.7949802927927928 0.009538030797946804 0.0043749999999999995
15 0.08023798413439104 0.7983389639639639 0.0027531497900139994 0.00884009009009009
15 0.06260382641157256 0.7987359234234235 0.004815678954736351 0.00963400900900901
15 0.05551096593560429 0.7990512387387387 0.002762482501166589 0.009138513513513514
1 0.23077928138124126 0.7996002252252252 0.012655156322911806 0.006858108108108108
15 0.07181287914139058 0.7994481981981981 0.00456836210919272 0.009932432432432433
15 0.6592720485300979 0.799901463963964 0.0026318245450303313 0.013091216216216216
1 0.6659659356042931 0.8012077702702702 0.0029538030797946805 0.014577702702702703
1 0.6809496033597761 0.8012077702702702 0.0030564629024731685 0.014577702702702703
15 0.6880821278581427 0.8014217342342342 0.0033224451703219786 0.010501126126126125
15 0.673987400839944 0.8022128378378378 0.002197853476434904 0.010957207207207208
15 0.8318945403639757 0.8033445945945946 0.008166122258516099 0.004211711711711712
15 0.9556602893140458 0.8039724099099099 0.007447503499766682 0.00321509009009009
15 0.09796780214652356 0.8073001126126127 0.002748483434437704 0.012122747747747749
15 0.09017265515632292 0.8080940315315315 0.00489034064395707 0.013710585585585586
15 0.10738217452169856 0.8087246621621622 0.002911805879608026 0.012719594594594595
15 0.23080261315912273 0.8096762387387387 0.008968735417638823 0.004487612612612613
15 0.8329678021465236 0.8127646396396396 0.01031264582361176 0.0061599099099099094
15 0.5624965002333178 0.8131587837837838 0.005067662155856276 0.010326576576576577
1 0.6074148390107327 0.8135529279279279 0.0043770415305646295 0.01224099099099099
15 0.9560079328044797 0.8140118243243243 0.008142790480634625 0.0030236486486486486
1 0.5929094727018199 0.8141807432432432 0.003364442370508633 0.012370495495495494
1 0.6005716285580962 0.8143496621621622 0.0028231451236584225 0.014960585585585585
1 0.5864675688287447 0.8141610360360361 0.0026131591227251515 0.011204954954954955
15 0.384192720485301 0.08168074324324325 0.010569295380307979 0.0057038288288288296
15 0.5331264582361176 0.8173029279279279 0.008856742883807747 0.003975225225225225
15 0.8519668688754084 0.8176632882882884 0.007246850209986001 0.00356981981981982
15 0.7406999533364442 0.8179166666666666 0.00869808679421372 0.004076576576576577
15 0.0640317312179188 0.8181503378378379 0.0030051329911339247 0.012426801801801802
1 0.07171488567428838 0.8178828828828828 0.005305646290247316 0.016396396396396395
1 0.03046430237984134 0.81834740990991 0.006798880074661689 0.012820945945945945
15 0.2295380307979468 0.8182967342342343 0.00923938404106393 0.0037105855855855854
15 0.08103126458236118 0.8188626126126126 0.0062062529164722356 0.012725225225225225
1 0.04692020531964536 0.8189442567567567 0.0042463835744283715 0.01401463963963964
1 0.03879608026131591 0.8192595720720721 0.005730284647690154 0.013519144144144145
15 0.7580167988800747 0.819954954954955 0.01346710219318712 0.0025225225225225228
1 0.05524965002333178 0.8202364864864865 0.0031731217918805413 0.013220720720720721
15 0.8324311712552497 0.821722972972973 0.00923938404106393 0.004932432432432432
9 0.10682221185254318 0.08268862612612612 0.025123658422771818 0.0685304054054054
15 0.9559006066262249 0.8222550675675676 0.007928138124125057 0.0037443693693693697
20 0.490443303779748 0.8274099099099099 0.011217918805412973 0.014054054054054054
15 0.2364115725618292 0.0833079954954955 0.007120858609426038 0.004453828828828829
15 0.7417358842743816 0.8281981981981983 0.0070368642090527294 0.003243243243243243
20 0.4713999066728885 0.8281672297297298 0.008595426971535232 0.014442567567567568
15 0.43990200653289785 0.8286148648648648 0.0053289780681287915 0.010833333333333332
1 0.4324475034997667 0.8285810810810811 0.004419038730751283 0.010765765765765767
20 0.4545450303313113 0.8305743243243243 0.0066168922071861876 0.012499999999999999
15 0.9570158656089595 0.8316469594594595 0.006425571628558096 0.002257882882882883
9 0.9195893607092861 0.8318721846846847 0.027699486700886608 0.03423986486486487
1 0.8722141857209519 0.833696509009009 0.010410639290713952 0.005230855855855855
15 0.8316682221185254 0.8338231981981982 0.008646756882874475 0.004358108108108108
15 0.524731684554363 0.8347297297297297 0.0013999066728884741 0.008423423423423424
15 0.5186607559496034 0.8352561936936936 0.004190387307512832 0.011728603603603604
15 0.5662085860942604 0.8352561936936936 0.0031591227251516565 0.011728603603603604
1 0.2614022398506766 0.8386711711711712 0.0039057396173588425 0.015180180180180181
15 0.2678464769015399 0.8392708333333334 0.003728418105459636 0.010748873873873873
15 0.743054129724685 0.8396227477477478 0.011539897340177322 0.00356981981981982
15 0.8327321511899207 0.8422832207207207 0.007041530564629025 0.0032601351351351352
1 0.926581894540364 0.08490427927927928 0.004353709752683154 0.003141891891891892
1 0.7418478768082127 0.8482798423423424 0.00912739150723285 0.0028659909909909908
1 0.44904573028464767 0.8481531531531531 0.004951003266448904 0.011621621621621623
15 0.7581614559029398 0.8492623873873874 0.00815678954736351 0.003704954954954955
15 0.4586280914605693 0.8495692567567568 0.0045170321978534765 0.012201576576576577
15 0.8520905272981801 0.8495298423423424 0.008427438170788613 0.004239864864864865
15 0.14059729351376576 0.08480855855855857 0.012412505832944471 0.004076576576576577
15 0.4687214185720952 0.8505996621621621 0.005104993000466635 0.012010135135135134
1 0.741644890340644 0.8575506756756757 0.007788147456836212 0.0033896396396396393
15 0.8536677554829678 0.8608980855855856 0.00971535230984601 0.006706081081081081
15 0.673656089594027 0.0868018018018018 0.009001399906672888 0.0046846846846846845
15 0.7587890807279515 0.8638879504504505 0.00847876808212786 0.0025506756756756756
15 0.6546733551096593 0.08676238738738738 0.00836677554829678 0.004605855855855856
1 0.43113859076061595 0.8681193693693694 0.0036677554829678024 0.015518018018018017
1 0.4392580494633691 0.8689780405405406 0.0040410639290713955 0.012730855855855856
1 0.44818712085860946 0.8694003378378379 0.003233784414372375 0.01357545045045045
1 0.46766448903406443 0.8698789414414414 0.003924405039664023 0.012280405405405405
15 0.6907186187587494 0.08715653153153152 0.005795613625758283 0.003141891891891892
1 0.9309846010265982 0.876151463963964 0.0028931404573028464 0.01018581081081081
1 0.9689640690620624 0.8762809684684685 0.00325711619225385 0.01044481981981982
1 0.940065328978068 0.876829954954955 0.0033224451703219786 0.011542792792792793
1 0.9491320578628092 0.8783586711711712 0.004657022865142324 0.011221846846846847
1 0.7003546430237984 0.8788569819819819 0.009202053196453569 0.0043355855855855855
1 0.8078418105459636 0.8834403153153153 0.008590760615958936 0.004493243243243243
1 0.7587120858609426 0.8842173423423423 0.008324778348110125 0.002668918918918919
15 0.6457419505366309 0.8857122747747749 0.009169388707419505 0.004532657657657658
15 0.8297433504433038 0.8860613738738738 0.008530097993467102 0.0041047297297297294
15 0.8089034064395707 0.8921931306306307 0.006980867942137191 0.003980855855855856
15 0.4387610825944937 0.8927561936936937 0.002113859076061596 0.009611486486486487
15 0.4303569762015866 0.892865990990991 0.004904339710685954 0.008704954954954956
15 0.45264349043397106 0.8932882882882883 0.004680354643023798 0.009549549549549551
15 0.7032034531031264 0.8934234234234234 0.0027671488567428838 0.010945945945945947
15 0.7095356976201587 0.8935135135135136 0.003299113392440504 0.008873873873873873
15 0.7591367242183854 0.8937809684684684 0.0073075128324778344 0.003778153153153153
1 0.46622258516098924 0.8938963963963964 0.0029071395240317316 0.008513513513513513
1 0.46088194120391973 0.894214527027027 0.004358376108259449 0.012528153153153154
15 0.4451633224451703 0.8941554054054054 0.0037190853943070462 0.009031531531531531
1 0.9325898273448436 0.8979222972972973 0.004237050863275782 0.01543918918918919
1 0.9195473635090994 0.8989329954954955 0.002417172188520765 0.014082207207207207
1 0.8294797013532431 0.9004673423423424 0.005202986467568829 0.004763513513513514
1 0.8091343910405973 0.9027195945945946 0.00837610825944937 0.004763513513513514
1 0.7561012599160056 0.9048170045045044 0.008702753149790013 0.003327702702702703
1 0.6458329444703687 0.9066948198198198 0.008418105459636024 0.003704954954954955
15 0.9448810079328045 0.0911570945945946 0.010153989734017732 0.0043862612612612616
15 0.7444633691087261 0.9070326576576577 0.004092393840410639 0.012263513513513515
15 0.7097620158656089 0.9101379504504504 0.002818478768082128 0.009465090090090089
15 0.7027088194120392 0.9114132882882884 0.0027111525898273446 0.01088963963963964
1 0.8281194587027532 0.9132573198198198 0.013681754549696687 0.004442567567567567
15 0.8098366775548297 0.9133868243243243 0.006980867942137191 0.004701576576576576
15 0.7582851143257117 0.9153237612612612 0.007470835277648157 0.00294481981981982
1 0.6447760149323379 0.9168524774774774 0.007237517498833411 0.004876126126126127
1 0.1708516098926738 0.09293355855855856 0.0038590760615958932 0.012443693693693695
15 0.23651423238450772 0.09315878378378378 0.006392907139524031 0.002759009009009009
15 0.9237890807279515 0.09498873873873873 0.0071675221651889874 0.0019144144144144144
15 0.6924895006999534 0.09565878378378377 0.010270648623425105 0.004380630630630631
15 0.6551703219785348 0.09620495495495496 0.0037610825944937006 0.003220720720720721
15 0.672484834344377 0.09842905405405405 0.007592160522631825 0.006542792792792793
15 0.943908072795147 0.09983671171171171 0.00727484834344377 0.0048536036036036035
15 0.23682454503033132 0.10213963963963964 0.007013532431171255 0.0027027027027027024
15 0.6905902939804013 0.10319538288288288 0.005538964069062062 0.003688063063063063
15 0.06691553896406907 0.10588682432432432 0.009706019598693421 0.0034403153153153153
1 0.05069762015865609 0.10666948198198198 0.00993467102193187 0.0038795045045045043
15 0.8183271115258982 0.106509009009009 0.00622958469435371 0.012567567567567568
15 0.2360965935604293 0.11168355855855855 0.005557629491367243 0.0026463963963963967
1 0.17074895006999535 0.11148648648648649 0.0045870275314979 0.01126126126126126
15 0.6925781614559029 0.11209177927927927 0.007648156789547364 0.003462837837837838
1 0.1570998600093327 0.11434121621621621 0.009020065328978068 0.0023310810810810807
15 0.1398623425104993 0.1138992117117117 0.009076061595893607 0.0036993243243243243
15 0.06843210452636492 0.11616554054054054 0.009939337377508167 0.0037274774774774776
1 0.04899440037330845 0.11589808558558559 0.013061129258049463 0.0031925675675675675
1 0.1567895473635091 0.12357263513513514 0.009332711152589827 0.0027759009009009007
1 0.10608492767148857 0.12766610360360361 0.0077834811012599155 0.004206081081081081
15 0.0886724218385441 0.128696509009009 0.011222585160989267 0.0028885135135135135
1 0.12444470368642091 0.1290765765765766 0.011838544097060196 0.0047747747747747754
15 0.6435067662155857 0.13091216216216217 0.0037657489500699955 0.009572072072072071
15 0.6278861409239384 0.1317454954954955 0.0033224451703219786 0.010112612612612613
15 0.6359636024265048 0.1317454954954955 0.0026784881007932805 0.010112612612612613
15 0.7829258049463369 0.13204673423423421 0.006355576294913672 0.012967342342342343
20 0.8050583294447037 0.1321171171171171 0.007690153989734018 0.010855855855855856
15 0.4412225851609893 0.132347972972973 0.003303779748016799 0.009065315315315316
15 0.7924591693887074 0.13206925675675676 0.0030237984134391044 0.011886261261261261
15 0.8184087727484833 0.13288006756756757 0.0035930937937470836 0.013507882882882882
15 0.5311945870275314 0.13269707207207207 0.0049930004666355575 0.01088963963963964
15 0.4242160522631825 0.1329757882882883 0.002888474101726552 0.010320945945945945
15 0.6197573495100327 0.13262668918918918 0.004797013532431171 0.008496621621621622
15 0.4824335044330378 0.13282376126126128 0.0026644890340643958 0.011143018018018017
15 0.4999580027998134 0.13322916666666668 0.004115725618292114 0.010827702702702703
15 0.4915842277181521 0.13332488738738738 0.003233784414372375 0.012145270270270271
15 0.44993233784414377 0.1336036036036036 0.003924405039664023 0.01045045045045045
15 0.4670135324311712 0.13385698198198198 0.003555762949136724 0.012083333333333333
15 0.508147456836211 0.13372466216216217 0.0036957536164255716 0.009566441441441441
15 0.4738310779281381 0.13357545045045044 0.004125058329444703 0.01152027027027027
15 0.4324101726551563 0.13357545045045044 0.0043443770415305645 0.01152027027027027
15 0.45853943070461967 0.13357545045045044 0.00433971068595427 0.01152027027027027
15 0.7747876808212786 0.13413006756756757 0.005011665888940737 0.011503378378378379
15 0.5247083527764815 0.13438063063063063 0.002286514232384508 0.008626126126126126
15 0.5164419038730751 0.13451013513513513 0.0034857676154923 0.010011261261261261
1 0.08729351376574895 0.1360247747747748 0.008464769015398974 0.005157657657657658
15 0.3682734484367709 0.1404757882882883 0.008595426971535232 0.006176801801801802
15 0.16963369108726084 0.1462331081081081 0.003289780681287914 0.009808558558558559
15 0.19114325711619226 0.14635416666666667 0.0015118992067195522 0.008924549549549549
15 0.17634857676154925 0.14657657657657658 0.0036537564162389172 0.009369369369369369
15 0.23057162855809613 0.14763795045045044 0.0029071395240317316 0.009239864864864864
15 0.1849766682221185 0.14748592342342343 0.0022445170321978535 0.010061936936936938
15 0.2438147456836211 0.1478885135135135 0.002328511432571162 0.008614864864864865
15 0.16310079328044796 0.14798704954954955 0.003289780681287914 0.011064189189189189
15 0.21572095193653756 0.14811373873873873 0.0030704619692020533 0.011317567567567568
15 0.22326178254783013 0.14848536036036034 0.002286514232384508 0.009808558558558559
15 0.2372071861875875 0.14885979729729729 0.003112459169388707 0.009431306306306307
15 0.36780914605692955 0.14982545045045043 0.009533364442370509 0.0034797297297297297
15 0.7743537097526831 0.15497466216216216 0.005076994867008866 0.009273648648648648
15 0.8172841810545964 0.15521396396396397 0.0032104526364909007 0.007500000000000001
15 0.7839010732617826 0.15574887387387387 0.0027064862342510497 0.01082207207207207
15 0.8023028464769015 0.15623310810810812 0.00404573028464769 0.010664414414414415
15 0.810347643490434 0.1568186936936937 0.0033364442370508634 0.009583333333333333
15 0.7580611292580495 0.15632882882882881 0.003289780681287914 0.011981981981981983
15 0.9442673821745218 0.1568384009009009 0.007993467102193187 0.0028659909909909908
15 0.7519972001866542 0.15706925675675676 0.003294447036864209 0.011210585585585586
15 0.7926784881007933 0.15679054054054054 0.0053289780681287915 0.012905405405405407
15 0.014864675688287447 0.16197353603603604 0.006397573495100327 0.010884009009009009
15 0.9460522631824545 0.16885979729729728 0.008763415772281848 0.0032601351351351352
15 0.8428744750349977 0.17693412162162164 0.004927671488567429 0.0115259009009009
15 0.8000839944003733 0.17822353603603602 0.0033411105926271583 0.009600225225225226
15 0.7853593093793747 0.17816159909909912 0.004689687354176388 0.010602477477477477
15 0.7934064395706952 0.17881756756756756 0.003985067662155856 0.011914414414414414
15 0.7678138124125058 0.17868524774774777 0.002263182454503033 0.010523648648648649
15 0.8346103593093793 0.17877815315315315 0.0033317778814745684 0.011835585585585586
15 0.9465375641623892 0.17940596846846846 0.007867475501633225 0.0029560810810810812
15 0.8188870741950537 0.17969594594594593 0.0045496966868875405 0.010292792792792793
15 0.8495520298646756 0.17955236486486487 0.004283714419038731 0.01338400900900901
15 0.8102799813345777 0.17991272522522522 0.005067662155856276 0.009600225225225226
15 0.014960335977601495 0.17993243243243243 0.0028558096126924874 0.00963963963963964
20 0.6993000466635557 0.18460304054054055 0.012692487167522165 0.0122240990990991
15 0.7154363042463836 0.188803490990991 0.007634157722818479 0.003733108108108108
15 0.8467918805412972 0.19552646396396395 0.007162855809612692 0.0036655405405405404
15 0.9461012599160056 0.1986936936936937 0.007928138124125057 0.002117117117117117
15 0.7195030331311246 0.20009853603603603 0.009234717685487634 0.003800675675675676
15 0.06885907606159589 0.2004420045045045 0.007993467102193187 0.0033614864864864864
20 0.7035860942603827 0.20499436936936938 0.010065328978068128 0.012466216216216217
15 0.7199300046663556 0.21248873873873875 0.006355576294913672 0.003806306306306306
15 0.9456789547363509 0.2186233108108108 0.004283714419038731 0.002561936936936937
15 0.7216495566962202 0.21969594594594594 0.011661222585160988 0.0035810810810810814
15 0.7108469435370975 0.22177364864864865 0.00405506299580028 0.009988738738738737
1 0.7354876341577229 0.2264864864864865 0.01133924405039664 0.005900900900900901
15 0.84857676154923 0.22772522522522523 0.007932804479701353 0.0038738738738738738
15 0.9468688754083061 0.22899493243243244 0.009463369108726085 0.0030349099099099097
15 0.8483971068595427 0.23724099099099097 0.008506766215585628 0.004887387387387387
15 0.9470555296313579 0.239634009009009 0.011703219785347642 0.004042792792792792
15 0.8470881941203919 0.24699324324324326 0.010555296313579095 0.004121621621621622
15 0.274477368175455 0.25688907657657656 0.010457302846476902 0.004769144144144145
15 0.2597130191320579 0.2575 0.010793280447970136 0.008243243243243244
9 0.7929654689687354 0.2605884009009009 0.0693653756416239 0.11464527027027027
1 0.8496173588427438 0.26180743243243243 0.009080727951469903 0.005596846846846847
1 0.7381404573028465 0.26482263513513515 0.011978534764349045 0.007122747747747748
15 0.4445310312645824 0.265205518018018 0.003387774148390107 0.013519144144144145
1 0.391866542230518 0.26660472972972976 0.00538497433504433 0.016317567567567567
15 0.4048296780214652 0.2900365990990991 0.0033131124591693887 0.012505630630630631
1 0.903229118058796 0.3074239864864865 0.00804479701353243 0.004487612612612613
15 0.9215795613625758 0.3080686936936937 0.006481567895473635 0.0035247747747747748
15 0.9416705552963136 0.3108868243243243 0.011199253383107793 0.0035304054054054053
1 0.9224335044330378 0.3186120495495496 0.008189454036397573 0.00321509009009009
1 0.9040433971068595 0.31873592342342344 0.009673355109659356 0.004588963963963964
15 0.4841390573961736 0.3245439189189189 0.008875408306112926 0.006069819819819819
1 0.6433597760149323 0.3243975225225225 0.009071395240317312 0.004650900900900901
15 0.4996476901539897 0.32513513513513514 0.008161455902939803 0.005
15 0.06723751749883342 0.033155968468468466 0.008483434437704152 0.005501126126126126
1 0.04805879608026131 0.03309684684684685 0.011189920671955202 0.004256756756756757
1 0.9044190387307514 0.3270129504504504 0.007624825011665889 0.0031249999999999997
1 0.92104526364909 0.3288992117117117 0.007279514699020065 0.002393018018018018
15 0.6051563229118059 0.33199605855855857 0.00919272048530098 0.004082207207207207
15 0.0964745683621092 0.33442286036036034 0.011894540363975734 0.004431306306306306
15 0.570664955669622 0.334535472972973 0.0074055062995800275 0.004656531531531532
15 0.6245940270648624 0.33489864864864866 0.008870741950536632 0.0031306306306306303
1 0.7865445636957537 0.3352984234234234 0.007993467102193187 0.005056306306306307
15 0.08624825011665889 0.03404560810810811 0.008240783947736818 0.003902027027027027
15 0.568733084461036 0.34456925675675676 0.009141390573961735 0.003327702702702703
1 0.09544563695753616 0.34535472972972975 0.01076994867008866 0.0037725225225225226
15 0.6235137657489501 0.3460782657657658 0.006710219318712086 0.004093468468468468
1 0.4829094727018199 0.351714527027027 0.01108259449370042 0.005230855855855855
15 0.09473401773215118 0.3531081081081081 0.009346710219318712 0.00463963963963964
15 0.6223681754549696 0.35455799549549555 0.006285580961269249 0.004161036036036036
15 0.8810405972935137 0.35998592342342345 0.010331311245916939 0.007134009009009009
15 0.7765515632291181 0.36012950450450454 0.006672888474101727 0.004042792792792792
15 0.09598226784881007 0.36485360360360364 0.010909939337377508 0.003355855855855856
15 0.7767662155856275 0.36979729729729727 0.004302379841343911 0.004234234234234234
15 0.8810592627158189 0.37125563063063066 0.009435370975268314 0.0037725225225225226
15 0.09561362575828278 0.37499155405405404 0.007372841810545964 0.0033614864864864864
15 0.588212785814279 0.37774493243243246 0.007970135324311713 0.004363738738738738
15 0.09666822211852542 0.3846846846846847 0.010415305646290247 0.0024774774774774778
20 0.6689734017732151 0.38484515765765764 0.03696686887540831 0.027573198198198198
15 0.5878254783014466 0.38615146396396394 0.008128791413905741 0.003158783783783784
15 0.09633924405039665 0.3944735360360361 0.009757349510032664 0.0051632882882882885
15 0.5869715352309847 0.39651182432432436 0.008287447503499768 0.0036092342342342342
20 0.779841343910406 0.04049831081081081 0.010452636490900606 0.013429054054054056
15 0.09450069995333643 0.4057545045045045 0.007946803546430238 0.004076576576576577
1 0.04902006532897807 0.04110360360360361 0.011245916938870743 0.006756756756756757
1 0.09754783014465701 0.4162697072072072 0.009374708352776482 0.004836711711711712
1 0.5892673821745217 0.41629786036036037 0.010079328044797014 0.0048930180180180175
15 0.6913649090060663 0.04235078828828829 0.009888007466168922 0.002494369369369369
15 0.0666962202519832 0.04264358108108108 0.00646756882874475 0.0030799549549549547
15 0.6870485300979935 0.4239836711711712 0.004988334111059262 0.004498873873873874
15 0.0961059262715819 0.4257488738738739 0.00835744283714419 0.005777027027027027
20 0.6996663555762949 0.42690315315315314 0.008758749416705553 0.01596846846846847
15 0.07845776948203452 0.4287697072072072 0.011325244983667755 0.006188063063063063
1 0.588133457769482 0.433429054054054 0.007811479234717685 0.0031193693693693696
15 0.6847503499766683 0.4336148648648649 0.005991600559962669 0.003490990990990991
15 0.018649090060662624 0.4335867117117117 0.01209986000933271 0.00456081081081081
15 0.9699906672888474 0.43357826576576575 0.006243583761082595 0.0022916666666666667
15 0.0961455902939804 0.436036036036036 0.01123658422771815 0.006081081081081081
1 0.3899766682221185 0.4373704954954955 0.003471768548763416 0.01438063063063063
15 0.39770181987867476 0.4394313063063063 0.004923005132991134 0.013997747747747747
15 0.2706929538030798 0.4430855855855856 0.006621558562762482 0.004414414414414414
15 0.09594260382641157 0.4463710585585586 0.008030797946803546 0.006480855855855856
1 0.18038497433504433 0.4478716216216216 0.004260382641157257 0.01286036036036036
15 0.0966962202519832 0.45642736486486485 0.008604759682687821 0.005197072072072072
9 0.4920298646756883 0.45966216216216216 0.14131591227251517 0.17270270270270272
20 0.06115025664955671 0.46311655405405405 0.040172655156322915 0.04447635135135135
20 0.6952169855342977 0.4646677927927928 0.01945870275314979 0.025056306306306307
15 0.09776714885674288 0.46528997747747747 0.007946803546430238 0.0049042792792792795
15 0.3955389640690621 0.4657122747747748 0.004330377974801679 0.011379504504504505
15 0.3878068128791414 0.4667595720720721 0.004731684554363042 0.013474099099099099
1 0.19444237050863275 0.4692201576576577 0.012776481567895473 0.004881756756756756
15 0.8819342043863742 0.46949042792792794 0.007452169855342978 0.002043918918918919
1 0.16851609892673822 0.47028153153153157 0.011320578628091462 0.004752252252252252
1 0.5940153989734017 0.47329673423423424 0.007442837144190387 0.004025900900900901
15 0.09773915072328512 0.47510135135135134 0.009757349510032664 0.004256756756756757
15 0.8819038730751284 0.4813372747747748 0.005524965002333178 0.00321509009009009
15 0.18992767148856743 0.4818243243243243 0.00841343910405973 0.005315315315315315
1 0.612802146523565 0.4821368243243243 0.00675221651889874 0.003688063063063063
15 0.5964372375174988 0.4821649774774775 0.012286514232384508 0.005996621621621622
1 0.09667988800746617 0.4853012387387387 0.00950536630891274 0.0032601351351351352
15 0.19139757349510034 0.49475506756756754 0.008553429771348577 0.005275900900900901
1 0.6055482967802147 0.49950731981981983 0.007176854876341577 0.0046452702702702705
1 0.5905459636024265 0.5004983108108108 0.007970135324311713 0.0032488738738738736
1 0.09618292113859077 0.5048620495495495 0.010377974801679887 0.005219594594594594
1 0.6256369575361642 0.506097972972973 0.007223518432104527 0.003186936936936937
1 0.6069505366308913 0.5082742117117117 0.010914605692953803 0.005287162162162163
1 0.5898950069995333 0.510008445945946 0.007601493233784414 0.0031249999999999997
1 0.06700419972001867 0.05146959459459459 0.008950069995333645 0.0038400900900900903
15 0.09786514232384508 0.5149746621621621 0.007209519365375641 0.00517454954954955
20 0.03731917872141857 0.5240259009009008 0.03450769948670089 0.044673423423423425
15 0.09658889407372842 0.5240371621621622 0.007456836210919272 0.005281531531531532
1 0.9469855342977135 0.526759572072072 0.007830144657022866 0.005095720720720721
15 0.0964652356509566 0.5327843468468468 0.007209519365375641 0.0025056306306306306
15 0.947958469435371 0.5371734234234234 0.006042930471301913 0.004527027027027027
4 0.9224475034997667 0.5371677927927928 0.018483434437704154 0.3964076576576577
1 0.2702426504899673 0.5381165540540541 0.013187120858609427 0.0019087837837837838
4 0.7521418572095193 0.540661599099099 0.03904806346243584 0.410152027027027
4 0.8441577228184788 0.5415934684684685 0.02989267382174522 0.41201576576576576
15 0.9455109659356044 0.5466751126126126 0.00488100793280448 0.0032601351351351352
1 0.270648623425105 0.5499718468468469 0.009332711152589827 0.003096846846846847
1 0.0996710219318712 0.5512697072072071 0.013621091927204853 0.0056925675675675675
15 0.09786514232384508 0.5605968468468469 0.007209519365375641 0.0052027027027027025
15 0.6242697153523098 0.5615737612612612 0.006355576294913672 0.002652027027027027