15 0.6726664490861619 0.8485974576271187 0.05421018276762402 0.034483050847457626
15 0.7802643603133159 0.8686483050847459 0.06444516971279374 0.028822033898305083
9 0.7864360313315927 0.9270169491525425 0.0689556135770235 0.08623728813559323
1 0.5164915143603133 0.9384872881355932 0.035593994778067885 0.07866949152542373
1 0.4753198433420366 0.9406525423728814 0.03810704960835509 0.08808474576271186
1 0.5077447780678851 0.13051694915254236 0.03507180156657963 0.07798305084745763
4 0.05183093994778068 0.13414406779661017 0.10105091383812011 0.07506779661016949
1 0.8764654046997389 0.14435169491525424 0.06363577023498694 0.08361864406779661
1 0.9439033942558747 0.14525000000000002 0.057519582245430814 0.07185593220338983
1 0.6651566579634465 0.1781949152542373 0.06530026109660575 0.06994915254237288
1 0.4884464751958224 0.18149152542372882 0.04086161879895561 0.07654237288135593
1 0.2822552219321149 0.2237076271186441 0.06320496083550914 0.07792372881355933
1 0.09007506527415143 0.22768220338983053 0.035241514360313315 0.08417796610169491
1 0.8792232375979112 0.22982627118644067 0.0600130548302872 0.07321186440677967
4 0.03476827676240209 0.23279661016949152 0.06953655352480417 0.07576271186440678
15 0.9040241514360313 0.28995762711864403 0.07697780678851175 0.03923728813559322
20 0.2997519582245431 0.29639406779661015 0.029007832898172322 0.06566949152542373
1 0.6435672323759791 0.3051313559322034 0.05475848563968668 0.08822881355932204
20 0.2605744125326371 0.036355932203389826 0.042036553524804184 0.028644067796610165
20 0.43691253263707575 0.03936440677966102 0.026566579634464755 0.06347457627118644
1 0.8919190600522193 0.39079237288135593 0.059295039164490866 0.0900593220338983
1 0.5637663185378591 0.04598305084745762 0.09097911227154047 0.09027118644067797
1 0.07828328981723238 0.5151228813559322 0.031240208877284594 0.06753389830508474
1 0.7946768929503916 0.5264110169491525 0.059327676240208876 0.1070593220338983
1 0.45043080939947777 0.5404576271186441 0.24942558746736293 0.15210169491525422
4 0.04310378590078329 0.5888305084745763 0.07968015665796344 0.07596610169491526
4 0.0452088772845953 0.594978813559322 0.0904177545691906 0.07470338983050848
1 0.5344484334203655 0.6777923728813559 0.02581592689295039 0.045415254237288136
4 0.049383159268929507 0.6797457627118644 0.09354438642297651 0.06627118644067796
4 0.048570496083550914 0.6899194915254238 0.0814751958224543 0.07814406779661016
1 0.09243146214099215 0.6916228813559322 0.03342689295039165 0.06460169491525423
1 0.654670365535248 0.7121016949152542 0.02735639686684073 0.06657627118644067
15 0.28400130548302877 0.7359194915254237 0.06408616187989556 0.03455084745762712
1 0.8770593994778068 0.767771186440678 0.038714099216710186 0.08808474576271186
15 0.5738446475195822 0.7701779661016949 0.030195822454308092 0.07594915254237289
15 0.7036488250652742 0.773292372881356 0.07309399477806788 0.036415254237288135
15 0.5927088772845953 0.7732881355932204 0.028759791122715407 0.0703050847457627
15 0.5545430809399478 0.7778008474576271 0.022924281984334202 0.10136440677966102
1 0.3003328981723238 0.784864406779661 0.10980417754569191 0.06464406779661017
1 0.09192232375979112 0.07941949152542373 0.028492167101827677 0.055449152542372884
1 0.7491840731070496 0.8003474576271186 0.037532637075718016 0.06171186440677966
15 0.6835574412532638 0.806 0.08904699738903393 0.04250847457627118