20 0.4674074074074074 0.7367452135493373 0.02074074074074074 0.022827687776141383
16 0.3511111111111111 0.7455817378497791 0.008888888888888889 0.015463917525773196
16 0.25592592592592595 0.7525773195876289 0.006666666666666667 0.017673048600883652
16 0.36814814814814817 0.7459499263622975 0.007407407407407408 0.013254786450662739
20 0.30333333333333334 0.7569955817378498 0.018518518518518517 0.020618556701030927
16 0.08037037037037037 0.0975699558173785 0.014074074074074074 0.0066273932253313695
20 0.5474074074074075 0.7430044182621502 0.016296296296296295 0.01914580265095729
20 0.5114814814814815 0.7485272459499264 0.025925925925925925 0.022827687776141383
16 0.4759259259259259 0.7558910162002945 0.017037037037037038 0.0066273932253313695
16 0.10407407407407407 0.09830633284241531 0.006666666666666667 0.013991163475699559
16 0.5285185185185185 0.7669366715758469 0.00962962962962963 0.013991163475699559
16 0.5374074074074074 0.7676730486008837 0.005185185185185185 0.009572901325478646
16 0.028888888888888888 0.10382916053019146 0.013333333333333334 0.005891016200294551
16 0.09444444444444444 0.09977908689248896 0.006666666666666667 0.013991163475699559
2 0.22740740740740742 0.09131075110456553 0.005925925925925926 0.016200294550810016
2 0.2696296296296296 0.08873343151693668 0.007407407407407408 0.013991163475699559
16 0.2374074074074074 0.09131075110456553 0.0022222222222222222 0.010309278350515464
16 0.5425925925925926 0.7949189985272459 0.005185185185185185 0.013991163475699559
2 0.2588888888888889 0.09020618556701031 0.005185185185185185 0.018409425625920472
16 0.24851851851851853 0.09167893961708394 0.006666666666666667 0.015463917525773196
16 0.05962962962962963 0.1053019145802651 0.012592592592592593 0.007363770250368188
16 0.7048148148148148 0.8652430044182622 0.005185185185185185 0.013254786450662739
20 0.2677777777777778 0.8954344624447718 0.018518518518518517 0.023564064801178203
20 0.5496296296296296 0.8766568483063328 0.017777777777777778 0.024300441826215022
2 0.7162962962962963 0.8656111929307806 0.005925925925925926 0.012518409425625921
16 0.5751851851851851 0.875920471281296 0.00962962962962963 0.024300441826215022
2 0.6851851851851852 0.8685567010309279 0.0044444444444444444 0.011045655375552283
16 0.6944444444444444 0.867820324005891 0.008148148148148147 0.013991163475699559
16 0.3322222222222222 0.8950662739322534 0.011111111111111112 0.024300441826215022
20 0.3837037037037037 0.8928571428571429 0.01925925925925926 0.021354933726067747
20 0.7677777777777778 0.8670839469808542 0.018518518518518517 0.021354933726067747
16 0.4785185185185185 0.8884388807069219 0.008888888888888889 0.016936671575846832
20 0.4562962962962963 0.8902798232695139 0.01925925925925926 0.025036818851251842
16 0.7933333333333333 0.8751840942562592 0.007407407407407408 0.009572901325478646
16 0.8562962962962963 0.8722385861561119 0.0044444444444444444 0.011045655375552283
16 0.804074074074074 0.8770250368188512 0.005185185185185185 0.008836524300441826
16 0.8418518518518519 0.875920471281296 0.008148148148148147 0.012518409425625921
16 0.8970370370370371 0.8748159057437408 0.008888888888888889 0.022091310751104567
16 0.9233333333333333 0.8781296023564065 0.005185185185185185 0.011045655375552283
2 0.9111111111111111 0.8792341678939617 0.005925925925925926 0.011782032400589101
16 0.8392592592592593 0.8972754050073638 0.002962962962962963 0.009572901325478646
2 0.8496296296296296 0.8980117820324006 0.005925925925925926 0.011045655375552283
20 0.08074074074074074 0.11561119293078057 0.017777777777777778 0.022091310751104567
16 0.06037037037037037 0.1174521354933726 0.012592592592592593 0.005154639175257732
2 0.5362962962962963 0.09572901325478646 0.034074074074074076 0.036818851251840944
2 0.29962962962962963 0.11561119293078057 0.0362962962962963 0.042709867452135494
16 0.04888888888888889 0.1332842415316642 0.007407407407407408 0.013254786450662739
16 0.058888888888888886 0.1329160530191458 0.003703703703703704 0.012518409425625921
2 0.5862962962962963 0.0975699558173785 0.0362962962962963 0.03608247422680412
2 0.4777777777777778 0.1053019145802651 0.047407407407407405 0.053019145802650956
2 0.3440740740740741 0.12039764359351988 0.017037037037037038 0.0066273932253313695
2 0.2477777777777778 0.13033873343151695 0.03925925925925926 0.039764359351988215
2 0.0337037037037037 0.14690721649484537 0.005185185185185185 0.011045655375552283
2 0.2174074074074074 0.13512518409425625 0.006666666666666667 0.012518409425625921
16 0.02259259259259259 0.14948453608247422 0.005185185185185185 0.011782032400589101
2 0.34185185185185185 0.12960235640648013 0.015555555555555555 0.005891016200294551
2 0.05592592592592593 0.16126656848306334 0.015555555555555555 0.030927835051546393
2 0.08814814814814814 0.16016200294550811 0.02666666666666667 0.030191458026509573
2 0.2796296296296296 0.1557437407952872 0.011111111111111112 0.008100147275405008
2 0.5777777777777777 0.13475699558173784 0.013333333333333334 0.010309278350515464
16 0.2625925925925926 0.17047128129602357 0.005185185185185185 0.011045655375552283
2 0.5755555555555556 0.1487481590574374 0.013333333333333334 0.008836524300441826
2 0.011481481481481481 0.18888070692194403 0.022962962962962963 0.03460972017673049
2 0.32925925925925925 0.16789396170839468 0.03925925925925926 0.039764359351988215
20 0.2877777777777778 0.17488954344624447 0.02 0.019882179675994108
20 0.24444444444444444 0.17857142857142858 0.02074074074074074 0.022827687776141383
2 0.16555555555555557 0.195139911634757 0.008148148148148147 0.016200294550810016
16 0.2637037037037037 0.18888070692194403 0.002962962962962963 0.009572901325478646
2 0.06851851851851852 0.20618556701030927 0.03037037037037037 0.030927835051546393
2 0.942962962962963 0.15316642120765833 0.01925925925925926 0.007363770250368188
2 0.15481481481481482 0.21612665684830634 0.0044444444444444444 0.016936671575846832
2 0.9092592592592592 0.1642120765832106 0.011111111111111112 0.022091310751104567
2 0.5755555555555556 0.18851251840942562 0.014814814814814815 0.033873343151693665
2 0.9437037037037037 0.16531664212076583 0.016296296296296295 0.008100147275405008
2 0.5407407407407407 0.19403534609720177 0.035555555555555556 0.03608247422680412
2 0.011481481481481481 0.24484536082474226 0.022962962962962963 0.03460972017673049
2 0.43777777777777777 0.21465390279823268 0.04148148148148148 0.04050073637702504
2 0.03851851851851852 0.24300441826215022 0.007407407407407408 0.014727540500736377
2 0.49074074074074076 0.21207658321060383 0.03333333333333333 0.035346097201767304
2 0.9122222222222223 0.18335787923416788 0.017037037037037038 0.011782032400589101
16 0.2644444444444444 0.23784977908689248 0.011851851851851851 0.008836524300441826
16 0.20703703703703705 0.24594992636229748 0.00962962962962963 0.005891016200294551
2 0.912962962962963 0.19771723122238585 0.017037037037037038 0.009572901325478646
2 0.06777777777777778 0.2599410898379971 0.025925925925925925 0.030927835051546393
2 0.3851851851851852 0.25257731958762886 0.025185185185185185 0.020618556701030927
2 0.03925925925925926 0.27871870397643594 0.005925925925925926 0.013991163475699559
2 0.47 0.25 0.006666666666666667 0.012518409425625921
2 0.8948148148148148 0.25294550810014726 0.035555555555555556 0.03460972017673049
2 0.45740740740740743 0.29050073637702506 0.052592592592592594 0.04786450662739323
9 0.3988888888888889 0.30007363770250367 0.028888888888888888 0.04050073637702504
16 0.512962962962963 0.296759941089838 0.011111111111111112 0.007363770250368188
16 0.5185185185185185 0.3074374079528719 0.011851851851851851 0.008100147275405008
16 0.5140740740740741 0.3166421207658321 0.011851851851851851 0.007363770250368188
20 0.9451851851851852 0.2919734904270987 0.02074074074074074 0.022827687776141383
16 0.5151851851851852 0.3269513991163476 0.00962962962962963 0.007363770250368188
2 0.4985185185185185 0.3446244477172312 0.005925925925925926 0.010309278350515464
9 0.40074074074074073 0.35162002945508103 0.045925925925925926 0.027245949926362298
20 0.945925925925926 0.32069219440353464 0.023703703703703703 0.021354933726067747
2 0.47333333333333333 0.35640648011782033 0.03111111111111111 0.030927835051546393
2 0.9211111111111111 0.32989690721649484 0.012592592592592593 0.016200294550810016
20 0.4025925925925926 0.39359351988217967 0.02 0.021354933726067747
20 0.37925925925925924 0.39653902798232693 0.022222222222222223 0.028718703976435934
2 0.4855555555555556 0.3895434462444772 0.011111111111111112 0.005891016200294551
2 0.8974074074074074 0.3626656848306333 0.03777777777777778 0.0390279823269514
2 0.9403703703703704 0.3626656848306333 0.022962962962962963 0.027245949926362298
2 0.8533333333333334 0.3707658321060383 0.025185185185185185 0.03166421207658321
2 0.48592592592592593 0.39985272459499266 0.01037037037037037 0.005891016200294551
9 0.2411111111111111 0.4337260677466863 0.20222222222222222 0.203240058910162
2 0.40370370370370373 0.4259941089837997 0.013333333333333334 0.024300441826215022
2 0.42962962962962964 0.4252577319587629 0.011851851851851851 0.021354933726067747
20 0.4737037037037037 0.42341678939617083 0.024444444444444446 0.026509572901325478
2 0.45111111111111113 0.4270986745213549 0.01037037037037037 0.020618556701030927
16 0.4659259259259259 0.44477172312223856 0.005925925925925926 0.010309278350515464
16 0.4811111111111111 0.44477172312223856 0.006666666666666667 0.014727540500736377
16 0.11148148148148149 0.47091310751104565 0.00962962962962963 0.005154639175257732
2 0.11148148148148149 0.48269513991163476 0.011111111111111112 0.0066273932253313695
16 0.11222222222222222 0.49300441826215025 0.008148148148148147 0.005154639175257732
20 0.4748148148148148 0.4683357879234168 0.02074074074074074 0.023564064801178203
2 0.43 0.47128129602356406 0.011111111111111112 0.025036818851251842
2 0.4048148148148148 0.4734904270986745 0.014074074074074074 0.026509572901325478
2 0.45222222222222225 0.47201767304860087 0.011111111111111112 0.023564064801178203
2 0.08444444444444445 0.5036818851251841 0.016296296296296295 0.007363770250368188
2 0.04777777777777778 0.5066273932253313 0.014074074074074074 0.010309278350515464
16 0.11185185185185186 0.5025773195876289 0.008888888888888889 0.005154639175257732
16 0.11333333333333333 0.5128865979381443 0.008888888888888889 0.005154639175257732
16 0.4685185185185185 0.49116347569955815 0.005185185185185185 0.011782032400589101
16 0.48148148148148145 0.49042709867452133 0.0044444444444444444 0.010309278350515464
16 0.11407407407407408 0.5198821796759941 0.008888888888888889 0.004418262150220913
16 0.06592592592592593 0.5416053019145802 0.0044444444444444444 0.009572901325478646
16 0.027777777777777776 0.5449189985272459 0.008148148148148147 0.013254786450662739
16 0.08592592592592592 0.5416053019145802 0.0044444444444444444 0.011045655375552283
16 0.07592592592592592 0.5427098674521355 0.005185185185185185 0.010309278350515464
2 0.2733333333333333 0.5570692194403535 0.007407407407407408 0.015463917525773196
2 0.30666666666666664 0.5563328424153167 0.005925925925925926 0.011045655375552283
2 0.2948148148148148 0.5574374079528719 0.007407407407407408 0.011782032400589101
2 0.37851851851851853 0.5533873343151694 0.035555555555555556 0.03460972017673049
16 0.18666666666666668 0.5706921944035346 0.0044444444444444444 0.011782032400589101
16 0.20592592592592593 0.5703240058910162 0.0044444444444444444 0.012518409425625921
16 0.1962962962962963 0.571060382916053 0.005925925925925926 0.012518409425625921
16 0.21407407407407408 0.5703240058910162 0.007407407407407408 0.011045655375552283
16 0.22407407407407406 0.569219440353461 0.005185185185185185 0.010309278350515464
16 0.23333333333333334 0.569219440353461 0.007407407407407408 0.013254786450662739
16 0.24222222222222223 0.5688512518409425 0.005925925925925926 0.009572901325478646
16 0.2514814814814815 0.5688512518409425 0.006666666666666667 0.009572901325478646
16 0.14814814814814814 0.5913107511045655 0.007407407407407408 0.011782032400589101
16 0.15814814814814815 0.5902061855670103 0.005185185185185185 0.011045655375552283
16 0.1685185185185185 0.591678939617084 0.006666666666666667 0.011045655375552283
16 0.31962962962962965 0.5902061855670103 0.008148148148148147 0.003681885125184094
16 0.33740740740740743 0.5894698085419735 0.012592592592592593 0.0066273932253313695
2 0.42703703703703705 0.5898379970544919 0.03777777777777778 0.035346097201767304
16 0.32037037037037036 0.5986745213549337 0.00962962962962963 0.005891016200294551
16 0.33740740740740743 0.5983063328424153 0.011111111111111112 0.0066273932253313695
2 0.011481481481481481 0.6226067746686303 0.00962962962962963 0.030191458026509573
9 0.37555555555555553 0.5979381443298969 0.034074074074074076 0.033873343151693665
2 0.05592592592592593 0.6200294550810015 0.011111111111111112 0.026509572901325478
2 0.4803703703703704 0.5913107511045655 0.03925925925925926 0.036818851251840944
2 0.03259259259259259 0.6226067746686303 0.01037037037037037 0.027245949926362298
2 0.5274074074074074 0.5946244477172312 0.008888888888888889 0.005154639175257732
2 0.672962962962963 0.5894698085419735 0.005185185185185185 0.011045655375552283
16 0.6925925925925925 0.5891016200294551 0.0044444444444444444 0.010309278350515464
16 0.6825925925925926 0.5898379970544919 0.005185185185185185 0.010309278350515464
16 0.7207407407407408 0.5872606774668631 0.0044444444444444444 0.008100147275405008
2 0.7022222222222222 0.5887334315169367 0.0044444444444444444 0.011045655375552283
2 0.31592592592592594 0.6152430044182622 0.005185185185185185 0.009572901325478646
2 0.73 0.5876288659793815 0.005185185185185185 0.008836524300441826
16 0.7122222222222222 0.5887334315169367 0.003703703703703704 0.008100147275405008
16 0.7496296296296296 0.5865243004418262 0.0044444444444444444 0.009572901325478646
20 0.27037037037037037 0.6196612665684831 0.022222222222222223 0.016936671575846832
16 0.7396296296296296 0.5879970544918999 0.005185185185185185 0.008100147275405008
20 0.21185185185185185 0.6251840942562592 0.023703703703703703 0.023564064801178203
20 0.2388888888888889 0.6237113402061856 0.02148148148148148 0.020618556701030927
2 0.34444444444444444 0.6163475699558174 0.0044444444444444444 0.013254786450662739
2 0.5277777777777778 0.605301914580265 0.012592592592592593 0.007363770250368188
20 0.2962962962962963 0.6218703976435935 0.02074074074074074 0.015463917525773196
2 0.02962962962962963 0.08762886597938144 0.005925925925925926 0.013254786450662739
9 0.5677777777777778 0.6093519882179675 0.051111111111111114 0.04344624447717231
16 0.53 0.6156111929307806 0.011111111111111112 0.004418262150220913
16 0.07 0.08505154639175258 0.006666666666666667 0.011045655375552283
20 0.6855555555555556 0.6115611192930781 0.018518518518518517 0.024300441826215022
20 0.3237037037037037 0.6402798232695139 0.017777777777777778 0.018409425625920472
20 0.7122222222222222 0.6130338733431517 0.02 0.022827687776141383
16 0.4388888888888889 0.6332842415316642 0.006666666666666667 0.013254786450662739
20 0.7377777777777778 0.6130338733431517 0.02074074074074074 0.024300441826215022
16 0.45185185185185184 0.6332842415316642 0.005925925925925926 0.008836524300441826
20 0.2262962962962963 0.6487481590574374 0.022962962962962963 0.01914580265095729
16 0.47555555555555556 0.6318114874815906 0.0044444444444444444 0.011782032400589101
16 0.48703703703703705 0.6318114874815906 0.006666666666666667 0.010309278350515464
20 0.19740740740740742 0.6520618556701031 0.02 0.016936671575846832
20 0.28185185185185185 0.646539027982327 0.024444444444444446 0.020618556701030927
20 0.2537037037037037 0.6487481590574374 0.02 0.016200294550810016
2 0.5296296296296297 0.632179675994109 0.01037037037037037 0.008100147275405008
20 0.6625925925925926 0.6248159057437408 0.02 0.022827687776141383
16 0.7718518518518519 0.6218703976435935 0.005925925925925926 0.015463917525773196
16 0.7822222222222223 0.6222385861561119 0.007407407407407408 0.014727540500736377
2 0.3788888888888889 0.0662739322533137 0.015555555555555555 0.007363770250368188
20 0.05185185185185185 0.09020618556701031 0.025185185185185185 0.021354933726067747
9 0.41962962962962963 0.0666421207658321 0.0362962962962963 0.022827687776141383
2 0.5292592592592592 0.060382916053019146 0.014074074074074074 0.005891016200294551