15 0.5552561948761024 0.7382669616519174 0.016854262914741708 0.013407079646017698
1 0.5719718605627887 0.7396828908554572 0.014166316673666525 0.01771386430678466
15 0.8244456110877783 0.7459476401179941 0.019323813523729524 0.014019174041297936
15 0.8013565728685427 0.7462868731563422 0.02018479630407392 0.016172566371681414
15 0.5223267534649307 0.746839970501475 0.017354052918941622 0.014328908554572271
15 0.5401469970600588 0.7474815634218289 0.013515329693406132 0.01708702064896755
1 0.4862494750104998 0.7504314159292036 0.034237715245695084 0.04658554572271387
15 0.6032234355312894 0.7622898230088495 0.020390592188156236 0.012780235988200588
15 0.621745065098698 0.762905604719764 0.017954640907181855 0.014011799410029498
15 0.5849811003779924 0.7628429203539823 0.02002519949601008 0.018311209439528024
15 0.6042734145317094 0.7772787610619469 0.018290634187316253 0.017684365781710915
15 0.08473330533389332 0.779476401179941 0.018269634607307853 0.017654867256637168
1 0.10279504409911802 0.7797824483775811 0.019113817723645527 0.018266961651917404
15 0.624370012599748 0.7793989675516224 0.019004619907601848 0.020449852507374633
15 0.5862074758504829 0.7800442477876106 0.018278034439311214 0.01584070796460177
15 0.12118017639647206 0.7810140117994101 0.017244855102897944 0.02073008849557522
15 0.8460142797144057 0.7864638643067846 0.017942041159176816 0.012455752212389381
1 0.9009743805123896 0.8040117994100295 0.04470390592188156 0.07115044247787611
15 0.0868332633347333 0.8046644542772862 0.018269634607307853 0.023783185840707963
1 0.10384502309953801 0.8046017699115044 0.017013859722805544 0.02070796460176991
15 0.12291264174716504 0.8068178466076696 0.019869802603947922 0.01334070796460177
15 0.6304955900881982 0.8126327433628319 0.010256194876102478 0.030870206489675516
15 0.20715665686686266 0.8172676991150442 0.01112137757244855 0.026865781710914454
1 0.5935678286434272 0.8193436578171092 0.03467870642587148 0.048716814159292035
15 0.12044309113817722 0.8267846607669616 0.014090718185636286 0.016401179941002948
15 0.6126396472070559 0.8289454277286136 0.008143637127257455 0.028097345132743364
15 0.22450650986980258 0.828849557522124 0.017261654766904663 0.016106194690265488
15 0.08595758084838302 0.8303761061946903 0.016518269634607306 0.01915929203539823
1 0.10363712725745484 0.8306821533923303 0.019118017639647208 0.019771386430678464
1 0.18677236455270893 0.8313606194690266 0.016551868962620748 0.01670353982300885
1 0.35594708105837886 0.8453834808259586 0.010508189836203276 0.031474926253687315
1 0.6761927761444771 0.8486209439528024 0.010932381352372953 0.030575221238938053
15 0.22345653086938258 0.8513643067846608 0.01516169676606468 0.013938053097345133
15 0.12166946661066778 0.8516334808259587 0.012343553128937422 0.020376106194690265
9 0.6499034019319614 0.853561946902655 0.044871902561948764 0.037507374631268436
15 0.08508189836203275 0.8543694690265488 0.014766904661906761 0.01699852507374631
1 0.10365392692146158 0.8550110619469027 0.015791684166316676 0.01975663716814159
15 0.8185111297774045 0.8667293510324484 0.0124947501049979 0.029918879056047197
15 0.6079147417051659 0.8666998525073746 0.015493490130197397 0.013635693215339232
1 0.5653527929441411 0.872079646017699 0.006808063838723226 0.0243952802359882
15 0.5535048299034019 0.8759144542772861 0.009151616967660646 0.03206489675516224
15 0.08511759764804704 0.8767920353982301 0.016518269634607306 0.017595870206489676
15 0.12240445191096178 0.8777765486725665 0.015493490130197397 0.015140117994100297
15 0.2241747165056699 0.877754424778761 0.01743805123897522 0.01362094395280236
1 0.103267534649307 0.8783259587020649 0.01753884922301554 0.02066371681415929
15 0.29281604367912645 0.8789528023598819 0.016963460730785383 0.014542772861356931
15 0.6450440991180176 0.8804941002949853 0.01919361612767745 0.01762536873156342
1 0.8899433011339772 0.8851401179941003 0.026841663166736664 0.07264011799410029
9 0.33244645107097853 0.8856600294985251 0.039105417891642166 0.10022861356932153
15 0.8162158756824864 0.8986762536873156 0.01126417471650567 0.027441002949852508
1 0.10365392692146158 0.9014269911504426 0.01999160016799664 0.01819321533923304
15 0.12275514489710204 0.9013974926253688 0.01619487610247795 0.01665929203539823
9 0.1801784964300714 0.9017256637168142 0.038643427131457374 0.08516224188790561
15 0.08685006299874003 0.9029646017699116 0.01494330113397732 0.021268436578171093
1 0.7118752624947501 0.9045243362831858 0.04701805963880722 0.053886430678466074
15 0.2924653506929861 0.9051216814159292 0.01626207475850483 0.018207964601769912
1 0.8599580008399832 0.9124778761061947 0.04414951700965981 0.06094395280235988
15 0.2236665266694666 0.9213421828908553 0.017261654766904663 0.018200589970501474
1 0.3788870222595548 0.9218694690265488 0.047988240235195295 0.05170353982300885
1 0.10291894162116758 0.9260029498525074 0.016841663166736666 0.023097345132743363
15 0.12172196556068879 0.9256047197640117 0.0149685006299874 0.017876106194690263
15 0.08544939101217974 0.926924778761062 0.016341873162536748 0.017566371681415928
1 0.8109365812683746 0.9324520648967551 0.013305333893322134 0.03452064896755162
15 0.08686686266274674 0.9511910029498526 0.015816883662326753 0.02185103244837758
1 0.10367072658546829 0.9508222713864307 0.016665266694666107 0.025538348082595873
15 0.12237085258294834 0.9511320058997049 0.017946241075178494 0.018783185840707962
15 0.2098362032759345 0.95172197640118 0.010600587988240234 0.02586283185840708
1 0.7510856782864342 0.0965302359882006 0.03388072238555229 0.049992625368731565
1 0.35958210835783283 0.09800147492625368 0.011058378832423351 0.026386430678466077
1 0.7795989080218395 0.09957227138643068 0.014468710625787485 0.03247787610619469
1 0.3739206215875682 0.09978613569321534 0.009496010079798403 0.027005899705014748
1 0.3504661906761865 0.12708702064896754 0.038185636287274255 0.0653834808259587
9 0.7744036119277614 0.1319210914454277 0.03095758084838303 0.04260324483775811
9 0.37395632087358255 0.13172935103244837 0.019647207055858883 0.0318952802359882
15 0.755667786644267 0.16900073746312683 0.010285594288114238 0.031216814159292033
15 0.35289584208315833 0.18217182890855457 0.008605627887442251 0.032485250737463126
1 0.8590865182696347 0.19526179941002947 0.12640487190256197 0.2312315634218289
1 0.4517156656866863 0.19845501474926255 0.13484670306593868 0.24499262536873154
9 0.7106761864762704 0.20154498525073747 0.1042587148257035 0.14055309734513274
9 0.3058714825703486 0.20636061946902653 0.09347333053338934 0.1295353982300885
1 0.16107517849643008 0.21471238938053094 0.06343553128937421 0.15656342182890856
15 0.3192860142797144 0.2915302359882006 0.02118437631247375 0.02258849557522124
15 0.3191285174296514 0.325287610619469 0.017509449811003778 0.022256637168141594
9 0.8523477530449391 0.34230457227138644 0.02640907181856363 0.031216814159292033
1 0.8370621587568249 0.42481563421828905 0.026077278454430912 0.05169616519174041
15 0.8163019739605208 0.4400221238938053 0.018156236875262494 0.014262536873156342
15 0.9491117177656447 0.456132005899705 0.019181016379672407 0.012558997050147493
1 0.6050461990760185 0.46811946902654866 0.025716085678286434 0.04243362831858407
1 0.5597396052078959 0.470608407079646 0.02918101637967241 0.0415117994100295
15 0.8886644267114657 0.47330383480825955 0.01756404871902562 0.01592920353982301
1 0.6509596808063839 0.4751585545722714 0.039424611507769845 0.06978613569321533
15 0.9389269214615708 0.4800294985250737 0.04333053338933222 0.027905604719764013
1 0.274960100797984 0.4894542772861357 0.04257034859302814 0.06740412979351033
1 0.19234775304493912 0.49071902654867255 0.025182696346073077 0.04191002949852507
15 0.6980806383872323 0.4929609144542773 0.04210835783284334 0.025744837758112094
1 0.7374170516589668 0.5016113569321533 0.022503149937001258 0.035671091445427724
1 0.22821713565728685 0.501806784660767 0.028882822343553126 0.05081120943952803
1 0.06699916001679966 0.507938790560472 0.09283914321713566 0.14419616519174042
15 0.8207580848383031 0.5257706489675517 0.016988660226795467 0.014668141592920354
15 0.685997480050399 0.5375036873156342 0.017942041159176816 0.01896017699115044
15 0.6677740445191096 0.5424188790560471 0.018454430911381773 0.014041297935103244
15 0.8815035699286015 0.5553429203539823 0.016682066358672826 0.07823746312684365
15 0.27152036959260817 0.5552028023598821 0.009651406971860564 0.03223451327433628
9 0.20211465770684586 0.5610951327433629 0.026236875262494748 0.036644542772861353
9 0.24222595548089038 0.5619542772861357 0.048500629987400255 0.0501622418879056
9 0.15801763964720705 0.5736910029498524 0.027081058378832425 0.0323377581120944
1 0.7140949181016379 0.5842035398230088 0.032137757244855104 0.05336283185840708
1 0.24892062158756822 0.5923008849557522 0.03165056698866023 0.05923303834808259
9 0.6879252414951701 0.5946312684365782 0.03019739605207896 0.0815929203539823
1 0.9549832003359933 0.6023525073746312 0.06032339353212936 0.09113569321533924
1 0.0838387232255355 0.6125774336283185 0.033280134397312054 0.06291297935103245
1 0.14633557328853422 0.6178318584070797 0.028076438471230574 0.038023598820059
1 0.20095338093238135 0.6261578171091445 0.023914321713565726 0.034026548672566374
15 0.29118017639647203 0.6500921828908555 0.017891642167156656 0.014048672566371682
1 0.31600167996640066 0.6516187315634219 0.0246955060898782 0.07609882005899705
15 0.23563418731625366 0.652887168141593 0.01767744645107098 0.013738938053097345
15 0.18 0.6574963126843658 0.01728685426291474 0.01558259587020649
1 0.14843343133137338 0.6590597345132743 0.019672406551868964 0.012809734513274338
1 0.2582129357412852 0.6589970501474927 0.01747585048299034 0.01710914454277286
15 0.12258084838303235 0.6595833333333333 0.01584628307433851 0.01680678466076696
1 0.2037862242755145 0.6605346607669617 0.014460310793784124 0.020184365781710914
9 0.47486350272994543 0.6642367256637168 0.027425451490970178 0.07331120943952803
15 0.34508189836203274 0.665759587020649 0.01985720285594288 0.01588495575221239
15 0.3446955060898782 0.6909181415929203 0.01740445191096178 0.013104719764011799
1 0.5271608567828644 0.6951659292035398 0.029542209155816884 0.055523598820059
1 0.4965392692146157 0.6972308259587021 0.019538009239815204 0.018355457227138643
1 0.6300545989080218 0.7051659292035398 0.06481310373792523 0.10059734513274336
15 0.5549055018899622 0.7057042772861356 0.011952960940781184 0.029402654867256635
15 0.5463103737925242 0.7097271386430678 0.010722385552288955 0.031548672566371685
9 0.14022889542209155 0.7112758112094395 0.036862662746745066 0.06561946902654868
9 0.30916211675766486 0.7109070796460177 0.038735825283494334 0.06930678466076697
15 0.8885237295254094 0.7120058997050147 0.01896262074758505 0.07445427728613568
9 0.2524779504409912 0.7121644542772861 0.04044519109617808 0.07329646017699115
9 0.1973162536749265 0.7128097345132743 0.03847963040739186 0.06868731563421829
15 0.346272574548509 0.7161688790560472 0.01635867282654347 0.014933628318584071
1 0.7842587148257034 0.7169063421828908 0.032188156236875265 0.05328171091445428
15 0.49941201175976474 0.7183628318584071 0.018563628727425452 0.013421828908554572
15 0.8981163376732465 0.7193510324483776 0.015468290634187316 0.058171091445427724
1 0.46938891222175555 0.7200553097345133 0.018996220075598487 0.01680678466076696
1 0.5856509869802604 0.719882005899705 0.012965140697186057 0.029734513274336283
1 0.44038429231415377 0.7276364306784661 0.039105417891642166 0.0644174041297935
15 0.345957580848383 0.7369948377581121 0.01740865182696346 0.016762536873156344