15 0.8473266278454208 0.04949293027791322 0.008046585494970884 0.01219892735251097
1 0.7586447856008469 0.4972257435397367 0.013848597141344628 0.005665529010238908
15 0.5822419269454738 0.4972842515845929 0.011492853361566966 0.0077328132618235
15 0.14618581259925886 0.5009019990248659 0.01074113287453679 0.0071672354948805455
15 0.5798597141344627 0.5095782545099952 0.012022233986236103 0.005017064846416382
9 0.8052382212811011 0.5109678205753291 0.03398094229751191 0.06142857142857142
15 0.15443885653785072 0.5210628961482204 0.012424563260984647 0.006533398342272062
9 0.20489941768131287 0.5220258410531448 0.03182106934886183 0.06794246708922476
9 0.4836924298570673 0.5240248659190639 0.033557437797776604 0.06511457825451
9 0.2529962943356273 0.5242442710872744 0.02849126521969296 0.06847879083373963
9 0.3910137638962414 0.5247684056557776 0.03242456326098465 0.07245246221355436
9 0.43870301746956064 0.5248634812286689 0.03357331921651668 0.07069234519746466
9 0.5324457384859714 0.5250170648464163 0.04001058761249338 0.07099951243295953
9 0.3450185283218634 0.5256192101413945 0.029370037056643726 0.07122866894197952
9 0.29986236103758607 0.5263188688444661 0.029052408681842248 0.06970258410531449
15 0.8912837480148227 0.5263968795709411 0.05149285336156696 0.01915163334958557
15 0.7954473266278453 0.05397367137981473 0.004870301746956061 0.008483666504144319
15 0.851929592376919 0.5441540711847879 0.013017469560614081 0.00590931253047294
15 0.1522657490735839 0.5546294490492443 0.005960825833774484 0.011257922964407606
1 0.7591371095817893 0.5565041443198441 0.012715722604552672 0.006231106777181862
9 0.6692826892535734 0.558274012676743 0.1294600317628375 0.11801072647489029
1 0.5808523028057173 0.5594978059483179 0.016124933827421917 0.004417357386640663
15 0.1661011116993118 0.5626084836665042 0.003986236103758602 0.012588980984885421
15 0.20721016410799364 0.567542662116041 0.012091053467443092 0.007830326669917113
15 0.18221810481736367 0.5683057045343735 0.011868713605082055 0.006431009263773769
15 0.2278904182106935 0.5687567040468064 0.012159872948650079 0.00538274012676743
1 0.5423239809422975 0.5702998537298878 0.015299100052938061 0.005543637250121892
15 0.8917707781895183 0.5715017064846417 0.04823186871360508 0.022574353973671378
1 0.2831127580730545 0.5722623110677718 0.005082053996823716 0.011418820087762068
1 0.37900476442562203 0.5733617747440273 0.006289041821069349 0.013617747440273038
1 0.423422445738486 0.5741882008776207 0.0061884595023822125 0.012345197464651389
1 0.4679962943356273 0.575931253047294 0.005341450502911594 0.012905899561189663
15 0.49372948650079407 0.5766821062896149 0.005987294865007941 0.013432471964895174
15 0.5200820539968237 0.5775865431496832 0.0068131286394917945 0.012315943442223306
15 0.5104764425622023 0.577693807898586 0.00560084700899947 0.013505607020965382
15 0.48008205399682374 0.5778327645051194 0.0072789835892006355 0.01378352023403218
1 0.5476124933827422 0.5813432471964896 0.011053467443091582 0.006177474402730376
15 0.35998411858125995 0.583015602145295 0.007421916357861302 0.011472452462213555
15 0.348790365272631 0.5830911750365676 0.005150873478030705 0.01454900048756704
9 0.8047406034939121 0.5839639200390054 0.038279512969825305 0.0601755241345685
15 0.5813684489147697 0.5853607996099464 0.007628374801482266 0.017137981472452463
15 0.1477633668607729 0.5910019502681618 0.003308628904182107 0.01379327157484154
1 0.4591556379036527 0.5912164797659678 0.012011646373742722 0.006421257922964408
15 0.1306829010058232 0.5920355923939542 0.010439385918475383 0.005134080936128717
15 0.2624404446797247 0.5948829839102877 0.007146638433033351 0.015704534373476353
9 0.4921095817893065 0.6057118478790834 0.0366278454208576 0.01590931253047294
9 0.5507623080995236 0.6059751340809362 0.0342932768660667 0.011560214529497806
15 0.10946797247220752 0.6093832276938079 0.0061249338274219165 0.013500731350560702
15 0.12213075701429328 0.61011457825451 0.00498147167813658 0.013988298391028766
15 0.14395182636315512 0.611740614334471 0.010508205399682372 0.004563627498781082
15 0.5826521969295925 0.6132276938078985 0.007019587083112758 0.015338859093125306
15 0.8898994176813129 0.6129107752315943 0.04554790894653256 0.020555826426133593
15 0.2598703017469561 0.6169307654802536 0.009417681312863949 0.012993661628473914
15 0.8479407093700371 0.6168746952705997 0.014568554790894653 0.0060555826426133596
9 0.2104473266278454 0.6177084349098001 0.07362096347273689 0.06233057045343735
9 0.2980545262043409 0.6197805948317894 0.029671784012705135 0.06549975621647977
15 0.7689094759131816 0.6239639200390054 0.006850185283218634 0.012432959531935642
15 0.7594944415034409 0.6240370550950756 0.004960296453149814 0.015504631886884447
15 0.8254261514028587 0.6255704534373476 0.010831127580730546 0.004919551438322769
1 0.4403282159872948 0.6262627986348123 0.011413446267866596 0.00825450999512433
9 0.38182106934886184 0.6264553876157971 0.05638962413975648 0.041794246708922476
15 0.7966040232927475 0.6272623110677719 0.011418740074113287 0.005377864456362749
15 0.8493541556379037 0.6271745490004876 0.014219163578613022 0.005202340321794246
1 0.1542932768660667 0.6275134080936129 0.006839597670725252 0.013681131155533885
15 0.4738062466913711 0.6316504144319844 0.006373742721016411 0.011228668941979523
15 0.5152779248279513 0.6314431984397855 0.0035574377977766014 0.012764505119453925
15 0.6776151402858656 0.6317942467089225 0.013779777660137639 0.006640663091175036
15 0.48579142403388037 0.6320697220867869 0.005992588671254632 0.012067284251584593
15 0.5039756484912652 0.6320697220867869 0.006363155108523028 0.012067284251584593
15 0.7081577554261514 0.6322135543637251 0.010280571731074644 0.0065041443198439785
15 0.6111090524086819 0.6323842028278889 0.012053996823716252 0.004895173086299366
15 0.7387850714663844 0.6329424670892247 0.01224457384859714 0.006011701608971233
15 0.6468422445738486 0.6332228181374939 0.01787718369507676 0.007547537786445637
15 0.8256140815246162 0.6359531935641151 0.01014822657490736 0.0052072159921989275
15 0.8501508734780306 0.638610433934666 0.0073425092641609315 0.004670892247684057
15 0.5332742191635786 0.6394880546075085 0.00355214399152991 0.011301803998049732
1 0.4397220751720487 0.6398805460750853 0.010201164637374272 0.005260848366650414
15 0.2624748544203282 0.6425670404680643 0.0050979354155637905 0.011608971233544612
1 0.6440285865537321 0.6443295953193564 0.017543673901535203 0.008308142369575815
15 0.8245288512440445 0.6462311067771819 0.009036527263102171 0.005285226718673818
15 0.8486686077289571 0.64977084349098 0.009671784012705135 0.0055387615797172106
15 0.8261646373742721 0.655794734275963 0.01019057702488089 0.003934666016577279
15 0.8915219692959238 0.6587372013651877 0.050910534674430914 0.02054607508532423
15 0.6476310217046056 0.6590370550950756 0.012043409211222869 0.00651877133105802
15 0.8497829539438857 0.6615699658703073 0.010841715193223928 0.008659190638712825
15 0.15309687665431446 0.6644466114090687 0.005505558496559026 0.013437347635299853
15 0.8261646373742721 0.6670112140419308 0.01019057702488089 0.005889809848854217
15 0.2904102699841186 0.6674158946855192 0.004854420328215987 0.012549975621647976
15 0.27884330333509794 0.6675231594344222 0.006071995764955003 0.014714773281326182
15 0.30114875595553203 0.6675231594344222 0.007273689782953944 0.013739639200390053
15 0.6273954473266279 0.6677206240858118 0.004393859184753838 0.014134568503169185
15 0.2567257808364214 0.6680497318381278 0.006304923239809423 0.016743052169673332
15 0.26799100052938063 0.6691272549975622 0.005542615140285866 0.01499756216479766
1 0.31767072525145584 0.669098000975134 0.0074960296453149815 0.012988785958069234
15 0.6470248808893595 0.6695538761579718 0.010831127580730546 0.005124329595319357
15 0.2081048173636845 0.6706533398342271 0.005410269984118581 0.011223793271574842
15 0.2223186871360508 0.6713529985372988 0.004192694547379566 0.013598244758654315
15 0.23513499205929064 0.6711482203803023 0.0033562731604023293 0.015138956606533398
15 0.19483324510322922 0.671526084836665 0.004277395447326628 0.011994149195514383
15 0.8491371095817893 0.6718820087762067 0.010608787718369508 0.0049049244271087275
15 0.5598147167813659 0.6731399317406143 0.0047538380095288515 0.010346172598732325
1 0.5505929062996294 0.6737786445636276 0.005367919534145051 0.011623598244758655
15 0.4487003705664373 0.6750219405168211 0.00486500794070937 0.011184787908337396
15 0.10333509793541555 0.6758824963432472 0.005505558496559026 0.011930765480253534
15 0.8260349391212283 0.6763213066796685 0.009931180518793013 0.0069575816674792785
9 0.5183800952885125 0.676618722574354 0.04470089994706194 0.03290589956118966
9 0.5917734250926415 0.6802779132130667 0.04643726839597671 0.030472940029254023
15 0.6470248808893595 0.6823403217942468 0.010831127580730546 0.006318868844466114
1 0.8258231868713605 0.6872964407606046 0.014801482265749073 0.008430034129692832
15 0.8503017469560614 0.6880789858605558 0.012938062466913711 0.006094588005850805
15 0.48035203811540494 0.6885299853729888 0.010995235574377978 0.0060214529497805945
1 0.24307834833245104 0.691984397854705 0.006537850714663843 0.011955143832276938
15 0.6463075701429327 0.6924061433447098 0.012572789835892006 0.004022428083861531
15 0.45577289571201696 0.6937567040468064 0.007363684489147697 0.006723549488054607
1 0.17162519851773425 0.6944563627498781 0.009740603493912122 0.012023403217942466
15 0.560420857596612 0.698259385665529 0.004907358390682901 0.0137786445636275
15 0.4818581259925887 0.6987713310580205 0.006596082583377448 0.004076060458313018
15 0.826003176283748 0.6991565090199903 0.009867654843832716 0.0048464163822525596
9 0.7313446267866596 0.7007996099463676 0.11170989941768132 0.10467089224768406
1 0.8509105346744309 0.7013066796684545 0.012038115404976178 0.0071964895173086295
15 0.6476733721545791 0.7021623598244758 0.015304393859184754 0.005007313505607021
9 0.1383668607728957 0.7031131155533886 0.04380624669137109 0.03031204290589956
15 0.3875330862890418 0.7046611409068747 0.007464266807834833 0.013905411994149195
15 0.453507146638433 0.7054266211604096 0.00918475383800953 0.0066601657727937595
9 0.20735309687665432 0.7097196489517309 0.0420222339862361 0.029873232569478304
9 0.3382795129698253 0.7104461238420283 0.04341979883536262 0.02840078010726475
9 0.27407623080995236 0.7104290589956118 0.043123345685547904 0.030316918576304242
15 0.8264213869772365 0.7104461238420283 0.010704076230809953 0.005972696245733789
15 0.646347273689783 0.7119137006338372 0.012652196929592376 0.004032179424670892
1 0.8517919534145051 0.7146221355436373 0.01274219163578613 0.009449049244271087
15 0.6318978295394388 0.7193515358361775 0.007046056114346215 0.017932715748415408
15 0.8251694017998941 0.7196099463676255 0.010317628374801482 0.004797659678205753
15 0.6474404446797247 0.7221233544612384 0.011662255161461091 0.004948805460750854
15 0.3067416622551614 0.7236445636274987 0.008930651138168344 0.012866894197952219
15 0.8521757543673901 0.7272574353973672 0.014568554790894653 0.00644076060458313
15 0.8256484912652198 0.7315504631886884 0.013393329804129168 0.005275475377864457
15 0.5214505029115934 0.735838615309605 0.05084171519322393 0.024578254509995123
15 0.41108787718369505 0.7364846416382252 0.05775013234515617 0.025870307167235495
9 0.8929195341450502 0.7363725012189176 0.029354155637903653 0.10658215504631886
15 0.5770884065643197 0.7380716723549489 0.04988883006881948 0.022218430034129693
15 0.4677580730545262 0.7380058508044857 0.05039174166225516 0.0250121891760117
1 0.6521889888830068 0.7445538761579716 0.01374801482265749 0.005928815212091662
15 0.23820275277924827 0.7465285226718674 0.0073742721016410795 0.011828376401755242
1 0.2493912122816305 0.7464090687469527 0.007517204870301747 0.013539736713798147
1 0.8498888300688195 0.7467064846416381 0.005759661196400212 0.01023403217942467
15 0.33657226045526734 0.7469795221843004 0.0050661725780836424 0.009804973183812774
15 0.20886183165696137 0.7469453924914675 0.006924298570672314 0.010711847879083374
15 0.22432503970354686 0.7471916138469039 0.006087877183695077 0.013154558751828376
15 0.26236103758602436 0.7473647001462701 0.009105346744309158 0.011550463188688445
1 0.3199364743250397 0.7475182837640176 0.00567496029645315 0.01575816674792784
15 0.28814452091053466 0.7479570941004388 0.007734250926416093 0.012735251097025842
15 0.2751005823186871 0.7477840078010726 0.005997882477501324 0.012389078498293515
9 0.8255876124933827 0.748824963432472 0.015389094759131815 0.018371526084836665
15 0.3590709370037056 0.7508751828376402 0.008771836950767602 0.004919551438322769
15 0.859150344097406 0.75171867381765 0.0073425092641609315 0.013432471964895174
15 0.18153255690841716 0.7565967820575329 0.011556379036527262 0.004661140906874695
15 0.3665219692959238 0.7629619697708435 0.009910005293806246 0.004714773281326182
15 0.15219428268925358 0.7630692345197465 0.011111699311805187 0.005904436860068259
9 0.1123292747485442 0.7669112627986348 0.034081524616199045 0.03699171136031205
15 0.18050820539968238 0.7670843490980009 0.008448914769719429 0.00613359336908825
15 0.3648967707781895 0.7727181862506095 0.01089465325569084 0.005699658703071672
15 0.7607437797776602 0.7729449049244271 0.005341450502911594 0.00810336421257923
1 0.7445738485971414 0.7731960019502682 0.006881948120698782 0.011530960507069721
1 0.8505637903652726 0.7736933203315456 0.004992059290629963 0.011550463188688445
15 0.1529883536262573 0.7740419307654802 0.01058231868713605 0.005421745490004876
15 0.7903838009528852 0.7742442710872744 0.005330862890418211 0.010702096538274012
15 0.8001508734780306 0.774641638225256 0.006866066701958709 0.012471964895173085
1 0.7783403917416623 0.7746587030716724 0.009830598200105876 0.011530960507069721
15 0.7103176283748015 0.7755558264261335 0.007188988883006882 0.010399804973183812
9 0.8244150344097406 0.7768381277425647 0.015161461090524088 0.018815212091662606
15 0.17990471148755954 0.7775694783032667 0.00830068819481207 0.005650901999024866
15 0.8611116993118052 0.7779985372988786 0.002795129698253044 0.014310092637737689
15 0.3656881948120699 0.7825060945880059 0.010359978824775013 0.004797659678205753
15 0.17971413446267867 0.7885080448561678 0.007919534145050292 0.005099951243295954
15 0.7959925886712547 0.7921891760117016 0.01231339332980413 0.005636274987810825
1 0.3670248808893594 0.7951487079473427 0.011974589730015882 0.005704534373476353
1 0.8585283218634198 0.796840565577767 0.013509793541556379 0.005187713310580205
15 0.7509767072525145 0.7981569965870307 0.003806246691371096 0.011721111652852266
15 0.7749682371625198 0.798732325694783 0.007321334039174166 0.01189663578742077
15 0.18035733192165165 0.798366650414432 0.00814716781365802 0.005314480741101902
15 0.7615325569084171 0.7988078985860556 0.0037427210164107994 0.011072647489029742
15 0.6420831127580731 0.8025158459288152 0.006241397564849126 0.013612871769868357
15 0.7952249867654844 0.8045733788395905 0.01077818951826363 0.005051194539249146
15 0.8251323451561673 0.8055655777669429 0.012361037586024352 0.017762067284251584
9 0.8972604552673372 0.8058824963432472 0.017919534145050292 0.018395904436860067
15 0.3644917946003176 0.8070282788883472 0.011143462149285337 0.005085324232081911
15 0.15888565378507147 0.8086445636274988 0.004377977766013764 0.011243295953193563
15 0.39447591318157754 0.8088737201365188 0.012879830598200104 0.005850804485616773
15 0.1810005293806247 0.8109410043881033 0.00837480148226575 0.005109702584105314
15 0.8666993118051879 0.8120160897123354 0.015029115934356803 0.005309605070697221
15 0.36464266807834833 0.8164675767918089 0.009327686606670197 0.004461238420282789
15 0.39557173107464266 0.8200609458800585 0.012953943885653784 0.007747440273037543
15 0.1796797247220752 0.8202779132130669 0.009968237162519851 0.004280838615309605
15 0.5794282689253573 0.8243490980009751 0.012218104817363684 0.005597269624573379
15 0.8046903123345686 0.8253412969283277 0.010651138168343038 0.0056313993174061435
15 0.6962969825304394 0.827450024378352 0.006675489677077819 0.011799122379327157
9 0.2760772895712017 0.8274695270599708 0.11912122816304924 0.11617747440273038
1 0.3654737956590789 0.8286616284739152 0.009931180518793013 0.006421257922964408
15 0.6808046585494971 0.8288078985860555 0.005336156696664902 0.012564602632862019
15 0.6412493382742191 0.8308776206728425 0.006691371095817893 0.01280351048269137
15 0.39787983059820015 0.8325987323256948 0.014393859184753839 0.006494392979034617
15 0.5808099523557438 0.8348415407118479 0.010746426680783483 0.005129205265724037
1 0.18511911064055056 0.8356216479765968 0.006024351508734781 0.010589956118966357
15 0.36562466913710956 0.8384495368113116 0.008115404976177873 0.005519258898098489
15 0.6202170460561143 0.8415504631886884 0.012271042879830598 0.006845441248171623
15 0.39587347803070405 0.843710385177962 0.012498676548438326 0.005314480741101902
15 0.766048173636845 0.845336421257923 0.004303864478560085 0.011491955143832278
1 0.5798491265219693 0.8460263286201853 0.013059820010587614 0.007996099463676255
15 0.835129698253044 0.8464163822525598 0.003769190047644256 0.010726474890297415
15 0.6745050291159345 0.8484787908337397 0.0043832715722604545 0.009000487567040468
15 0.6864663843303335 0.8485811799122379 0.007130757014293277 0.01213066796684544
15 0.36400211752249867 0.84896879570941 0.011222869242985706 0.0031545587518283765
15 0.6624563260984648 0.8495416869819601 0.006754896770778189 0.011126279863481229
15 0.7028613022763367 0.849778156996587 0.006040232927474854 0.011599219892735251
15 0.7146823716251985 0.8506509019990248 0.005330862890418211 0.010419307654802536
1 0.39557173107464266 0.8532545099951244 0.01401270513499206 0.005875182837640176
15 0.12708840656431974 0.8555095075572892 0.009602964531498148 0.006484641638225257
9 0.49201694017998937 0.8555143832276938 0.11902593965060879 0.11765967820575329
15 0.5801905770248809 0.8576596782057533 0.008448914769719429 0.0049341784495368106
1 0.3644917946003176 0.863495855680156 0.011143462149285337 0.0049049244271087275
15 0.3970434092112229 0.8642296440760605 0.009544732662784543 0.005397367137981473
1 0.7144494441503441 0.8681228668941979 0.013335097935415565 0.004407606045831301
15 0.8355134992059291 0.8684227206240858 0.004536791953414505 0.010858117991223793
1 0.6453361566966649 0.8686396879570941 0.01592376919004764 0.0064163822525597275
15 0.12898094229751192 0.8688859093125305 0.010211752249867654 0.006908824963432472
15 0.10346214928533616 0.8717381764992687 0.012112228692429856 0.0038371526084836666
15 0.7403864478560084 0.8727181862506094 0.013329804129168872 0.006772306192101414
15 0.363928004235045 0.8730789858605558 0.013192165166754897 0.007493905411994149
1 0.18780836421386976 0.8746708922476841 0.011402858655373212 0.004826913700633837
15 0.5804605611434621 0.8764724524622135 0.012165166754896772 0.006479765967820575
15 0.12992323980942297 0.8783617747440273 0.00892006352567496 0.007333008288639688
9 0.864716781365802 0.8783788395904437 0.023769190047644256 0.0766016577279376
15 0.7646214928533616 0.8789297903461726 0.0046267866596082586 0.011394441735738664
15 0.10534674430915829 0.8811140906874695 0.006352567496029645 0.006011701608971233
15 0.7426363155108523 0.8853998049731838 0.009359449444150344 0.004831789371038518
15 0.18890153520381153 0.8858142369575817 0.007236633139227104 0.005660653339834227
15 0.3628665960825834 0.8872549975621647 0.011069348861831658 0.005616772306192101
15 0.5792588671254633 0.8875719161384691 0.008703017469560615 0.0043003412969283275
15 0.12773689782953943 0.890029254022428 0.01513499205929063 0.005314480741101902
15 0.16633139227104288 0.8904485616772306 0.0076230809952355745 0.006153096050706972
15 0.9098755955532029 0.8908483666504144 0.0071519322392800426 0.01280351048269137
15 0.8939677077818952 0.8923403217942467 0.00498147167813658 0.01091175036567528
15 0.6212943356273161 0.8943807898586056 0.01019057702488089 0.006216479765967821
15 0.7432133403917417 0.8959800097513408 0.008395976707252515 0.004539249146757679
15 0.1885283218634198 0.8964383227693808 0.007548967707781895 0.004480741101901511
15 0.5793223928004234 0.8975767918088737 0.010947591318157755 0.005782545099951243
15 0.12803599788247752 0.8996099463676255 0.010439385918475383 0.005948317893710385
15 0.8360269984118582 0.9029619697708434 0.005563790365272631 0.008751828376401755
15 0.7417046056114346 0.9056021452949781 0.00961355214399153 0.005255972696245733
15 0.5796453149814716 0.9098147245246221 0.009475913181577554 0.0049049244271087275
1 0.3176813128639492 0.9104144319843979 0.006458443620963472 0.01098000975134081
15 0.2231577554261514 0.9106972208678693 0.005870831127580731 0.013495855680156021
15 0.12534939121228164 0.9105826426133593 0.009301217575436739 0.004490492442710873
1 0.23589465325569084 0.9122623110677718 0.0048755955532027535 0.01370063383715261
15 0.4065404976177872 0.9121550463188688 0.006304923239809423 0.012510970258410532
15 0.21143991529910006 0.912191613846904 0.006786659608258338 0.010633837152608483
15 0.30614610905240863 0.9122988785958069 0.00668078348332451 0.012798634812286689
15 0.24606934886183165 0.9126133593369088 0.007226045526733722 0.012452462213554363
15 0.2596797247220752 0.9124378352023403 0.006919004764425622 0.012101413944417357
1 0.37564055055584966 0.913274012676743 0.006971942826892535 0.012798634812286689
15 0.38646373742721013 0.913725012189176 0.005325569084171519 0.01370063383715261
15 0.27219428268925355 0.9142150170648464 0.005479089465325569 0.01273037542662116
15 0.2943091582848068 0.9143881033642126 0.004182106934886184 0.011126279863481229
15 0.2836527263102171 0.9153656752803511 0.008279512969825304 0.013081423695758166
1 0.18201958708311275 0.9151584592881521 0.007236633139227104 0.011691857630424183
15 0.1601694017998941 0.9152242808386153 0.003769190047644256 0.01182350073135056
15 0.1972604552673372 0.9161287176986835 0.005955532027527793 0.010706972208678694
9 0.6791609317098994 0.9174012676743052 0.07298570672313394 0.06883471477328133
15 0.7402593965060879 0.9181496830814238 0.013075701429327687 0.005972696245733789
15 0.1273928004235045 0.9208946855192589 0.010211752249867654 0.005611896635787421
15 0.07563790365272631 0.921138469039493 0.014695606140815247 0.007074597757191613
15 0.7420222339862361 0.9285689907362262 0.012366331392271043 0.004383227693807899
15 0.1273928004235045 0.9312749878108241 0.010211752249867654 0.004919551438322769
15 0.2931048173636845 0.931282301316431 0.010243515087347804 0.009809848854217455
15 0.07635256749602964 0.9317966845441248 0.01188988883006882 0.0059629449049244275
1 0.22878771836950768 0.9335470502194051 0.004425622022233986 0.012389078498293515
15 0.25238221281101114 0.9340370550950756 0.006087877183695077 0.011418820087762068
15 0.5131630492323981 0.9341028766455388 0.005680254102699842 0.013500731350560702
15 0.24228957120169403 0.9341735738664066 0.006019057702488089 0.010716723549488055
15 0.42790100582318685 0.9345904436860069 0.005616728427739545 0.012525597269624574
15 0.2676177871889889 0.9348732325694783 0.0037374272101641077 0.013091175036567529
15 0.43875330862890416 0.934870794734276 0.007204870301746956 0.013086299366162847
15 0.5035230280571731 0.9352901023890785 0.006516675489677078 0.013924914675767917
15 0.5249973530968767 0.9354290589956119 0.007114875595553203 0.014202827888834714
15 0.27805187930121755 0.9356070209653827 0.004489147697194283 0.013583617747440272
1 0.49205929062996295 0.9352608483666505 0.004764425622022234 0.017766942954656265
15 0.5376601376389624 0.9357411019015114 0.0059714134462678665 0.013851779619697708
15 0.5491926945473795 0.9362262311067772 0.005743779777660138 0.010921501706484642
9 0.6002673372154579 0.9367284251584593 0.020015881418740077 0.01485129205265724
15 0.7424722075172049 0.9394027303754265 0.011148755955532027 0.003622623110677718
15 0.12791953414505028 0.941274987810824 0.008088935944944415 0.0054168698196001945
15 0.8119481206987824 0.9434812286689419 0.006109052408681842 0.014705021940516821
15 0.47542350449973536 0.9435787420770356 0.006431974589730016 0.012949780594831789
15 0.4655532027527792 0.944763529985373 0.003631551085230281 0.012393954168698196
15 0.454931180518793 0.9460190151145783 0.005680254102699842 0.014904924427108727
1 0.2366966649020646 0.951482203803023 0.012832186341979883 0.009254022428083862
9 0.20631551085230282 0.9521355436372501 0.020889359449444152 0.037864456362749876
9 0.1690550555849656 0.9528717698683569 0.020481736368448914 0.04031204290589956
9 0.7795262043409211 0.9537908337396391 0.02702488088935945 0.03922476840565578
15 0.5196267866596083 0.9553900536323745 0.005902593965060879 0.014144319843978547
15 0.5314610905240867 0.9554631886884446 0.00733721545791424 0.016240858117991225
15 0.5083986236103759 0.9558410531448075 0.006739015352038116 0.01212091662603608
15 0.5420487030174695 0.9574085811799122 0.00733721545791424 0.013305704534373476
15 0.7420222339862361 0.959648951730863 0.012366331392271043 0.005109702584105314
15 0.2594917946003176 0.9606192101413944 0.006543144520910534 0.013876157971721112
15 0.5667681312863949 0.9617137981472452 0.003838009528851244 0.011189663578742076
1 0.5961805187930121 0.9626889322281813 0.009724722075172049 0.013139931740614334
1 0.5811990471148756 0.9625670404680643 0.009407093700370565 0.016796684544124817
15 0.2699258867125463 0.9627474402730376 0.006236103758602435 0.017157484154071184
15 0.6114372683959768 0.963252072159922 0.005299100052938062 0.01036567528035105
15 0.812289571201694 0.9658824963432472 0.005733192165166755 0.015626523647001463
15 0.6638194812069877 0.9663139931740615 0.008422445738485971 0.005763042418332521
15 0.644004764425622 0.9660482691370064 0.01431974589730016 0.005231594344222331
15 0.7095129698253044 0.9667284251584592 0.01193223928004235 0.004641638225255973
15 0.6864478560084701 0.9669648951730863 0.010269984118581259 0.005114578254509995
15 0.40647961884595024 0.9674670892247684 0.01359449444150344 0.006118966357874208
15 0.7310852302805717 0.9701413944417357 0.011667548967707782 0.004641638225255973
15 0.2943038644785601 0.9702535348610434 0.011582848067760719 0.005841053144807411
15 0.2620804658549497 0.12878839590443686 0.015955532027527794 0.012818137493905412
15 0.2607490735839068 0.13962213554363725 0.012233986236103759 0.0062067284251584596
9 0.21871095817893063 0.1417771818625061 0.01603493912122816 0.011491955143832278
15 0.47116993118051875 0.14552169673330081 0.011688724192694547 0.004353973671379814
15 0.5532821598729487 0.1468064358849342 0.005452620434092113 0.011799122379327157
1 0.5297247220751721 0.14667235494880546 0.00598200105876125 0.011530960507069721
15 0.5415987294865008 0.14711847879083376 0.0043197458973001585 0.010472940029254023
9 0.5064557967178401 0.15311067771818623 0.016617257808364216 0.033183812774256465
1 0.26751720487030173 0.15447586543149683 0.010947591318157755 0.009585568015602145
15 0.4726786659608258 0.15457825450999513 0.008353626257278984 0.00393954168698196
15 0.14057702488088936 0.1551389566065334 0.006934886183165696 0.014812286689419795
15 0.17596347273689783 0.15729887859580693 0.007829539438856538 0.01523159434422233
15 0.5493541556379037 0.1601097025841053 0.01030174695606141 0.00817649926864944
15 0.09396241397564849 0.16261579717211117 0.005817893065113817 0.015138956606533398
15 0.2892006352567496 0.16300097513408093 0.016199047114875596 0.004207703559239395
15 0.4721889888830069 0.16561189663578743 0.009491794600317629 0.0065041443198439785
15 0.5292006352567495 0.16548269137006338 0.007051349920592907 0.015021940516821063
15 0.4013340391741662 0.16670160897123354 0.005420857596611964 0.011608971233544612
15 0.22506087877183695 0.1672428083861531 0.013912122816304924 0.005865431496830814
15 0.3910534674430916 0.16819843978547053 0.008152461619904712 0.010702096538274012
15 0.3796347273689783 0.16896148220380303 0.007548967707781895 0.009302779132130666
15 0.5648464796188459 0.17396879570941004 0.027522498676548438 0.011516333495855681
15 0.2903917416622551 0.1747513408093613 0.00799364743250397 0.005280351048269137
1 0.7292323980942298 0.17611409068746953 0.01007940709370037 0.011906387128230132
15 0.2250291159343568 0.1769527059970746 0.011731074642668078 0.004807411019015114
15 0.4717337215457914 0.17665529010238906 0.007522498676548439 0.007137981472452462
9 0.791156696664902 0.17949780594831788 0.07146109052408682 0.13764017552413457
15 0.8912837480148227 0.18089956118966358 0.05149285336156696 0.020502194051682104
15 0.09464002117522499 0.1816382252559727 0.002938062466913711 0.0171038517796197
15 0.2877448385389095 0.1848902974158947 0.00799364743250397 0.004105314480741102
15 0.22519057702488088 0.1871647976596782 0.009936474325039704 0.006704046806435885
15 0.5172154579142403 0.18749878108239884 0.007432503970354685 0.014197952218430034
15 0.5313181577554261 0.1881253047294003 0.005992588671254632 0.013500731350560702
1 0.3588035997882477 0.1879327157484154 0.005060878771836951 0.012140419307654802
15 0.5066649020645845 0.1884032179424671 0.005389094759131815 0.014056557776694295
15 0.3106723133933298 0.18840565577766943 0.005145579671784013 0.012111165285226719
15 0.33607993647432505 0.18861774744027304 0.006199047114875596 0.014485616772306193
15 0.32292482795129696 0.1887908337396392 0.008475383800952885 0.01385665529010239
15 0.394494441503441 0.18896148220380302 0.008681842244573848 0.012247684056557778
15 0.38435415563790365 0.19011457825451 0.003223928004235045 0.014553876157971721
15 0.42730545262043407 0.18997318381277425 0.004425622022233986 0.013295953193564115
15 0.34703811540497614 0.19011457825451 0.0027051349920592907 0.013578742077035593
15 0.37309158284806776 0.1903924914675768 0.005050291159343567 0.014134568503169185
1 0.4141582848067761 0.19054851292052657 0.00671784012705135 0.014446611409068746
1 0.2870910534674431 0.1934641638225256 0.011979883536262573 0.0066260360799609945
9 0.2563790365272631 0.19676255485129204 0.020434092112228693 0.019073622623110676
15 0.8518157755426151 0.19735494880546073 0.011731074642668078 0.003681131155533886
15 0.22535203811540497 0.19974158946855194 0.008141874007411329 0.00552901023890785
15 0.1305214399152991 0.20490248659190638 0.004822657490735838 0.011950268161872259
15 0.28970089994706194 0.20523890784982934 0.009788247750132345 0.004822038030229157
1 0.6093462149285337 0.2068746952705997 0.0074695606140815244 0.012969283276450513
1 0.6438697723663314 0.20721355436372502 0.010873478030704075 0.01462213554363725
1 0.6274457384859714 0.20781813749390543 0.011905770248808893 0.014856167723061921
1 0.6602699841185813 0.20781813749390543 0.008734780307040762 0.014856167723061921
15 0.8544653255690842 0.20941004388103365 0.013853890947591319 0.004388103364212579
15 0.224004764425622 0.21073866406630912 0.009682371625198517 0.0041199414919551435
15 0.4441768131286395 0.2139419795221843 0.01169931180518793 0.0066260360799609945
15 0.2623319216516676 0.21432228181374938 0.01645844362096347 0.008361774744027302
15 0.2894123875066173 0.21651633349585567 0.0070937003705664374 0.004948805460750854
15 0.8917443091582848 0.22423695758166748 0.05347273689782954 0.023315455875182838
15 0.44629168872419267 0.22515845928815212 0.008517734250926416 0.005655777669429546
15 0.23149550026469032 0.2275694783032667 0.004547379565907888 0.01145294978059483
15 0.22018793012175755 0.22736226231106776 0.004166225516146109 0.012988785958069234
15 0.2883059820010588 0.22888590931253047 0.010174695606140814 0.005309605070697221
1 0.8443620963472737 0.23117747440273037 0.006352567496029645 0.0157435397367138
15 0.8554393859184753 0.23247440273037542 0.006273160402329275 0.011511457825450998
15 0.4421334039174167 0.23477328132618233 0.00973001588141874 0.00538274012676743
15 0.28884859714134464 0.2401633349585568 0.013377448385389094 0.005436372501218918
15 0.22477236633139228 0.24232081911262798 0.011217575436739015 0.0039005363237445147
9 0.2557411328745368 0.2442320819112628 0.013864478560084702 0.034051682106289616
15 0.4443276866066702 0.24964651389566064 0.010942297511911066 0.004900048756704047
1 0.10327421916357862 0.2501097025841053 0.01173636844891477 0.006801560214529497
15 0.28881948120698786 0.25325694783032665 0.01120169401799894 0.006270112140419308
15 0.22565643197458973 0.2542759629449049 0.00980942297511911 0.003432471964895173
9 0.36751720487030176 0.2591028766455387 0.11142403388035997 0.1027986348122867
1 0.6085971413446268 0.2608800585080449 0.011265219692959239 0.01371526084836665
1 0.7609449444150344 0.2621355436372501 0.00892006352567496 0.014275962944904925
15 0.2889782953943886 0.26228668941979527 0.009401799894123876 0.005802047781569966
15 0.1783589200635257 0.26284982935153584 0.012620434092112229 0.005953193564115066
9 0.14112493382742192 0.26394929302779135 0.027088406564319746 0.03643100926377377
15 0.4453096876654315 0.26532666991711357 0.010788777130757014 0.007006338371526084
15 0.8948782424563261 0.26673573866406636 0.05021175224986765 0.020550950755728912
15 0.17718369507676018 0.2744856167723062 0.010269984118581259 0.005821550463188688
15 0.4456484912652197 0.2771696733300829 0.008290100582318688 0.005338859093125304
15 0.24069878242456327 0.2775816674792784 0.00919004764425622 0.014939054119941493
15 0.2794097406034939 0.2779814724524622 0.007204870301746956 0.014763529985372989
1 0.2699576495500265 0.2783081423695758 0.006299629433562732 0.011516333495855681
15 0.2919587083112758 0.2782935153583618 0.005833774483853891 0.013437347635299853
15 0.2242165166754897 0.28037298878595807 0.011164637374272101 0.004919551438322769
9 0.6842297511911064 0.28681862506094585 0.1286500794070937 0.059741589468551924
9 0.5302249867654844 0.2876328620185275 0.12556379036527263 0.05649439297903462
15 0.4465934356802541 0.28807411019015117 0.008062466913710958 0.005694783032666992
9 0.805267337215458 0.2894783032666992 0.03192165166754896 0.06213554363725012
15 0.22300423504499736 0.29173086299366163 0.008740074113287455 0.0052072159921989275
1 0.7628718898888301 0.2923768893222818 0.008538909475913181 0.016250609458800584
15 0.28644520910534677 0.2930204778156997 0.010688194812069878 0.0068113115553388595
15 0.19709634727368977 0.29664797659678205 0.004568554790894653 0.010165772793759142
15 0.17861831656961358 0.29723305704534375 0.007845420857596612 0.004509995124329595
15 0.2074086818422446 0.29715017064846416 0.005076760190577025 0.013120429058995612
15 0.44390682901005823 0.29873232569478303 0.007983059820010588 0.004583130180399805
15 0.2237612493382742 0.30089224768405654 0.010254102699841186 0.005002437835202341
15 0.2880333509793542 0.305558264261336 0.011746956061408154 0.004583130180399805
1 0.179073583906829 0.3081204290589956 0.008755955532027527 0.005806923451974646
15 0.44598729486500793 0.3083447098976109 0.008967707781895184 0.0043052169673330086
15 0.8912837480148227 0.30876889322281814 0.05149285336156696 0.024656265236470014
9 0.1383192165166755 0.3127328132618235 0.02571201694017999 0.03550950755728913
9 0.2563260984647962 0.31332764505119454 0.01926945473795659 0.035724037055095074
15 0.22345685547908947 0.314305216967333 0.00752779248279513 0.005499756216479765
1 0.6096850185283218 0.31405899561189665 0.0049708840656431975 0.011833252072159921
1 0.7629089465325569 0.3160580204778157 0.007554261514028587 0.011930765480253534
15 0.19709634727368977 0.31626036079960995 0.004568554790894653 0.015260848366650415
15 0.2886050820539968 0.3164334470989761 0.015007940709370038 0.007805948317893711
15 0.20757014293276868 0.31679180887372016 0.00328215987294865 0.01242320819112628
15 0.18092641609317098 0.3179985372988786 0.010344097406034938 0.007035592393954168
15 0.846561672842774 0.32247684056557774 0.012869242985706722 0.006240858117991224
15 0.22557702488088938 0.32367381764992686 0.011768131286394918 0.003759141882008776
15 0.3443700370566437 0.3242857142857143 0.01536791953414505 0.004982935153583618
15 0.32179989412387505 0.325121891760117 0.014695606140815247 0.00568015602145295
15 0.842006352567496 0.03298391028766456 0.013287453679195342 0.004534373476352999
15 0.2888644785600847 0.3268113115553388 0.010232927474854419 0.005158459288152121
1 0.4153652726310217 0.3318527547537786 0.005955532027527793 0.014266211604095564
1 0.22194812069878242 0.33487567040468064 0.011921651667548968 0.007635299853729888
15 0.8197988353626257 0.03397123354461238 0.010164107993647432 0.00553388590931253
1 0.7617390153520381 0.3392662116040956 0.009449444150344098 0.016416382252559727
1 0.6093118051879302 0.34041930765480255 0.00845950238221281 0.012871769868356898
15 0.22172578083642136 0.3451389566065334 0.016770778189518262 0.005733788395904437
15 0.3109396506087877 0.3503291077523159 0.005680254102699842 0.013188688444661142
15 0.28750661725780835 0.3510165772793759 0.013869772366331391 0.006762554851292052
15 0.8917654843832716 0.35234519746465137 0.04928004235044998 0.023071672354948804
15 0.17143197458973 0.3554875670404681 0.005119110640550556 0.011803998049731838
15 0.1895420857596612 0.3563261823500732 0.006400211752249868 0.01348122866894198
15 0.1997114875595553 0.3563237445148708 0.0045050291159343565 0.01250121891760117
9 0.25598200105876123 0.35733057045343736 0.01752249867654844 0.03206728425158459
9 0.5324377977766014 0.3609678205753291 0.12998941238750664 0.06469527059970746
15 0.22134197988353627 0.3627303754266212 0.011768131286394918 0.0058117991223793275
9 0.807043409211223 0.3640589956118966 0.03229751191106405 0.07087762067284252
9 0.36507940709370035 0.3651316431009264 0.06949179460031764 0.053520234032179426
9 0.6870857596611963 0.36606289614822035 0.12800952885124406 0.05635787420770356
1 0.4183986236103759 0.36713066796684546 0.012022233986236103 0.00583617747440273
15 0.28727633668607727 0.36825694783032664 0.010232927474854419 0.004188200877620673
15 0.44922181048173637 0.369527059970746 0.013319216516675489 0.004778156996587031
1 0.22361037586024352 0.372915650901999 0.009952355743779779 0.005704534373476353
1 0.7638988883006883 0.37654558751828376 0.012710428798305983 0.004188200877620673
15 0.14799364743250398 0.3799439297903462 0.006945473795659078 0.011960019502681619
15 0.44932768660667016 0.3798391028766455 0.008237162519851774 0.003949293027791321
15 0.12530704076230811 0.38067284251584593 0.00498147167813658 0.011467576791808874
15 0.27880624669137105 0.3850877620672843 0.008115404976177873 0.007620672842515846
15 0.23138168343038643 0.38785714285714284 0.0074960296453149815 0.015109702584105314
15 0.21852567496029646 0.3884763529985373 0.008253043938591848 0.01537298878595807
15 0.3135865537321334 0.3895904436860068 0.005680254102699842 0.014675767918088738
15 0.4500873478030704 0.39060458313018037 0.011874007411328746 0.005977571916138469
1 0.6094997353096877 0.39315699658703074 0.007776601376389624 0.010107264748902974
15 0.42603493912122814 0.39381764992686497 0.005060878771836951 0.012403705509507559
15 0.4162440444679725 0.3949341784495368 0.0055955532027527795 0.013661628473915163
1 0.7619613552143991 0.3958581179912238 0.0056590788777130755 0.013559239395416868
15 0.2790365272631022 0.39560702096538275 0.010693488618316569 0.005255972696245733
15 0.8497035468501852 0.39732081911262795 0.015976707252514558 0.004783032666991711
15 0.8905743779777661 0.3977742564602633 0.05219163578613023 0.0222671867381765
15 0.4502038115404976 0.40328620185275477 0.01316569613552144 0.00598732325694783
15 0.17264425622022234 0.40683812774256456 0.00648491265219693 0.014066309117503657
15 0.19596611964002117 0.40718430034129693 0.003366860772895712 0.011833252072159921
15 0.183078348332451 0.407915650901999 0.00617787188988883 0.011345685031691857
15 0.4001508734780307 0.40832764505119457 0.01575966119640021 0.0072940029254022435
15 0.37421122286924297 0.40896392003900534 0.01258337744838539 0.005641150658215505
15 0.4211699311805188 0.40909068746952704 0.01544732662784542 0.005894685519258898
15 0.5543779777660138 0.4089224768405656 0.012938062466913711 0.005558264261335934
15 0.5315828480677607 0.40934178449536807 0.014992059290629963 0.006396879570941004
15 0.5004261514028586 0.40996587030716725 0.010910534674430915 0.004719648951730863
15 0.4723928004235045 0.41262067284251586 0.009899417681312864 0.005153583617747441
15 0.6068025410269984 0.41295221843003416 0.01614610905240868 0.005816674792784008
15 0.44940974060349387 0.4134251584592881 0.012636315510852304 0.006762554851292052
15 0.15436474325039706 0.4151755241345685 0.012276336686077291 0.005387615797172111
1 0.2763181577554262 0.4220087762067284 0.013726839597670725 0.005402242808386153
1 0.36271042879830595 0.42190638712823014 0.007580730545262044 0.004222330570453438
1 0.5737003705664373 0.42241589468551927 0.010291159343568026 0.006216479765967821
15 0.47511381683430387 0.4233178937103852 0.008988883006881948 0.0070453437347635295
15 0.448499205929063 0.42369819600195024 0.01081524616199047 0.0039054119941491954
15 0.6794917946003176 0.4238030229156509 0.017533086289041818 0.024592881521209167
15 0.1862678665960826 0.4266455387615797 0.011498147167813657 0.00492442710872745
15 0.7008231868713605 0.42690151145782546 0.010434092112228692 0.008361774744027302
15 0.7694759131815775 0.43112627986348123 0.006924298570672314 0.014861043393466602
15 0.11657490735839068 0.4319965870307167 0.004457384859714134 0.010750853242320819
15 0.47420328215987295 0.43181618722574355 0.007167813658020116 0.004539249146757679
15 0.4499364743250397 0.4322330570453437 0.010513499205929063 0.005372988785958069
1 0.36108523028057177 0.43284495368113113 0.007506617257808364 0.004646513895660653
15 0.14886183165696135 0.433115553388591 0.004446797247220752 0.013963920039005364
15 0.15956061408152464 0.4334275962944905 0.004669137109581789 0.012637737688932229
1 0.555291159343568 0.43377133105802046 0.01370566437268396 0.005524134568503169
9 0.31989941768131286 0.4344466114090687 0.03206987824245632 0.06148220380302291
9 0.23448650079407093 0.4350146270112141 0.03276336686077289 0.06651877133105802
9 0.807043409211223 0.43685275475377866 0.03229751191106405 0.062393954168698196
15 0.1875833774483854 0.4374037055095076 0.007776601376389624 0.003037542662116041
15 0.8908231868713605 0.4400560702096538 0.04951296982530439 0.019068746952706
15 0.473713605082054 0.4422671867381765 0.007247220751720487 0.005938566552901024
15 0.3602620434092112 0.4430570453437348 0.013271572260455267 0.007518283764017552
9 0.7395817893065113 0.4430058508044856 0.03077818951826363 0.036669917113603116
15 0.4505796717840127 0.4440443686006826 0.01074113287453679 0.0065675280351048275
15 0.5704076230809952 0.44421014139444176 0.012175754367390153 0.004948805460750854
9 0.6162652196929592 0.445014627011214 0.053070407623080997 0.02898586055582643
15 0.13276071995764954 0.44860555826426135 0.009301217575436739 0.003988298391028766
15 0.18917151932239282 0.4487688932228181 0.012011646373742722 0.005290102389078498
15 0.15374536791953416 0.44867625548512924 0.012096347273689783 0.006079960994636763
9 0.40722075172048705 0.4493149683081423 0.042604552673372154 0.0648902974158947
9 0.513499205929063 0.45064358849341785 0.035997882477501325 0.06462213554363724
15 0.4748094229751191 0.45118722574353975 0.007321334039174166 0.006226231106777181
15 0.45046320804658546 0.4525060945880059 0.008390682901005824 0.003988298391028766
1 0.6958417151932239 0.45343003412969285 0.01 0.0038859093125304727
15 0.5687480148226575 0.45511457825451 0.014150344097406035 0.005304729400292541
15 0.18886712546320802 0.46028278888347146 0.010344097406034938 0.005889809848854217
15 0.4745076760190577 0.4624012676743052 0.007776601376389624 0.004275962944904925
1 0.44812069878242455 0.4655923939541687 0.01111699311805188 0.005782545099951243
15 0.570558496559026 0.4662993661628474 0.011418740074113287 0.006221355436372501
15 0.18891476971942828 0.4701462701121404 0.011498147167813657 0.005138956606533398
15 0.8503070407623081 0.4709653827401268 0.016124933827421917 0.005802047781569966
15 0.6535574377977765 0.47139200390053637 0.004838538909475914 0.011530960507069721
15 0.4742826892535733 0.4715309605070697 0.010502911593435681 0.006933203315455876
15 0.3592006352567496 0.47193320331545585 0.011148755955532027 0.005787420770355924
1 0.6652329274748544 0.47199171136031204 0.00807305452620434 0.013705509507557289
15 0.690121757543674 0.47250853242320817 0.00914769719428269 0.013764017552413457
15 0.7644891476971942 0.47250121891760116 0.010714663843303334 0.006923451974646513
15 0.6780968766543144 0.4728230131643101 0.008390682901005824 0.01341784495368113
15 0.35980677607199574 0.4809215017064846 0.012361037586024352 0.00621160409556314
15 0.4474748544203282 0.4812140419307655 0.007707781895182637 0.0048464163822525596
15 0.1864293276866067 0.4809800097513408 0.009703546850185282 0.006328620185275476
15 0.8910561143462149 0.48166991711360313 0.04997882477501323 0.023310580204778157
15 0.5549629433562732 0.48204046806435885 0.01093170989941768 0.003573866406630912
15 0.8154711487559555 0.048588493417844957 0.004685018528321863 0.01136518771331058
15 0.4710005293806247 0.4830960507069722 0.015584965590259398 0.00568503169185763
15 0.14557702488088936 0.4849561189663579 0.007406034939121228 0.005504631886884446