1 0.6776196078431372 0.8538428693424424 0.01563137254901961 0.021947053800170795
1 0.5195725490196079 0.8571690862510675 0.011694117647058824 0.023475661827497864
1 0.5351843137254902 0.8577625960717337 0.013113725490196078 0.019538855678906918
1 0.5057725490196079 0.8581127241673784 0.013898039215686274 0.021947053800170795
1 0.22866274509803922 0.858663535439795 0.011835294117647058 0.02304867634500427
1 0.17587058823529414 0.860264730999146 0.009780392156862746 0.02283518360375747
1 0.21333333333333335 0.8607002561912895 0.009411764705882352 0.023706233988044407
1 0.30653725490196077 0.8614005123825791 0.012290196078431372 0.019982920580700256
1 0.1456941176470588 0.861665243381725 0.012172549019607843 0.023928266438941075
1 0.3402549019607843 0.8624081981212639 0.010705882352941176 0.023706233988044407
1 0.5822392156862746 0.877596071733561 0.019380392156862745 0.01821520068317677
1 0.5604117647058824 0.8784286934244236 0.022784313725490196 0.016464560204953033
1 0.3128196078431373 0.9093168232280102 0.035835294117647055 0.04578992314261315
1 0.21339607843137254 0.9116780529461999 0.03777254901960784 0.047096498719043554
1 0.1581137254901961 0.9119641332194706 0.04014901960784314 0.05279248505550811
9 0.3687960784313726 0.9248505550811272 0.06308235294117648 0.059777967549103334
1 0.41407058823529413 0.9463151152860803 0.023435294117647058 0.01730999146029035
9 0.06925098039215687 0.3967207514944492 0.0443843137254902 0.05731853116994023
1 0.08491764705882353 0.4370452604611443 0.01140392156862745 0.021827497865072588
1 0.055807843137254905 0.437267292912041 0.012792156862745097 0.022271562766865927
1 0.06842745098039216 0.47035866780529456 0.04116862745098039 0.04063193851409052
15 0.5740000000000001 0.5312852263023057 0.012313725490196077 0.027557643040136637
15 0.5213490196078432 0.5393637916310846 0.005835294117647059 0.016387702818104186
15 0.5357372549019608 0.5405251921434672 0.011082352941176472 0.01529461998292058
15 0.4591882352941177 0.5408966695132366 0.0070039215686274504 0.019453458582408198
1 0.4044470588235294 0.5416396242527753 0.0136 0.019231426131511527
15 0.4466117647058823 0.5423612297181896 0.005380392156862745 0.01725875320239112
15 0.5094823529411765 0.5431725021349274 0.013474509803921569 0.022297181895815543
15 0.5536 0.5430187873612298 0.012298039215686275 0.018573868488471392
1 0.49710980392156867 0.543390264730999 0.012258823529411765 0.02273270708795901
1 0.43082352941176466 0.5436976942783945 0.013019607843137255 0.021639624252775404
1 0.4736745098039215 0.5455593509820666 0.012447058823529412 0.025362937660119555
1 0.5730156862745098 0.5622374039282665 0.011913725490196078 0.019436379163108454
1 0.5409686274509804 0.5622416737830914 0.021545098039215685 0.010905209222886422
15 0.6136117647058824 0.5684543125533732 0.011537254901960786 0.02162254483347566
15 0.057270588235294115 0.5692015371477369 0.012580392156862744 0.021409052092228865
1 0.24742745098039218 0.570930828351836 0.013286274509803922 0.023159692570452604
1 0.7024549019607843 0.570930828351836 0.0104 0.023159692570452604
15 0.6903803921568628 0.5707771135781383 0.009780392156862746 0.019436379163108454
1 0.07288235294117647 0.5710418445772845 0.014 0.023381725021349272
1 0.6581921568627451 0.5709948761742101 0.008149019607843137 0.01987190435525192
15 0.6751725490196079 0.5716737830913748 0.017011764705882355 0.022937660119555933
1 0.2716509803921569 0.5719812126387702 0.020949019607843136 0.021844577284372328
1 0.18610196078431374 0.5726387702818103 0.009850980392156863 0.023159692570452604
15 0.09147058823529412 0.5842399658411613 0.010392156862745097 0.020742954739538855
15 0.13208627450980392 0.5927583262169086 0.011623529411764706 0.018992314261315115
15 0.09331764705882353 0.6058710503842869 0.009380392156862746 0.017890691716481638
1 0.3966627450980392 0.6108368915456874 0.018423529411764703 0.014158838599487616
15 0.6058078431372549 0.6175106746370623 0.014752941176470587 0.027506404782237405
15 0.6197490196078431 0.6179035012809565 0.01596862745098039 0.024876174210076856
15 0.590156862745098 0.6195260461144322 0.01011764705882353 0.0264133219470538
15 0.13277254901960783 0.6267506404782237 0.011427450980392157 0.023783091374893255
1 0.09307843137254902 0.6315670367207515 0.013607843137254903 0.024876174210076856
15 0.6954745098039216 0.6325064047822374 0.016831372549019608 0.014799316823228008
15 0.6694431372549019 0.6338428693424424 0.021239215686274508 0.010640478223740394
15 0.6206745098039216 0.6421605465414176 0.011545098039215686 0.027275832621690865
15 0.5141490196078431 0.6432536293766012 0.010258823529411765 0.020922288642186166
15 0.6051843137254902 0.6437147736976943 0.011937254901960785 0.02355251921434671
15 0.5634196078431373 0.6435610589239966 0.013113725490196078 0.01982920580700256
1 0.6346941176470589 0.6434073441502989 0.011349019607843137 0.01610589239965841
15 0.5425372549019608 0.6438471391972673 0.013701960784313724 0.01698548249359522
15 0.592729411764706 0.6442186165670367 0.012125490196078432 0.021144321093082837
15 0.5780039215686275 0.6445217762596072 0.010909803921568628 0.02004269854824936
1 0.39450980392156865 0.6485098206660973 0.018823529411764704 0.01435525192143467
15 0.6964980392156862 0.648266438941076 0.020447058823529412 0.012160546541417593
15 0.47158039215686276 0.6500426985482494 0.01767058823529412 0.008881298035866781
15 0.11943529411764706 0.6506362083689154 0.019262745098039213 0.013484201537147735
1 0.668435294117647 0.6511144321093083 0.01922352941176471 0.009316823228010248
1 0.09712549019607844 0.6512894961571306 0.02327058823529412 0.014790777113578138
1 0.13993333333333333 0.6512894961571306 0.019474509803921566 0.014790777113578138
15 0.6958745098039216 0.6619470538001708 0.017631372549019607 0.013902647309991462
1 0.13975294117647058 0.6652134927412469 0.02068235294117647 0.018727583262169088
15 0.4726901960784313 0.6662169086251067 0.01989019607843137 0.013902647309991462
1 0.09732549019607843 0.6660247651579846 0.023670588235294117 0.015226302305721605
15 0.11854901960784314 0.6685183603757473 0.019058823529411767 0.009965841161400512
15 0.47319215686274513 0.6808198121263878 0.020894117647058823 0.012365499573014518
15 0.11869019607843138 0.6842783945345858 0.014635294117647059 0.015866780529461996
1 0.09810980392156864 0.6860973526900085 0.023670588235294117 0.016088812980358667
1 0.8628039215686275 0.7015926558497012 0.012666666666666666 0.024876174210076856
15 0.11758431372549019 0.7037617421007686 0.020266666666666665 0.012134927412467977
1 0.0985529411764706 0.7045046968403075 0.019850980392156863 0.011912894961571305
1 0.3976078431372549 0.7058838599487618 0.023450980392156862 0.011255337318531169
9 0.26782352941176474 0.7082152006831767 0.2360392156862745 0.25161400512382576
1 0.8879529411764706 0.7101494449188728 0.0315921568627451 0.04369769427839454
15 0.4736549019607843 0.7189069171648165 0.01868235294117647 0.011682322801024764
15 0.8426431372549019 0.7214175918018787 0.01312941176470588 0.023535439795046968
1 0.09834901960784313 0.7212980358667805 0.01944313725490196 0.014756618274978652
15 0.11872941176470587 0.72333048676345 0.017850980392156865 0.015405636208368914
1 0.0985529411764706 0.7374935952177626 0.019850980392156863 0.012988898377455167
15 0.1381843137254902 0.7402732707087959 0.02068235294117647 0.013424423569598633
15 0.8422392156862746 0.7459564474807856 0.012321568627450982 0.02308283518360376
1 0.4723372549019608 0.7462126387702819 0.02232156862745098 0.01676345004269855
9 0.5772666666666667 0.7512382578992315 0.1615921568627451 0.1754056362083689
1 0.3950352941176471 0.7541716481639624 0.02144313725490196 0.01560204953031597
1 0.13814509803921568 0.7556404782237404 0.017466666666666665 0.013415883859948763
15 0.09724313725490195 0.7566908625106746 0.017231372549019606 0.012100768573868489
1 0.8651960784313726 0.7856703672075149 0.01588235294117647 0.02394534585824082
15 0.7694941176470589 0.8008838599487618 0.022125490196078432 0.011673783091374894
15 0.7687137254901961 0.8170367207514945 0.02213333333333333 0.014944491887275833
15 0.7895921568627451 0.8169043552519215 0.021537254901960786 0.012971818958155423
9 0.427243137254902 0.8218104184457729 0.0780156862745098 0.06377455166524339
15 0.8343725490196079 0.8294918872758327 0.010705882352941176 0.02106746370623399
1 0.8479960784313725 0.8296285226302306 0.012854901960784313 0.02304867634500427
1 0.862278431372549 0.829935952177626 0.010047058823529412 0.021955593509820667
1 0.47690980392156856 0.837463706233988 0.012643137254901961 0.019931682322801025
1 0.8871294117647058 0.8426515798462852 0.028376470588235295 0.040555081127241675