20 0.4526255380200861 0.7178515346181299 0.01859397417503587 0.020999286224125627
15 0.33935796269727403 0.7181013561741613 0.007266857962697274 0.014361170592433976
15 0.2467180774748924 0.7191399000713776 0.005631276901004304 0.016438258386866526
15 0.3561979913916786 0.7200035688793719 0.006513629842180775 0.012455389007851534
20 0.2923098995695839 0.7259279086366881 0.01647058823529412 0.01859386152748037
15 0.12125896700143472 0.07341898643825838 0.012962697274031564 0.005510349750178444
20 0.5289813486370157 0.7291042112776588 0.014921090387374462 0.01780870806566738
20 0.49389885222381635 0.7324304068522484 0.02366571018651363 0.020178443968593862
15 0.4592611190817791 0.7365952890792291 0.016083213773314203 0.0056673804425410425
15 0.14487446197991394 0.07585653104925054 0.005674318507890961 0.013240542469664525
15 0.5091248206599713 0.75098857958601 0.008206599713055953 0.0130406852248394
15 0.51743543758967 0.7518094218415419 0.004741750358680057 0.008972162740899358
15 0.07167503586800573 0.07601356174161314 0.012790530846484934 0.0049892933618843685
15 0.13534791965566714 0.07664882226980728 0.005272596843615494 0.013397573162027124
1 0.26406025824964136 0.07753390435403283 0.004447632711621234 0.01516773733047823
1 0.3052367288378766 0.07799785867237688 0.006456241032998565 0.013240542469664525
15 0.274038737446198 0.07832619557458957 0.0014490674318507891 0.00961456102783726
15 0.5205523672883787 0.7790578158458245 0.003802008608321377 0.013504639543183442
1 0.2946987087517934 0.07882226980728052 0.004031563845050215 0.01774446823697359
15 0.2847489239598278 0.07943611705924339 0.005652797704447632 0.01468950749464668
15 0.10112266857962697 0.07965381870092791 0.01142754662840746 0.006559600285510349
15 0.6734648493543759 0.857969307637402 0.004031563845050215 0.012869379014989295
20 0.24923601147776184 0.8582905067808707 0.016406025824964133 0.02207708779443255
20 0.5220911047345768 0.8583868665239114 0.01548780487804878 0.022269807280513917
1 0.6840100430416068 0.859507494646681 0.0050358680057388805 0.011663097787294789
15 0.5470373027259685 0.8596002855103497 0.007991391678622669 0.023269093504639543
1 0.6537266857962697 0.8596680942184154 0.003292682926829268 0.010556745182012847
15 0.6626721664275467 0.8594575303354746 0.0068364418938307026 0.01299072091363312
15 0.31103658536585366 0.8616488222698073 0.009447632711621233 0.02308351177730193
20 0.3601506456241033 0.862790863668808 0.017288378766140602 0.019657387580299786
20 0.7334827833572454 0.8641506067094932 0.016463414634146342 0.01952177016416845
15 0.4528550932568149 0.8650820842255532 0.0075753228120516505 0.015674518201284796
20 0.43092898134863705 0.8652498215560314 0.016807747489239598 0.023147751605995717
15 0.7572740315638451 0.8731156316916487 0.006657101865136298 0.008900785153461814
15 0.8187123385939742 0.8746038543897215 0.0032783357245337163 0.01044967880085653
15 0.7676076040172167 0.8758351177730194 0.004368723098995696 0.008629550321199143
15 0.8049318507890961 0.877209136331192 0.0072812051649928265 0.011377587437544611
15 0.8578981348637016 0.8804782298358316 0.007044476327116213 0.020770877944325482
15 0.8830380200860831 0.8852141327623126 0.004239598278335725 0.01025695931477516
1 0.8713809182209469 0.8856138472519628 0.005315638450502152 0.01105638829407566
15 0.80012912482066 0.8983761598857959 0.0019799139167862266 0.00945753033547466
1 0.8108644189383071 0.8988472519628837 0.0047991391678622675 0.01039971448965025
20 0.12110114777618364 0.09102069950035689 0.015516499282639885 0.020728051391862956
15 0.10077116212338594 0.09189150606709494 0.012159253945480631 0.003911491791577445
1 0.5619404591104735 0.1025553176302641 0.030624103299856525 0.03380442541042113
1 0.3325932568149211 0.10600999286224126 0.032474892395982786 0.039286224125624554
15 0.088493543758967 0.10619557458957887 0.006255380200860833 0.012533904354032833
15 0.09882711621233858 0.10599214846538188 0.0025322812051649926 0.012127052105638829
1 0.6105344332855094 0.1077123483226267 0.03312051649928264 0.032698072805139186
1 0.504964131994261 0.10835831548893647 0.042926829268292686 0.04826552462526767
1 0.3753156384505022 0.11315845824411135 0.016054519368723097 0.005046395431834405
1 0.28110114777618367 0.11652391149179157 0.03565997130559541 0.036045681655960025
1 0.07318149210903874 0.11799072091363312 0.004325681492109039 0.010428265524625268
1 0.2516355810616929 0.11947537473233404 0.005423242467718794 0.011970021413276232
15 0.06250358680057388 0.11978229835831548 0.004490674318507891 0.011156316916488223
1 0.3723565279770445 0.12235902926481086 0.014440459110473458 0.004889364739471805
1 0.09348637015781922 0.13317273376159885 0.013371592539454807 0.029371877230549605
1 0.12515781922525107 0.13446823697359028 0.023629842180774747 0.0276802284082798
1 0.31086800573888096 0.14265167737330478 0.010545193687230989 0.0069307637401855825
1 0.5994835007173601 0.1430406852248394 0.012453371592539455 0.009136331192005711
15 0.29257890961262556 0.15639900071377588 0.004096126255380201 0.010157030692362599
1 0.5966140602582496 0.15648465381870094 0.012453371592539455 0.007473233404710921
1 0.0433428981348637 0.15669164882226982 0.029296987087517937 0.030728051391862955
1 0.3577977044476327 0.15788722341184866 0.035538020086083214 0.035974304068522485
20 0.3168974175035868 0.1623661670235546 0.018299856527977047 0.01780870806566738
20 0.27489956958393114 0.16302640970735188 0.01895265423242468 0.020556745182012847
1 0.19721664275466286 0.17392219842969306 0.007058823529411765 0.015224839400428264
15 0.29302367288378767 0.17373661670235546 0.002116212338593974 0.009143468950749465
1 0.10280129124820661 0.17734475374732334 0.027697274031563846 0.027780157030692365
1 0.9516571018651362 0.1849785867237687 0.018091822094691533 0.005931477516059958
1 0.1861119081779053 0.19284796573875804 0.0035007173601147774 0.015960028551034976
1 0.9179268292682926 0.1937437544610992 0.00945480631276901 0.02060670949321913
1 0.5935150645624103 0.19463240542469665 0.011994261119081778 0.03237687366167023
1 0.950832137733142 0.19738758029978587 0.015007173601147778 0.006481084939329051
1 0.5599103299856528 0.1984332619557459 0.032302725968436155 0.032840827980014274
1 0.04043041606886657 0.21042826552462526 0.029210903873744618 0.031134903640256957
1 0.4591499282639885 0.21051391862955032 0.037381635581061695 0.03701641684511064
1 0.07124103299856528 0.211017130620985 0.006183644189383069 0.013754461099214845
1 0.5109218077474893 0.21238758029978588 0.0304519368723099 0.032198429693076375
1 0.9191248206599713 0.21226980728051392 0.016154949784791966 0.010549607423269092
15 0.2896341463414634 0.22175945753033546 0.011119081779053085 0.008115631691648821
15 0.2339167862266858 0.22513204853675947 0.008723098995695839 0.004867951463240543
1 0.9188593974175037 0.22602069950035686 0.015624103299856529 0.008072805139186295
1 0.09913199426111909 0.22983583154889364 0.023228120516499286 0.028551034975017844
1 0.4052582496413199 0.24406852248394004 0.02285509325681492 0.018472519628836545
1 0.06927905308464849 0.24627408993576017 0.005129124820659972 0.012890792291220556
1 0.4876972740315639 0.2472591006423983 0.005523672883787661 0.012005710206995004
1 0.8977546628407461 0.2782619557458958 0.032238163558106166 0.03118486795146324
1 0.4732352941176471 0.2849393290506781 0.04833572453371592 0.04311206281227695
9 0.41576757532281206 0.2907673090649536 0.02522238163558106 0.03763740185581727
15 0.526567431850789 0.2950463954318344 0.01009325681492109 0.006224125624553891
15 0.5312912482065997 0.3053890078515346 0.010932568149210904 0.006923625981441826
15 0.5262015781922524 0.31432191291934336 0.010796269727403158 0.006231263383297645
20 0.9442037302725969 0.3195253390435403 0.01896700143472023 0.020920770877944323
15 0.5266571018651363 0.32445753033547464 0.008837876614060259 0.006516773733047824
1 0.5088809182209469 0.3409493219129194 0.0048493543758967 0.00952177016416845
9 0.4144942611190817 0.34097787294789433 0.04276183644189383 0.02385438972162741
20 0.9425286944045911 0.3473733047822984 0.021355810616929698 0.019514632405424698
1 0.4838378766140603 0.35040328336902216 0.027934002869440457 0.028429693076374017
1 0.9180631276901005 0.3550035688793719 0.011162123385939741 0.014789436117059242
20 0.4135043041606886 0.3815560314061384 0.017826398852223816 0.019357601713062098
20 0.39072812051649924 0.3828907922912205 0.019619799139167865 0.02630977872947894
1 0.49308823529411766 0.3834903640256959 0.010566714490674319 0.004668094218415418
1 0.8929340028694405 0.3847430406852248 0.03407460545193687 0.03572448251249108
1 0.9343758967001434 0.387384011420414 0.020832137733142037 0.025303354746609566
1 0.8503407460545194 0.389214846538187 0.022058823529411766 0.028965024982155602
1 0.4935294117647059 0.3930157030692363 0.010014347202295553 0.005160599571734476
9 0.25435078909612624 0.4094503925767309 0.18302008608321377 0.18506780870806563
1 0.4117109038737446 0.4125981441827266 0.01137015781922525 0.02291220556745182
1 0.43701936872309904 0.4140613847251963 0.010337159253945481 0.02012847965738758
20 0.4793723098995696 0.4148465381870093 0.02187230989956958 0.024553890078515345
1 0.45770086083213773 0.41712348322626697 0.008658536585365854 0.019114917915774448
15 0.47030129124820663 0.43581727337615994 0.005164992826398852 0.009393290506780871
15 0.484774031563845 0.43661313347608854 0.0054160688665710185 0.0138401142041399
15 0.12660688665710187 0.43685224839400427 0.009311334289813487 0.004325481798715203
1 0.1255703012912482 0.44771948608137047 0.010107604017216642 0.006074232690935046
15 0.1257568149210904 0.45837615988579583 0.00761119081779053 0.004546752319771591
20 0.4775860832137733 0.45850107066381157 0.018299856527977047 0.021927194860813702
1 0.43412482065997127 0.4585224839400428 0.00885222381635581 0.023397573162027126
1 0.4097919655667145 0.4591256245538901 0.011836441893830704 0.024603854389721628
1 0.455735294117647 0.4607316202712348 0.009031563845050215 0.022105638829407564
1 0.09809540889526543 0.46633476088508213 0.015416068866571018 0.006188436830835118
1 0.0618364418938307 0.46710206995003567 0.013199426111908177 0.00915060670949322
15 0.12474533715925396 0.46744825124910777 0.00845767575322812 0.004132762312633833
15 0.12482424677187948 0.47694147037830126 0.008615494978479197 0.0045610278372591
15 0.47052367288378766 0.4796716630977873 0.004175035868005739 0.011448965024982155
15 0.48243543758967 0.4802569593147752 0.0036083213773314207 0.009764453961456103
15 0.12549139167862267 0.4842398286937901 0.00851506456241033 0.003454675231977159
15 0.07715925394548064 0.5020521056388294 0.003672883787661406 0.009100642398286937
15 0.04098278335724534 0.5031049250535332 0.007360114777618364 0.012633832976445396
15 0.09719153515064563 0.5034261241970021 0.0035652797704447633 0.010421127765881513
15 0.08680416068866571 0.5037437544610992 0.004311334289813487 0.009628836545324768
1 0.27695839311334286 0.5303390435403283 0.005853658536585366 0.014282655246252678
1 0.30956599713055954 0.5320271234832262 0.005071736011477762 0.010521056388294077
1 0.29788737446197994 0.5323697359029265 0.006104734576757532 0.011206281227694504
1 0.3791104734576758 0.5345431834403997 0.03225251076040172 0.03125624553890079
15 0.1917539454806313 0.5382119914346895 0.003307030129124821 0.011470378301213419
15 0.21061692969870877 0.5392255531763027 0.0037302725968436155 0.012069950035688793
15 0.20189383070301292 0.53901142041399 0.004935437589670014 0.011641684511063526
15 0.21899210903873742 0.5391256245538901 0.0061334289813486376 0.010442541042112776
15 0.22817431850789097 0.5394539614561028 0.004411764705882353 0.009671663097787296
15 0.23696556671449065 0.5395217701641685 0.006212338593974175 0.012662384011420414
15 0.24573170731707317 0.5404139900071377 0.00509325681492109 0.008736616702355461
15 0.2555272596843615 0.5405424696645253 0.00603299856527977 0.008993576017130621
15 0.15389526542324247 0.5551748750892219 0.006499282639885222 0.011134903640256958
15 0.16340746054519367 0.5556745182012848 0.00400286944045911 0.010706638115631691
15 0.17300215208034433 0.5569307637401856 0.005975609756097561 0.010364025695931478
15 0.31937589670014344 0.5654354032833689 0.007474892395982783 0.00310492505353319
15 0.3367144906743185 0.5660028551034976 0.012022955523672885 0.0056673804425410425
1 0.4230667144906743 0.5728015703069236 0.03408177905308465 0.03211277658815132
15 0.31939024390243903 0.5744432548179871 0.008938307030129126 0.005417558886509636
15 0.33648493543758967 0.5752426837972876 0.01012912482065997 0.005588865096359743
1 0.017829985652797704 0.5769521770164168 0.009835007173601149 0.027566024268379726
9 0.3728120516499283 0.5771770164168452 0.031133428981348635 0.030870806566738043
1 0.06278335724533715 0.577266238401142 0.009354375896700143 0.025339043540328336
1 0.47487446197991395 0.5775945753033548 0.03583213773314204 0.03313347608850821
1 0.03994261119081779 0.5781192005710207 0.008149210903873744 0.025617416131334763
1 0.5200215208034433 0.5845217701641684 0.00847919655667145 0.004161313347608851
1 0.6608106169296987 0.5889757316202712 0.0045480631276901004 0.010214132762312634
15 0.6795875179340028 0.5895503211991435 0.0033644189383070303 0.00993576017130621
15 0.6700753228120516 0.5899785867237687 0.004426111908177905 0.009364739471805852
15 0.7069045911047346 0.589967880085653 0.003479196556671449 0.007915774446823697
1 0.6890746054519369 0.5896895074946467 0.003687230989956958 0.010214132762312634
1 0.31420014347202296 0.5898501070663812 0.004296987087517934 0.009107780157030692
1 0.7159182209469154 0.5910242683797288 0.0042898134863701585 0.008600999286224126
15 0.698238880918221 0.5913561741613134 0.0033644189383070303 0.007837259100642398
15 0.7348170731707317 0.5913490364025696 0.0033500717360114775 0.009250535331905781
20 0.2698493543758967 0.5914989293361885 0.020329985652797703 0.015260528194147038
15 0.725896700143472 0.591887937187723 0.004160688665710187 0.007473233404710921
20 0.21305236728837876 0.5923875802997858 0.021513629842180772 0.021320485367594576
20 0.2391893830703013 0.5931049250535332 0.01926829268292683 0.018472519628836545
1 0.34115494978479194 0.5932012847965739 0.003687230989956958 0.012955032119914346
1 0.5196736011477762 0.5947002141327623 0.01208751793400287 0.005960028551034975
20 0.2950896700143472 0.5951605995717345 0.019160688665710187 0.014018558172733762
1 0.07348278335724534 0.060581727337615986 0.0049282639885222385 0.012669521770164168
9 0.5577439024390244 0.6012955032119914 0.04662123385939741 0.039136331192005706
15 0.5209218077474892 0.6043397573162027 0.010279770444763272 0.0038258386866523914
15 0.11255738880918222 0.060678087080656674 0.005602582496413199 0.010007137758743755
20 0.6716606886657102 0.6113633119200571 0.0162051649928264 0.022155603140613846
20 0.3195229555236729 0.6144361170592434 0.016377331420373026 0.0168807994289793
20 0.6974820659971306 0.6148893647394719 0.01763271162123386 0.020642398286937903
15 0.43168220946915353 0.615927908636688 0.005401721664275466 0.012726623840114203
20 0.7217754662840746 0.6157387580299786 0.018873744619799137 0.022341184867951464
15 0.4443794835007174 0.6159314775160599 0.0049713055954088954 0.008451106352605282
20 0.22591822094691535 0.6165774446823697 0.021420373027259684 0.0168807994289793
15 0.46745337159253947 0.6164989293361884 0.0037733142037302725 0.011013561741613134
15 0.47856886657101866 0.6177872947894361 0.005918220946915352 0.009307637401855817
20 0.197051649928264 0.6177837259100643 0.018206599713055955 0.015010706638115632
20 0.27872309899569586 0.6174232690935046 0.022295552367288377 0.018572448251249107
20 0.2516965566714491 0.6175624553890079 0.018457675753228122 0.014568165596002856
1 0.5192754662840746 0.620960028551035 0.009856527977044477 0.007087794432548179
20 0.6482137733142037 0.6222626695217701 0.018091822094691533 0.021113490364025694
15 0.7541391678622669 0.6267844396859387 0.004691535150645624 0.014453961456102784
15 0.763619081779053 0.6280835117773019 0.006434720229555237 0.014197002141327623
1 0.4124713055954089 0.06303354746609564 0.014325681492109037 0.006152748037116345
20 0.0946413199426112 0.0645610278372591 0.02285509325681492 0.0192005710206995
9 0.4518328550932568 0.06613847251962883 0.03422525107604017 0.01950035688793719
1 0.5576972740315638 0.06809421841541756 0.013529411764705882 0.004853675945753033