15 0.4297978047371462 0.1626315789473684 0.010375505488157135 0.04361308677098151
1 0.21506065857885615 0.16334992887624467 0.021109185441941073 0.022290184921763868
1 0.17797227036395147 0.1684139402560455 0.015101097631426922 0.0807823613086771
1 0.6831629116117851 0.1701778093883357 0.009884459849797805 0.03879089615931721
15 0.6738272674754477 0.17038406827880512 0.010854997111496244 0.044893314366998574
1 0.15984979780473713 0.17256756756756755 0.01582900057770075 0.07486486486486486
15 0.07694107452339688 0.18415362731152207 0.02216637781629116 0.03829302987197724
15 0.5005777007510109 0.18822190611664294 0.016753321779318313 0.020825035561877668
15 0.01586366262276141 0.18817211948790896 0.025950317735413057 0.034950213371266005
15 0.5179289428076256 0.19004267425320057 0.017949162333911035 0.018776671408250355
1 0.2167099942229925 0.19139402560455193 0.026718659734257653 0.030014224751066857
15 0.4918746389370306 0.20922475106685634 0.016678220681686888 0.025846372688477955
15 0.5069555170421721 0.20993598862019916 0.017954939341421144 0.02157894736842105
15 0.5252397458116695 0.21104551920341394 0.015239745811669555 0.023798008534850642
15 0.410314846909301 0.22697724039829303 0.018781051415366838 0.024366998577524893
1 0.574844020797227 0.23337837837837838 0.009306759098786829 0.040014224751066856
15 0.5849913344887349 0.2346657183499289 0.007648757943385326 0.03974395448079659
1 0.5295898324667823 0.24945234708392605 0.007764298093587522 0.03517780938833571
1 0.34212882726747545 0.2504125177809388 0.00950317735413056 0.057012802275960166
1 0.35493934142114386 0.2512802275960171 0.010860774119006355 0.06728307254623044
15 0.42785961871750433 0.2519416785206259 0.016897746967071057 0.023086770981507826
15 0.4427267475447718 0.25406827880512095 0.006192952050837666 0.03018492176386913
15 0.688053148469093 0.2536984352773826 0.01735413056036973 0.02375533428165007
1 0.3189919121894858 0.2539687055476529 0.011756210283073368 0.049900426742532006
15 0.44891392258809937 0.2553200568990043 0.007013287117273253 0.03268847795163585
1 0.07368284228769498 0.2636201991465149 0.030670132871172734 0.040753911806543384
15 0.49006643558636626 0.26415362731152203 0.006129404968226458 0.03613086770981508
1 0.6743096476025419 0.26738975817923183 0.008353552859618718 0.03975817923186344
1 0.5731831311380704 0.2707183499288762 0.007140381282495667 0.02934566145092461
1 0.604529173887926 0.2702916073968705 0.016683997689196997 0.025647226173541964
15 0.410843443096476 0.27427453769559035 0.014061236279607163 0.022233285917496445
1 0.6886221837088389 0.2782076813655761 0.0173367995378394 0.021564722617354197
1 0.5853408434430964 0.282624466571835 0.0060369728480647025 0.03039829302987198
15 0.15303004043905255 0.2877809388335704 0.012588099364529173 0.04640113798008535
15 0.6261958405545927 0.2902773826458037 0.01611207394569613 0.020099573257467994
15 0.21008376660889658 0.2919701280227596 0.000756787983824379 0.0007254623044096729
1 0.3919555170421722 0.2937624466571835 0.012102830733679954 0.01568990042674253
1 0.6448295782784518 0.2989402560455192 0.016406701328711727 0.02035561877667141
15 0.4070999422299249 0.2994167852062589 0.012351242056614673 0.021308677098150784
1 0.0375418833044483 0.299701280227596 0.03464471403812825 0.03894736842105263
1 0.31595031773541304 0.3029658605974396 0.01491623339110341 0.02271692745376956
1 0.29290872328134027 0.3029089615931721 0.015049104563835933 0.019758179231863442
1 0.2752570768341999 0.30485775248933145 0.015563258232235703 0.023655761024182074
15 0.6264182553437319 0.30979374110953056 0.017712305025996532 0.01930298719772404
15 0.39340265742345465 0.312027027027027 0.011530906990179089 0.01523470839260313
1 0.10090987868284229 0.3115860597439545 0.015800115540150202 0.022887624466571835
1 0.07409589832466781 0.31423186344238974 0.02803004043905257 0.036714082503556185
15 0.7113258232235702 0.3149075391180654 0.009595609474292317 0.046600284495021335
15 0.7001993067590988 0.3159886201991465 0.009295205083766609 0.04307254623044097
15 0.4063316002310803 0.3190611664295875 0.011969959560947428 0.015078236130867709
15 0.6448613518197575 0.32021337126600286 0.016470248411322937 0.020227596017069704
15 0.3923425765453495 0.3263157894736842 0.011721548238012709 0.018207681365576104
15 0.6257567879838244 0.3300426742532006 0.0187001733102253 0.02281650071123755
1 0.33932120161756213 0.3313157894736842 0.009664933564413634 0.05665718349928876
1 0.8585961871750434 0.3336628733997155 0.010664355863662623 0.05850640113798009
1 0.3615424610051993 0.33799431009957326 0.0136683997689197 0.05863442389758179
1 0.8986481802426343 0.33830014224751065 0.009890236857307916 0.05640113798008534
1 0.8469006354708261 0.33945945945945943 0.010381282495667244 0.0615647226173542
1 0.886265164644714 0.33876955903271694 0.01169844020797227 0.05733997155049787
1 0.8747198151357597 0.3408108108108108 0.010560369728480647 0.05288762446657184
15 0.10079145002888504 0.3402204836415363 0.017874061236279607 0.0232574679943101
15 0.643997689196996 0.3418847795163585 0.014742923165800115 0.023741109530583216
1 0.8353466204506065 0.34137980085348507 0.010381282495667244 0.056870554765291605
15 0.9086568457538995 0.34167852062588905 0.007954939341421144 0.04608819345661451
1 0.40583766608896593 0.3496870554765292 0.01444829578278452 0.01658605974395448
15 0.6276054303870595 0.3527311522048364 0.017775852108607743 0.02267425320056899
15 0.04404968226458694 0.357624466571835 0.006065857885615251 0.04099573257467994
15 0.055852108607741195 0.36152204836415364 0.007718082033506643 0.040256045519203414
15 0.6439861351819758 0.3621834992887625 0.013564413633737725 0.024509246088193458
15 0.08454650491045639 0.364551920341394 0.007336799537839399 0.03209103840682788
15 0.6277816291161179 0.3766145092460882 0.016972848064702485 0.022076813655761023
15 0.6452021952628538 0.3837766714082504 0.017151935297515887 0.02786628733997155
15 0.6271403812824956 0.398620199146515 0.01684575389948007 0.020568990042674255
15 0.05950317735413056 0.3991678520625889 0.015020219526285385 0.024509246088193458
1 0.07953783939919122 0.39949502133712667 0.01580589254766031 0.02231863442389758
1 0.8509156556903523 0.4042816500711237 0.014945118428653958 0.02620199146514936
15 0.10013575967648758 0.4057894736842105 0.014251877527440787 0.026372688477951635
15 0.6436221837088387 0.4068563300142247 0.017458116695551702 0.019971550497866287
15 0.16697284806470247 0.40795874822190614 0.018521086077411902 0.030711237553342815
15 0.04456383593298671 0.41237553342816496 0.008249566724436741 0.0395448079658606
1 0.9806412478336222 0.41507823613086775 0.014430964760254189 0.02503556187766714
1 0.8288099364529175 0.41454480796586063 0.008861929520508377 0.03534850640113798
15 0.1510311958405546 0.41497866287339974 0.008590410167533218 0.039061166429587485
1 0.405366839976892 0.4179658605974395 0.012351242056614673 0.019431009957325746
15 0.6267619872905834 0.4190540540540541 0.014933564413633738 0.018762446657183497
15 0.13826112073945696 0.4198648648648649 0.010779896013864818 0.04314366998577525
1 0.8509763142692085 0.422475106685633 0.012755632582322356 0.017069701280227598
15 0.9676660889659157 0.42333570412517785 0.006967071057192375 0.038705547652916075
1 0.957943385326401 0.4274182076813656 0.010629693818601963 0.04402560455192034
15 0.6438734835355286 0.42773826458036984 0.014494511842865395 0.02759601706970128
1 0.9114442518775274 0.43096017069701276 0.01930675909878683 0.0255049786628734
15 0.06753032928942808 0.4344238975817923 0.00681109185441941 0.0438122332859175
15 0.05645580589254766 0.4344238975817923 0.008925476603119584 0.0438122332859175
1 0.7935441941074524 0.4345092460881934 0.014586943963027153 0.06958748221906116
15 0.16606008087810514 0.43805120910384066 0.01438474870017331 0.028307254623044096
1 0.9821432697862507 0.43857752489331436 0.012813402657423454 0.020825035561877668
15 0.7764153668399768 0.43913940256045514 0.018457538994800692 0.024793741109530584
1 0.8882553437319468 0.4401422475106686 0.008746389370306182 0.03817923186344239
15 0.626790872328134 0.4399644381223329 0.014991334488734834 0.020753911806543384
15 0.8977671865973427 0.4440967283072546 0.010439052570768341 0.040398293029871975
15 0.8091016753321779 0.4528662873399716 0.01219526285384171 0.0522475106685633
15 0.6431282495667245 0.4540398293029872 0.016470248411322937 0.020455192034139404
1 0.8579433853264009 0.45473684210526316 0.007047949162333911 0.03607396870554765
1 0.9116522241478914 0.4560881934566145 0.016256499133448874 0.027396870554765293
15 0.8481975736568458 0.4607041251778094 0.008353552859618718 0.039473684210526314
15 0.9392345465049105 0.46342105263157896 0.011340265742345465 0.050597439544807964
15 0.13983246678220682 0.46418918918918917 0.008145580589254766 0.040753911806543384
15 0.151421143847487 0.46446657183499285 0.008214904679376083 0.04130867709815078
15 0.6275332177931832 0.4649431009957326 0.016476025418833043 0.016657183499288762
1 0.20413344887348356 0.4665576102418208 0.017741190063547085 0.022731152204836416
15 0.16736568457538994 0.46849217638691326 0.014685153090699019 0.0379800853485064
1 0.9871779318313114 0.4704765291607397 0.007862507221259387 0.04194879089615931
15 0.9770335066435586 0.47159317211948787 0.009526285384170998 0.04133712660028449
15 0.6451964182553438 0.4766500711237553 0.012518775274407857 0.02015647226173542
1 0.4040150202195263 0.4796372688477952 0.013113807047949162 0.017596017069701278
15 0.8688012709416522 0.48189189189189185 0.01143269786250722 0.044864864864864865
15 0.626210283073368 0.48566145092460883 0.01614095898324668 0.021109530583214794
15 0.751106296938186 0.48627311522048366 0.009433853264009242 0.0422475106685633
1 0.04661178509532062 0.4896586059743955 0.007723859041016753 0.03763869132290185
1 0.9167966493356441 0.4896941678520626 0.009214326978625072 0.0405547652916074
15 0.9070248411322934 0.49096017069701275 0.009312536106296938 0.04024182076813656
15 0.05808781051415367 0.4918705547652916 0.00756787983824379 0.0392176386913229
15 0.823740612362796 0.49455192034139406 0.021831311380704793 0.024665718349928877
15 0.6437492778740612 0.4963655761024182 0.014246100519930676 0.02260312944523471
1 0.20315424610051994 0.49592460881934564 0.022715193529751588 0.03025604551920341
1 0.2922848064702484 0.5012944523470839 0.012645869439630272 0.018236130867709817
1 0.27412478336221835 0.502325746799431 0.012143269786250722 0.017453769559032717
15 0.9528567302137493 0.5020341394025605 0.018942807625649913 0.025405405405405406
1 0.14530329289428076 0.5064224751066856 0.019087232813402657 0.02849217638691323
15 0.6272010398613518 0.5066358463726885 0.016967071057192376 0.02038406827880512
15 0.16928942807625652 0.5116358463726884 0.011600231080300404 0.047453769559032716
1 0.7695956094742924 0.5168065433854907 0.018682842287694977 0.02650071123755334
15 0.6432033506643559 0.5171550497866287 0.014309647602541883 0.018662873399715504
15 0.07977180820335067 0.5178520625889047 0.01049682264586944 0.04850640113798009
15 0.8828971692663201 0.5184281650071123 0.017671865973425765 0.02689900426742532
15 0.6751328711727325 0.5180156472261735 0.019243212016175622 0.02038406827880512
1 0.10338243789716928 0.5185206258890469 0.006880415944540728 0.03846372688477952
15 0.11363951473136916 0.5188406827880512 0.008908145580589255 0.044793741109530584
1 0.9390323512420565 0.5190896159317212 0.00978047371461583 0.04244665718349929
15 0.09087232813402658 0.5200142247510668 0.009589832466782208 0.04145092460881935
15 0.1253783939919122 0.5225533428165008 0.009277874061236278 0.03514935988620199
1 0.8416551126516464 0.5265362731152204 0.010288850375505488 0.0459601706970128
15 0.6267128827267475 0.5292247510668564 0.012524552281917966 0.020042674253200568
1 0.8098324667822068 0.5299857752489331 0.011346042749855576 0.04432432432432432
15 0.7516060080878105 0.5318065433854908 0.009277874061236278 0.04227596017069701
15 0.05704506065857886 0.5363157894736842 0.00779318313113807 0.04275960170697013
15 0.04630849220103986 0.5378022759601707 0.010583477758521087 0.0457325746799431
15 0.6432784517619874 0.5390327169274538 0.012149046793760833 0.019743954480796588
1 0.9697689196995957 0.5407681365576102 0.013483535528596187 0.04597439544807966
15 0.793893703061814 0.5415576102418207 0.015285961871750433 0.027638691322901848
15 0.7762911611785095 0.5424822190611664 0.015898324667822067 0.020953058321479374
1 0.40311380704794914 0.5412019914651494 0.01362218370883882 0.015547652916073969
15 0.6763951473136914 0.5439971550497866 0.015990756787983826 0.01829302987197724
1 0.3159965337954939 0.5450355618776672 0.012697862507221259 0.026059743954480796
1 0.2916435586366262 0.5450853485064011 0.012518775274407857 0.017624466571834994
1 0.27462449451184284 0.5461237553342817 0.014298093587521665 0.01685633001422475
1 0.9031311380704794 0.5457681365576103 0.008457538994800694 0.04174964438122333
1 0.8683044482957828 0.548954480796586 0.012749855574812247 0.04527738264580369
15 0.6253408434430965 0.5524110953058322 0.016712882726747546 0.02089615931721195
15 0.06755343731946852 0.5628876244665718 0.0114789139225881 0.04184921763869132
15 0.6417590987868285 0.5622048364153628 0.012576545349508955 0.02341394025604552
15 0.7589485846331601 0.5643527738264581 0.017030618139803583 0.024864864864864864
15 0.0910109763142692 0.564651493598862 0.00755632582322357 0.04537695590327169
15 0.12854419410745233 0.5652418207681366 0.008677065280184864 0.0437126600284495
15 0.7935932986712882 0.5658677098150783 0.014685153090699019 0.016514935988620198
15 0.08066435586366262 0.5653627311522048 0.009971114962449451 0.041109530583214794
15 0.10283939919121894 0.5657610241820769 0.006949740034662044 0.047596017069701284
15 0.7770941652224148 0.5673541963015648 0.01634893125361063 0.01948790896159317
15 0.11374927787406124 0.5668492176386913 0.012593876372039283 0.044082503556187765
15 0.6254563835932987 0.5748221906116643 0.016943963027151933 0.023044096728307255
15 0.8088792605430387 0.5791749644381223 0.011750433275563257 0.04881934566145092
1 0.9806008087810515 0.5821550497866287 0.0131946851530907 0.023485064011379803
15 0.642946273830156 0.5840469416785206 0.016106296938186018 0.02157894736842105
1 0.9108723281340266 0.5852204836415363 0.018162911611785095 0.026770981507823612
15 0.050791450028885035 0.5867994310099574 0.009150779896013865 0.04130867709815078
1 0.16382437897169266 0.5885490753911806 0.008757943385326402 0.03911806543385491
15 0.9685181975736569 0.5914864864864865 0.009826689774696707 0.03361308677098151
15 0.04033217793183131 0.5926458036984352 0.007874061236279607 0.03593172119487909
1 0.957414789139226 0.59450213371266 0.010727902946273831 0.04248933143669986
15 0.6254043905257077 0.5958890469416785 0.01799537839399191 0.022503556187766713
1 0.8860745233968804 0.5964224751066857 0.011317157712305025 0.03779516358463727
15 0.897166377816291 0.598357041251778 0.009237435008665511 0.03881934566145092
1 0.707319468515309 0.6004338549075391 0.01660311958405546 0.03443812233285918
1 0.7244107452339688 0.6028449502133713 0.013812824956672444 0.030725462304409677
1 0.9809792027729636 0.6039829302987199 0.013951473136915077 0.02162162162162162
15 0.6431484690930098 0.605199146514936 0.015355285961871749 0.021209103840682787
1 0.9101097631426921 0.6057610241820769 0.016637781629116118 0.02233285917496444
1 0.06910167533217793 0.6062304409672831 0.01919699595609474 0.03180654338549075
1 0.38728191796649336 0.6121550497866288 0.015465049104563835 0.02089615931721195
1 0.13985557481224725 0.6154765291607397 0.009347198151357596 0.03607396870554765
15 0.6252541883304449 0.620049786628734 0.017694974003466205 0.02530583214793741
15 0.9391478913922587 0.6278947368421053 0.012322357019064124 0.043840682788051206
15 0.3879780473714616 0.634217638691323 0.01685730791450029 0.01950213371266003
15 0.023581744656268052 0.6350924608819346 0.007879838243789718 0.044011379800853484
15 0.8663027151935297 0.6349146514935989 0.011057192374350088 0.04365576102418208
15 0.15493934142114385 0.6362944523470839 0.007163489312536107 0.037880512091038404
1 0.987157712305026 0.6368207681365576 0.011288272674754476 0.044623044096728307
15 0.9768804159445408 0.6390611664295874 0.009220103986135183 0.04625889046941679
1 0.9150173310225304 0.6404125177809388 0.009121894858463316 0.03758179231863443
15 0.6245638359329867 0.6397795163584638 0.017469670710571924 0.024935988620199148
15 0.16525707683419988 0.6413371266002845 0.010467937608318892 0.04512091038406828
15 0.11209416522241479 0.6412446657183499 0.00928365106874639 0.044935988620199145
15 0.9067099942229926 0.6424964438122333 0.006372039283651068 0.0445945945945946
15 0.642998266897747 0.6506401137980085 0.015054881571346043 0.021052631578947368
15 0.14079722703639513 0.6625533428165007 0.01123050259965338 0.04772403982930298
1 0.38479202772963605 0.6632788051209104 0.008174465626805315 0.03779516358463727
15 0.6270392836510688 0.6645376955903272 0.015488157134604275 0.014708392603129445
15 0.039046793760831894 0.6647866287339972 0.019168110918544194 0.026586059743954484
15 0.9535095320623918 0.6673044096728308 0.019093009820912766 0.031621621621621625
15 0.8782871172732525 0.6699644381223329 0.020005777007510113 0.03125177809388335
15 0.6424956672443675 0.6700355618776672 0.015205083766608897 0.02570412517780939
15 0.12685441941074524 0.6712517780938834 0.018006932409012133 0.025291607396870558
15 0.6266695551704218 0.6823755334281649 0.014748700173310226 0.02477951635846373
1 0.06010687463893703 0.683669985775249 0.019693818601964185 0.027368421052631577
1 0.1519006354708261 0.6839900426742532 0.009173887926054305 0.04507823613086771
1 0.8295667244367417 0.6851280227596017 0.027706528018486425 0.035974395448079656
1 0.10326400924321201 0.685298719772404 0.027440785673021374 0.027780938833570416
1 0.3764558058925476 0.6855334281650072 0.012299248989023685 0.016870554765291607
15 0.6421837088388215 0.6921834992887624 0.012270363951473136 0.021635846372688478
1 0.7366117850953207 0.6934637268847795 0.02897169266320046 0.02988620199146515
15 0.12580300404390524 0.6981009957325747 0.01590410167533218 0.024935988620199148
1 0.37705083766608893 0.7000142247510669 0.01464471403812825 0.01453769559032717
1 0.03750144425187752 0.700647226173542 0.02878682842287695 0.027183499288762444
1 0.9369526285384171 0.70049786628734 0.011398035817446563 0.04395448079658606
1 0.9005690352397459 0.7036273115220484 0.010265742345465049 0.03598862019914652
1 0.9711409589832467 0.7054978662873399 0.009295205083766609 0.039729729729729726
15 0.6264702484113229 0.7069914651493598 0.016660889659156557 0.0228022759601707
1 0.3535413056036973 0.7093100995732574 0.02077411900635471 0.030284495021337125
1 0.8697660311958406 0.7100924608819346 0.009896013864818023 0.046073968705547655
1 0.8297573656845754 0.7155120910384068 0.028087810514153665 0.031308677098150786
1 0.37534950895436164 0.7161806543385492 0.014708261120739457 0.021266002844950213
1 0.7373310225303292 0.7281650071123755 0.029254766031195843 0.03669985775248933
1 0.2916695551704217 0.7432574679943101 0.017192374350086657 0.027055476529160738
1 0.26780473714615827 0.7440113798008534 0.015678798382437898 0.020028449502133713
1 0.8305170421721548 0.7506827880512091 0.029607163489312537 0.039061166429587485
15 0.9632957827845176 0.7505689900426742 0.02364529173887926 0.03314366998577525
1 0.35783362218370884 0.7508108108108109 0.006250722125938764 0.04216216216216216
1 0.3672905834777585 0.7532788051209103 0.011299826689774696 0.047098150782361306
1 0.3467619872905835 0.756877667140825 0.012992489890236856 0.05145092460881935
15 0.05487579433853264 0.7989900426742533 0.013853264009243213 0.061706970128022766
1 0.07392836510687464 0.826280227596017 0.010363951473136917 0.04516358463726885
1 0.12116406701328712 0.8583926031294453 0.02049104563835933 0.029729729729729728
1 0.8774350086655112 0.8634921763869132 0.011369150779896014 0.042773826458036984
1 0.9293298671288273 0.8667069701280227 0.015794338532640093 0.02644381223328592
15 0.15902946273830154 0.0894950213371266 0.009566724436741766 0.04527738264580369
4 0.1215684575389948 0.9409174964438123 0.14723859041016754 0.09236130867709816
4 0.6681340265742345 0.9415433854907539 0.15198151357596765 0.09076813655761025
4 0.32392836510687467 0.9454267425320056 0.14872328134026574 0.07008534850640115
4 0.8746476025418832 0.9466216216216217 0.14790872328134025 0.09523470839260313
15 0.4382755632582322 0.11849217638691323 0.006533795493934142 0.03783783783783784
15 0.46533506643558636 0.11849217638691323 0.007504332755632582 0.03783783783783784
15 0.45782495667244366 0.1182788051209104 0.007504332755632582 0.040256045519203414
15 0.4292316580011554 0.12012802275960172 0.00924321201617562 0.04395448079658606
15 0.4469381860196418 0.12167852062588903 0.009994222992489891 0.04136557610241821
1 0.23293471981513575 0.12151493598862019 0.011796649335644137 0.05526315789473685
1 0.21425765453495088 0.13736130867709814 0.019503177354130558 0.027211948790896157