15 0.7775860443187176 0.5665354107648725 0.004016973125884017 0.010124645892351276
15 0.7712022630834512 0.5669971671388102 0.003507779349363508 0.009915014164305949
15 0.7840452616690241 0.5667592067988669 0.0027911362564827912 0.009439093484419264
15 0.76500471475719 0.5673059490084985 0.0033710513908533713 0.01053257790368272
15 0.053665723715228666 0.5681444759206798 0.009264497878359264 0.005410764872521247
15 0.8560820367751061 0.5732662889518414 0.00825082508250825 0.005456090651558074
20 0.8401508722300801 0.5744702549575071 0.013163602074493165 0.016929178470254956
1 0.5452074493163602 0.5745580736543909 0.011678453559641679 0.008039660056657223
1 0.5192291371994343 0.5747252124645892 0.010641206977840642 0.006107648725212464
15 0.5326049033474776 0.5751501416430594 0.010047147571900046 0.0069575070821529745
15 0.053486562942008486 0.5754844192634561 0.00984912776991985 0.006492917847025497
20 0.7079679396511079 0.5817705382436261 0.016595945308816598 0.016798866855524078
15 0.8564380009429515 0.5819263456090651 0.008962753418198964 0.0046458923512747875
15 0.7647053276756247 0.5822861189801699 0.003715228665723715 0.011031161473087818
1 0.5453206034889203 0.5827393767705383 0.010961810466760962 0.0062719546742209635
15 0.7778524280999529 0.5823626062322945 0.0036067892503536068 0.01005099150141643
15 0.7712706270627063 0.582444759206799 0.0036445073078736445 0.01021529745042493
15 0.5322677982083923 0.5828583569405098 0.011258840169731258 0.006509915014164306
15 0.7845025931164545 0.5829093484419263 0.003705799151343706 0.010011331444759207
1 0.5189061763319188 0.5835694050991501 0.009995285242809996 0.006798866855524079
15 0.05397218293257897 0.5836458923512747 0.008934464875058935 0.005818696883852691
15 0.9575695426685527 0.5884164305949009 0.0037765205091937763 0.009694050991501417
15 0.9361338991041961 0.5889915014164305 0.003338048090523338 0.010844192634560906
20 0.9694247996228195 0.5891331444759207 0.014285714285714285 0.019059490084985836
20 0.946053748231966 0.5891133144475921 0.013748231966053749 0.019019830028328612
20 0.9243917963224894 0.5894192634560906 0.014743045733144743 0.015099150141643059
15 0.8568599717114569 0.5894560906515581 0.008863743517208865 0.0049745042492917845
15 0.5451673738802452 0.590600566572238 0.00876944837340877 0.0061303116147308784
15 0.5321263554926922 0.5907620396600566 0.010033003300330034 0.006453257790368272
15 0.05417963224893917 0.5908980169971672 0.008406412069778406 0.005592067988668555
1 0.5188991041961339 0.591470254957507 0.010924092409240926 0.006736543909348442
15 0.8571475719000471 0.5973909348441926 0.00943894389438944 0.004980169971671388
1 0.5459028760018858 0.5979886685552408 0.011183404054691183 0.007308781869688386
1 0.5195190947666196 0.5988498583569405 0.01027817067421028 0.006764872521246458
15 0.5319259783121169 0.5987365439093484 0.010575200377180575 0.006538243626062323
1 0.05376709099481376 0.5992832861189801 0.010410183875530409 0.0064985835694051
15 0.9051579443658652 0.6013427762039659 0.003620933521923621 0.01175070821529745
15 0.8965063649222065 0.6014702549575071 0.007062706270627063 0.013138810198300283
15 0.9185643564356436 0.604583569405099 0.007802923149457804 0.004634560906515581
15 0.5453559641678454 0.6064957507082153 0.011032531824611032 0.007325779036827195
1 0.5199151343705799 0.6065325779036828 0.01107024988213107 0.00626628895184136
15 0.5322607260726072 0.6066600566572239 0.010301744460160302 0.0065212464589235125
15 0.05405469118340406 0.6077082152974504 0.0090994813767091 0.005218130311614731
1 0.5461103253182461 0.614815864022663 0.0115983026874116 0.00810198300283286
1 0.5194130127298444 0.6148611898016997 0.01100895803866101 0.005926345609065156
15 0.054648750589344645 0.6151444759206799 0.009344648750589345 0.005359773371104816
15 0.5330693069306931 0.6149886685552407 0.010975954738330976 0.007314447592067988
15 0.5462965582272513 0.6223597733711048 0.011027817067421028 0.007325779036827195
15 0.05429750117868929 0.6235410764872521 0.008642149929278642 0.005155807365439093
15 0.05450730787364451 0.6310368271954674 0.009061763319189061 0.00541643059490085
1 0.5347689768976898 0.6367223796033995 0.011546440358321546 0.006589235127478754
15 0.05418434700612918 0.6388951841359773 0.00935879302215936 0.005269121813031162
15 0.8454997642621406 0.6399971671388102 0.0040594059405940595 0.009739376770538244
1 0.5348019801980198 0.6443682719546742 0.011612446958981611 0.00715014164305949
15 0.05396039603960396 0.6465382436260624 0.00891089108910891 0.005824362606232294
15 0.8461362564827911 0.6551104815864023 0.0034464875058934463 0.008237960339943342
1 0.05467703913248468 0.6665099150141643 0.010344177274870345 0.007240793201133144
15 0.0478995756718529 0.681014164305949 0.009990570485619991 0.005654390934844193
15 0.6288684582743989 0.6827223796033995 0.005497406883545498 0.011337110481586404
15 0.6222536539368222 0.6829348441926346 0.004526166902404526 0.011762039660056659
15 0.655030645921735 0.6829263456090652 0.005016501650165017 0.011745042492917848
15 0.6152428099952852 0.6831161473087819 0.004648750589344649 0.012124645892351274
15 0.6417185289957568 0.6830084985835694 0.004794908062234795 0.011909348441926345
15 0.6354408297972655 0.6832237960339944 0.005440829797265441 0.012339943342776204
15 0.6088755304101838 0.6828895184135977 0.005115511551155115 0.011671388101983003
15 0.6482814710042434 0.6833144475920679 0.00471947194719472 0.013654390934844194
15 0.6716973125884017 0.686985835694051 0.005346534653465346 0.011932011331444758
15 0.6651438000942952 0.6866402266288952 0.004497878359264498 0.011240793201133144
15 0.048389910419613394 0.6887167138810198 0.010028288543140028 0.006328611898016997
15 0.04859500235737859 0.7623059490084986 0.01043847241867044 0.0073314447592067985
15 0.04932343234323432 0.7695212464589235 0.010952380952380953 0.005898016997167139
15 0.04941065535124941 0.7781813031161473 0.010183875530410185 0.006220963172804533
15 0.04885195662423385 0.8115552407932011 0.009066478076379067 0.0061133144475920675
15 0.9525365393682225 0.8127082152974504 0.004082979726544083 0.01181869688385269
1 0.9396086751532297 0.8128725212464589 0.00462989156058463 0.01214730878186969
15 0.9455162659123055 0.8132351274787535 0.004186704384724187 0.011739376770538244
1 0.959019330504479 0.8136402266288952 0.0038472418670438473 0.011416430594900849
15 0.04959217350306459 0.8237337110481587 0.009603960396039604 0.006674220963172804
15 0.04896746817538897 0.8334702549575072 0.01024045261669024 0.006883852691218131
15 0.0489038189533239 0.8412974504249292 0.010113154172560113 0.006674220963172804
1 0.05068835454974069 0.8492266288951841 0.011796322489391796 0.006668555240793201
15 0.05005186232909005 0.8647308781869688 0.010523338048090523 0.00594900849858357
1 0.0486987270155587 0.8732804532577904 0.009702970297029703 0.00605099150141643
1 0.049349363507779354 0.8811841359773371 0.011004243281471005 0.005994334277620397
15 0.04924799622819425 0.8895495750708216 0.007972654408297973 0.004594900849858356
15 0.32423856671381424 0.8907110481586402 0.003498349834983498 0.008050991501416431
15 0.3442644978783592 0.890657223796034 0.0030033003300330035 0.006810198300283286
15 0.3310655351249411 0.8907478753541077 0.003008015087223008 0.008124645892351274
15 0.3180528052805281 0.8907875354107648 0.003385195662423385 0.009337110481586402
15 0.2920674210278171 0.8911076487252125 0.0032767562470532767 0.008844192634560906
15 0.2980952380952381 0.8915042492917847 0.003074021687883074 0.008504249291784702
15 0.31132484677039135 0.8914164305949008 0.004073550212164074 0.008328611898016997
15 0.30491041961338994 0.8914872521246459 0.003503064592173503 0.008470254957507082
15 0.3383074021687883 0.8917252124645892 0.003347477604903347 0.007813031161473088
15 0.2717986798679868 0.8920169971671389 0.0032861857614332863 0.008396600566572238
15 0.28512729844413015 0.8918640226628896 0.003540782649693541 0.008090651558073654
15 0.2781706742102782 0.8923937677053825 0.003771805752003772 0.008016997167138811
15 0.2588566713814238 0.8924645892351275 0.003804809052333805 0.008158640226628896
15 0.26528760018859027 0.8921218130311614 0.004408297972654408 0.008606232294617563
1 0.4834842055634135 0.8946458923512748 0.004214992927864215 0.011388101983002833
1 0.4765865157944366 0.8944589235127479 0.004563884959924564 0.01214730878186969
1 0.4698279113625648 0.8944589235127479 0.004247996228194248 0.01214730878186969
20 0.06603488920320603 0.8968923512747876 0.016086751532296086 0.01588101983002833
15 0.04969118340405469 0.8966232294617563 0.007916077322017916 0.004011331444759207
1 0.7474422442244225 0.8978838526912182 0.007850070721357849 0.00426628895184136
1 0.7343470061291844 0.8977677053824362 0.008062234794908063 0.0051671388101983
1 0.5989203206034889 0.8991954674220963 0.009721829325789723 0.005756373937677054
9 0.5821829325789721 0.8993031161473087 0.01207920792079208 0.007104815864022662
15 0.08064827911362565 0.9006968838526912 0.008538425271098538 0.004226628895184136
1 0.15680339462517678 0.9041558073654391 0.004318717586044319 0.012277620396600568
1 0.04956152758132956 0.9049036827195467 0.007656765676567656 0.004708215297450425
15 0.7340405469118341 0.9060226628895185 0.00744931636020745 0.004679886685552408
15 0.7475106082036775 0.9061274787535412 0.007986798679867988 0.004889518413597734
15 0.8461692597831211 0.9068781869688386 0.010113154172560113 0.006390934844192634
15 0.08084865629420085 0.91057223796034 0.00893917963224894 0.004713881019830029
4 0.028715228665723715 0.9115212464589235 0.02254125412541254 0.06213597733711048
15 0.04923385195662423 0.9131104815864023 0.007944365865157945 0.004124645892351275
15 0.7474257425742574 0.9133512747875354 0.007817067421027816 0.004606232294617564
15 0.7342786421499292 0.913957507082153 0.007925506836397925 0.004685552407932011
15 0.677982083922678 0.9143399433427761 0.008486562942008486 0.00431728045325779
15 0.6912329090051862 0.9141359773371105 0.008585572842998586 0.003909348441926346
1 0.8467090994813766 0.9145070821529745 0.010249882131070248 0.004651558073654392
9 0.06581801037246582 0.9167110481586401 0.014710042432814709 0.015858356940509914
15 0.08131777463460632 0.9189518413597734 0.007991513437057991 0.0044759206798866856
9 0.3731447430457332 0.9193144475920679 0.021159830268741162 0.03352974504249292
15 0.049806694955209806 0.9212322946175637 0.008147100424328148 0.003371104815864023
9 0.44055162659123054 0.9260028328611898 0.027732201791607732 0.05143909348441927
15 0.1554101838755304 0.9257110481586402 0.008132956152758133 0.0043966005665722376
15 0.6743210749646392 0.9261473087818698 0.006822253653936823 0.005269121813031162
20 0.7491725601131541 0.9276827195467422 0.013196605374823195 0.019671388101983003
20 0.733927392739274 0.9277790368271954 0.014766619519094767 0.01873087818696884
15 0.09291607732201791 0.9279688385269121 0.007614332861857614 0.004379603399433428
15 0.049978783592644974 0.9287535410764872 0.008491277699198493 0.0036827195467422098
20 0.7115252239509665 0.9300679886685552 0.016166902404526166 0.015376770538243626
9 0.6895851013672796 0.9305864022662889 0.015662423385195662 0.017546742209631726
15 0.1061173974540311 0.9322464589235128 0.008557284299858556 0.005002832861189801
15 0.6744554455445545 0.9334334277620396 0.007090994813767091 0.005110481586402266
15 0.15523809523809523 0.9340226628895184 0.008731730315888732 0.0040226628895184136
20 0.6597359735973597 0.9343116147308782 0.012541254125412541 0.018198300283286117
15 0.0815040075436115 0.9344107648725212 0.008363979255068363 0.004798866855524079
1 0.04963460631777464 0.9361076487252125 0.007802923149457804 0.004793201133144477
20 0.06584865629420085 0.936685552407932 0.015714285714285712 0.01614730878186969
9 0.13073550212164076 0.937201133144476 0.037048561999057046 0.03757507082152974
15 0.10613389910419614 0.9406090651558073 0.00859028760018859 0.004730878186968838
15 0.24592173503064593 0.9407195467422096 0.004337576614804337 0.01061756373937677
15 0.2329207920792079 0.9405467422096317 0.003795379537953796 0.010271954674220962
15 0.2125813295615276 0.940957507082153 0.004606317774634606 0.009960339943342776
15 0.2266077322017916 0.9407705382436261 0.0043705799151343705 0.010719546742209632
15 0.23947666195190948 0.9406147308781869 0.003705799151343706 0.010407932011331446
15 0.2062093352192362 0.941113314447592 0.0041206977840641205 0.010271954674220962
15 0.2198066949552098 0.9409915014164305 0.0039698255539839696 0.010028328611898016
15 0.19995049504950496 0.941028328611898 0.0038613861386138613 0.01123512747875354
15 0.7486751532296086 0.9413257790368272 0.00842998585572843 0.005031161473087819
1 0.1933097595473833 0.9416487252124646 0.004724186704384724 0.011342776203966006
15 0.15536775106082037 0.9416855524079321 0.008991041961338991 0.004617563739376771
15 0.7343281471004244 0.9416883852691218 0.008024516737388025 0.004623229461756374
15 0.6743752946723244 0.9422351274787536 0.007873644507307874 0.00458356940509915
15 0.09287600188590288 0.944456090651558 0.008477133427628477 0.004492917847025496
1 0.05002828854314003 0.946456090651558 0.00859028760018859 0.005093484419263456
1 0.10556105610561056 0.9474787535410765 0.00933050447901933 0.004872521246458923
20 0.7110089580386609 0.9492067988668554 0.017020273455917022 0.017393767705382437
15 0.15618104667609617 0.9493796033994334 0.008731730315888732 0.005274787535410765
20 0.6891654879773692 0.949685552407932 0.015766148043375765 0.01608498583569405
15 0.6749316360207449 0.9501076487252125 0.008043375766148043 0.004464589235127479
15 0.6601367279585102 0.9501898016997168 0.008628005657708628 0.004628895184135977
15 0.23313531353135314 0.9562492917847025 0.004224422442244225 0.011082152974504248
1 0.21334983498349835 0.9569348441926345 0.004257425742574257 0.011320113314447593
15 0.21986327204148987 0.9566260623229461 0.004082979726544083 0.010702549575070821
15 0.2067208863743517 0.9566940509915014 0.0042008486562942005 0.010838526912181302
15 0.1933946251768034 0.9571048158640226 0.003950966525223951 0.010526912181303116
15 0.2001225836869401 0.9569320113314447 0.004205563413484206 0.010181303116147308
15 0.24666195190947665 0.9573456090651558 0.003932107496463932 0.012141643059490085
15 0.22643564356435641 0.9570708215297451 0.004026402640264026 0.010458923512747876
15 0.6598538425271099 0.9582662889518413 0.009005186232909006 0.004917847025495751
1 0.6751579443658652 0.9580481586402266 0.00943894389438944 0.0056147308781869685
1 0.5562800565770862 0.9591784702549575 0.0036492220650636495 0.010141643059490084
15 0.9009570957095709 0.959201133144476 0.003705799151343706 0.009053824362606232
1 0.5629066478076379 0.9593512747875355 0.003701084394153701 0.010487252124645893
15 0.9075577557755776 0.959643059490085 0.003705799151343706 0.008804532577903682
15 0.8875577557755776 0.960155807365439 0.004252710985384252 0.0098300283286119
1 0.8943234323432343 0.9599376770538244 0.0036397925506836395 0.010526912181303116
15 0.8647619047619048 0.9614730878186969 0.003922677982083923 0.010198300283286119
15 0.8516360207449316 0.9621473087818697 0.005016501650165017 0.011546742209631727
1 0.8582508250825082 0.9621274787535411 0.005044790193305044 0.011507082152974503
15 0.844945780292315 0.9626742209631728 0.003894389438943894 0.01146742209631728
20 0.9192998585572844 0.9640963172804533 0.014931636020744932 0.019977337110481587
15 0.784014615747289 0.9645524079320112 0.0036727958510136727 0.010691218130311615
15 0.8034276284771334 0.9644504249291785 0.003837812352663838 0.010487252124645893
20 0.8760843941537011 0.9644249291784702 0.015252239509665253 0.02063456090651558
15 0.7647713342762847 0.9645949008498583 0.0038472418670438473 0.010776203966005666
1 0.7903653936822254 0.9646600566572238 0.004115983026874116 0.012039660056657223
1 0.8105351249410655 0.9650566572237961 0.003908533710513908 0.010566572237960339
15 0.8232767562470533 0.9651189801699717 0.003932107496463932 0.010691218130311615
1 0.7707708628005658 0.9650028328611898 0.0045308816595945305 0.011592067988668556
1 0.8297807637906648 0.9652011331444759 0.0046817538896746815 0.010855524079320113
15 0.6746086751532296 0.9662152974504249 0.007397454031117397 0.0038186968838526915
15 0.17727015558698728 0.9691444759206799 0.0037623762376237627 0.010810198300283284
15 0.16856907119283357 0.9692776203966006 0.0033333333333333335 0.009943342776203967
15 0.7112824139556814 0.9698810198300283 0.008137670909948139 0.004351274787535411
20 0.6597996228194247 0.973943342776204 0.011725601131541726 0.018141643059490085
15 0.6752380952380953 0.9743342776203966 0.008656294200848656 0.0041926345609065154
1 0.901077322017916 0.9753966005665723 0.003946251768033946 0.009716713881019828
1 0.8471287128712871 0.9759801699716714 0.009203206034889203 0.005218130311614731
1 0.5560372465818011 0.9757365439093484 0.004106553512494107 0.01039660056657224
15 0.8879962281942481 0.9763314447592067 0.004186704384724187 0.010453257790368271
15 0.860049504950495 0.9759745042492918 0.007699198491277698 0.004073654390934845
15 0.907998585572843 0.9759773371104815 0.004587458745874588 0.008611898016997167
1 0.5628241395568129 0.976356940509915 0.004479019330504479 0.011637393767705381
15 0.8767067421027817 0.9780000000000001 0.008953323903818953 0.0047252124645892355
4 0.4551390853371052 0.9840113314447592 0.1097123998114097 0.03147875354107649
4 0.26900990099009897 0.984127478753541 0.1334936350777935 0.030577903682719548
1 0.8245355964167845 0.12076770538243627 0.004563884959924564 0.011507082152974503
15 0.8179561527581329 0.12064022662889519 0.005549269212635549 0.010118980169971672
15 0.8114851485148515 0.121342776203966 0.004865629420084866 0.010390934844192635
15 0.8045002357378596 0.12113597733711048 0.0059830268741159825 0.011110481586402265
15 0.7976638378123527 0.12160906515580736 0.0055115511551155115 0.010923512747875355
1 0.7566383781235266 0.12138243626062324 0.005497406883545498 0.011603399433427763
15 0.769950495049505 0.12169121813031161 0.004776049033474776 0.012220963172804532
15 0.7780905233380481 0.12159773371104816 0.005025931164545026 0.01090084985835694
1 0.7912800565770863 0.12194617563739378 0.005002357378595002 0.011597733711048159
15 0.763092880716643 0.12241643059490084 0.004262140499764261 0.010271954674220962
15 0.7432461103253182 0.12250141643059491 0.004172560113154172 0.010441926345609065
15 0.7372795851013673 0.12230028328611899 0.004497878359264498 0.012305949008498582
15 0.8117138142385667 0.13604815864022662 0.0053229608675153224 0.011473087818696884
15 0.8178524280999528 0.1359546742209632 0.0053418198962753415 0.010152974504249292
1 0.8244813767090995 0.13723229461756375 0.005398396982555398 0.012708215297450426
1 0.8638401697312588 0.17146742209631727 0.007736916548797737 0.005257790368271955
1 0.8492786421499292 0.17205382436260624 0.007845355964167846 0.005297450424929178
1 0.4788755304101839 0.174957507082153 0.010084865629420086 0.005439093484419263
1 0.45226308345120225 0.17538810198300284 0.010608203677510608 0.00743342776203966
1 0.49819424799622825 0.17608498583569407 0.010061291843470061 0.0054277620396600565
15 0.23982083922677983 0.17965439093484417 0.010051862329090052 0.00803399433427762
1 0.4893682225365394 0.17969405099150143 0.004667609618104668 0.013779036827195468
15 0.4525035360678925 0.18377053824362607 0.010146157472890147 0.006067988668555241
1 0.9084582743988684 0.1848611898016997 0.004563884959924564 0.01051558073654391
15 0.8985525695426685 0.18555524079320113 0.0036115040075436118 0.010770538243626063
1 0.8791112682696841 0.18541643059490084 0.004332861857614332 0.011626062322946176
15 0.8917868929750118 0.18617563739376772 0.004224422442244225 0.009745042492917846
15 0.8858745874587459 0.18587535410764872 0.003715228665723715 0.010277620396600566
15 0.23973125884016974 0.1875014164305949 0.00892975011786893 0.005597733711048159
1 0.8637741631305988 0.19536260623229462 0.0076049033474776045 0.005456090651558074
1 0.8496699669966997 0.19560906515580737 0.008628005657708628 0.00594900849858357
1 0.4326968411126827 0.19782436260623232 0.01107967939651108 0.006980169971671388
1 0.293012729844413 0.19896317280453257 0.006110325318246111 0.012657223796033994
1 0.2599222065063649 0.19909915014164306 0.004992927864214993 0.014062322946175638
15 0.9036091466289486 0.19952974504249293 0.008066949552098067 0.0047252124645892355
1 0.49998821310702496 0.2046770538243626 0.005162659123055162 0.011620396600566574
15 0.4195120226308345 0.20587818696883853 0.01016973125884017 0.006090651558073654
1 0.4321051390853371 0.20588101983002832 0.010839226779820839 0.006096317280453257
1 0.3645355964167845 0.20589801699716714 0.010542197076850541 0.007263456090651558
15 0.904092409240924 0.2071756373937677 0.007147571900047148 0.004152974504249292
1 0.43206742102781703 0.21328895184135976 0.00982083922677982 0.006181303116147309
1 0.3653630363036303 0.21407082152974502 0.010311173974540311 0.006611898016997167
15 0.9043092880716643 0.21556373937677056 0.006638378123526638 0.00393201133144476
1 0.8494295143800095 0.21890934844192633 0.008147100424328148 0.004957507082152974
1 0.8644106553512494 0.21963739376770539 0.00982083922677982 0.0064135977337110486
1 0.4319354078264969 0.22156373937677054 0.0104997642621405 0.00573371104815864
15 0.4201603017444601 0.22141926345609064 0.010523338048090523 0.005444759206798867
15 0.904024045261669 0.22309631728045326 0.007010843941537011 0.00426628895184136
1 0.41953795379537956 0.22920679886685552 0.010221593587930221 0.006288951841359773
1 0.431994342291372 0.22954957507082152 0.009674681753889674 0.005841359773371105
15 0.903979255068364 0.23094900849858357 0.007864214992927865 0.004107648725212465
1 0.25995992456388495 0.2346260623229462 0.005068363979255069 0.014861189801699717
1 0.2926331918906176 0.23476203966005665 0.0053512494106553515 0.014
1 0.5006459217350306 0.23606515580736542 0.004592173503064592 0.010940509915014164
1 0.43278170674210276 0.2375297450424929 0.010306459217350307 0.007070821529745043
15 0.9037175860443187 0.23912181303116148 0.006397925506836398 0.0034560906515580733
1 0.8493682225365393 0.24127762039660058 0.008967468175388967 0.005501416430594901
1 0.8643564356435643 0.2416402266288952 0.009712399811409714 0.005093484419263456
15 0.9035879302215936 0.24677620396600566 0.007081565299387082 0.00403399433427762
15 0.9042975011786893 0.2543087818696884 0.007557755775577558 0.004368271954674221
1 0.4348727015558699 0.2558583569405099 0.008830740216878831 0.01653257790368272
1 0.48407119283356903 0.2563342776203966 0.004446016030174446 0.01181869688385269
1 0.4446746817538897 0.2568866855524079 0.004860914662894861 0.012923512747875354
1 0.42424328147100426 0.2566600566572238 0.00925978312116926 0.017002832861189802
1 0.47753653936822255 0.2571898016997167 0.0055209806694955215 0.011263456090651557
1 0.47094059405940597 0.2569971671388102 0.004587458745874588 0.012011331444759207
1 0.4512258368694012 0.257314447592068 0.005704856199905704 0.012645892351274788
15 0.8417892503536067 0.2688470254957507 0.004181989627534181 0.01078186968838527
1 0.2930528052805281 0.28209915014164305 0.0071334276284771335 0.012356940509915013
1 0.259992927864215 0.28229178470254956 0.006077322017916078 0.012742209631728044
1 0.5184347006129184 0.28793201133144475 0.009995285242809996 0.005892351274787535
15 0.8416595945308817 0.29121813031161475 0.003922677982083923 0.009065155807365438
1 0.5185879302215936 0.29614730878186973 0.010301744460160302 0.005325779036827196
1 0.4278618576143329 0.29836827195467425 0.010839226779820839 0.006368271954674221
1 0.5184441301272984 0.3034929178470255 0.00907119283356907 0.006419263456090652
1 0.49911362564827905 0.3042662889518413 0.010014144271570014 0.00796600566572238
1 0.29297265440829795 0.3104702549575071 0.006973125884016973 0.014708215297450426
1 0.5186916548797736 0.31159206798866856 0.009566242338519566 0.005620396600566572
1 0.49909240924092413 0.31224929178470257 0.009971711456859971 0.005801699716713881
1 0.427993870815653 0.31449858356940513 0.01016030174446016 0.006900849858356941
4 0.9446086751532297 0.3176090651558074 0.03820367751060821 0.06411331444759207
1 0.2604926921263555 0.3181954674220963 0.007076850542197077 0.012028328611898018
15 0.8495238095238095 0.31820679886685554 0.007392739273927393 0.005252124645892351
1 0.49935172088637436 0.3195750708215297 0.009547383309759547 0.005722379603399433
1 0.5188778877887789 0.3197308781869689 0.009938708156529938 0.00603399433427762
1 0.5193140028288543 0.32699716713881016 0.009867986798679867 0.005835694050991502
1 0.4992432814710042 0.32740793201133145 0.00933050447901933 0.005524079320113315
15 0.85002828854314 0.33458640226628894 0.007458745874587459 0.00401699716713881
1 0.49938236680810943 0.33527195467422094 0.01055162659123055 0.0065212464589235125
1 0.5192102781706741 0.3352266288951841 0.00966053748231966 0.006430594900849858
1 0.49948137670909953 0.343084985835694 0.01074964639321075 0.00515014164305949
1 0.518934464875059 0.3433626062322946 0.010994813767090996 0.006838526912181303
15 0.8496888260254597 0.35005099150141644 0.00677982083922678 0.004351274787535411
1 0.4994955209806695 0.3536827195467422 0.009834983498349834 0.004815864022662889
1 0.47016973125884015 0.3696090651558074 0.004931636020744932 0.012872521246458922
1 0.48341584158415846 0.3693399433427762 0.005964167845355964 0.01346742209631728
1 0.47693305044790196 0.3698526912181303 0.004314002828854314 0.012226628895184135
1 0.4894625176803395 0.3701558073654391 0.004856199905704857 0.01169971671388102
15 0.8427180575200377 0.37222096317280456 0.0032107496463932104 0.010164305949008499
1 0.44222065063649224 0.37344759206798867 0.0065535124941065535 0.01601699716713881
1 0.5076544082979726 0.37359490084985836 0.007293729372937294 0.016311614730878186
1 0.518033946251768 0.374014164305949 0.007307873644507308 0.01488385269121813
1 0.4288896746817539 0.37396600566572236 0.006294200848656294 0.015920679886685555
1 0.4617020273455917 0.373929178470255 0.007798208392267798 0.014713881019830028
1 0.842013201320132 0.38777903682719544 0.0036869401225836872 0.01181869688385269
1 0.4620768505421971 0.4032549575070822 0.008547854785478547 0.014441926345609065
15 0.8422630834512023 0.403328611898017 0.0032437529467232436 0.010056657223796034
1 0.47366336633663364 0.4033031161473088 0.00909005186232909 0.015671388101983003
15 0.4540971239981141 0.40919263456090654 0.004846770391324846 0.01271954674220963
1 0.441016030174446 0.4091104815864023 0.00603017444601603 0.013688385269121812
15 0.44710513908533706 0.4097988668555241 0.005007072135785007 0.01279886685552408
4 0.9444177274870343 0.4123172804532578 0.042536539368222534 0.11075354107648724
15 0.4921923620933522 0.42631728045325784 0.004658180103724659 0.012974504249291785
15 0.6926379066478077 0.4330226628895184 0.008566713814238567 0.004855524079320114
15 0.6925129655822725 0.44152974504249287 0.008316831683168317 0.004872521246458923
15 0.6930174446016031 0.44919830028328617 0.00743988684582744 0.005478753541076487
15 0.8556317774634606 0.451356940509915 0.010179160773220178 0.005263456090651558
15 0.6928524280999528 0.456628895184136 0.008052805280528052 0.005609065155807366
20 0.8392998585572843 0.45877053824362607 0.013347477604903346 0.018957507082152974
1 0.8556105610561056 0.45929178470254955 0.009193776520509194 0.005269121813031162
15 0.6927840641206978 0.4646373937677054 0.007916077322017916 0.004628895184135977
1 0.6596558227251297 0.46645042492917843 0.010495049504950496 0.022985835694050993
1 0.6501107967939651 0.46689518413597736 0.006492220650636492 0.013677053824362606
15 0.6926991984912777 0.4726968838526912 0.007746346063177746 0.00488385269121813
15 0.692932578972183 0.4802889518413598 0.00727015558698727 0.005337110481586403
1 0.8558769448373409 0.4826033994334277 0.008783592644978784 0.00543342776203966
15 0.9511173974540311 0.4840056657223796 0.009731258840169732 0.004838526912181303
15 0.8451626591230551 0.4851189801699717 0.004328147100424328 0.010464589235127478
15 0.6928524280999528 0.48832577903682717 0.008052805280528052 0.005546742209631727
1 0.5314191419141915 0.48930028328611896 0.010504479019330505 0.005229461756373938
15 0.5447430457331448 0.48974220963172804 0.009806694955209807 0.0061133144475920675
15 0.8557590759075908 0.4907960339943343 0.0076049033474776045 0.004821529745042493
1 0.9516902404526167 0.49127762039660056 0.009933993399339935 0.005784702549575071
20 0.9240994813767092 0.49309348441926343 0.016987270155586986 0.01621529745042493
15 0.6934936350777935 0.4963257790368272 0.008392267798208392 0.004549575070821529
15 0.5445025931164545 0.4970538243626062 0.009325789721829326 0.0060056657223796035
1 0.5314120697784064 0.49758923512747877 0.010490334747760491 0.007076487252124646
15 0.9514474304573315 0.49943059490084984 0.008505421970768505 0.005093484419263456
1 0.94003771805752 0.4994957507082153 0.00925978312116926 0.006356940509915015
15 0.8557590759075908 0.5007733711048159 0.0076049033474776045 0.004379603399433428
15 0.6932743988684582 0.5038980169971672 0.007953795379537954 0.004963172804532578
1 0.5324280999528525 0.5057110481586402 0.010636492220650636 0.006322946175637394
15 0.5446841112682698 0.5055184135977338 0.00968882602545969 0.007070821529745043
15 0.8556742102781707 0.5083059490084986 0.007435172088637435 0.004713881019830029
20 0.9241796322489392 0.5118385269121813 0.016204620462046203 0.017444759206798867
15 0.6935077793493636 0.5124192634560907 0.007477604903347477 0.005008498583569405
1 0.532048561999057 0.5133116147308782 0.01082036775106082 0.006793201133144476
15 0.5452192362093352 0.5141558073654391 0.009816124469589816 0.00621529745042493
20 0.842048561999057 0.5142351274787536 0.01413012729844413 0.019971671388101984
15 0.8563036303630364 0.5167705382436261 0.008694012258368695 0.005779036827195467
15 0.7617303158887317 0.5174504249291785 0.008137670909948139 0.0060056657223796035
15 0.693069306930693 0.5201699716713881 0.007543611504007544 0.0046458923512747875
1 0.5316313059877416 0.5213031161473088 0.010928807166430929 0.005779036827195467
15 0.5450872230080152 0.5212634560906515 0.010495049504950496 0.00569971671388102
15 0.8566595945308816 0.5245325779036827 0.009405940594059406 0.005439093484419263
15 0.7618788307402169 0.5255835694050991 0.007491749174917492 0.005274787535410765
1 0.928906176331919 0.5257648725212465 0.008684582743988685 0.005637393767705382
15 0.9173833097595474 0.5259433427762039 0.007326732673267326 0.004861189801699717
15 0.6931093823668081 0.5275722379603399 0.008566713814238567 0.005852691218130312
15 0.5450966525223951 0.5294815864022663 0.010513908533710514 0.0062719546742209635
1 0.5322583686940123 0.5300821529745042 0.010297029702970298 0.006339943342776204
1 0.8565818010372466 0.5322181303116147 0.008307402168788308 0.006079320113314448
15 0.7624398868458274 0.5338668555240793 0.008613861386138613 0.005977337110481587
15 0.6934394153701084 0.5359490084985836 0.007340876944837341 0.005609065155807366
15 0.5456270627062707 0.536985835694051 0.010631777463460633 0.00654957507082153
1 0.5312989156058463 0.5371983002832861 0.00932107496463932 0.0069745042492917846
20 0.9240947666195192 0.5403739376770538 0.016034889203206035 0.016725212464589235
15 0.693041018387553 0.5433172804532578 0.00842998585572843 0.0056147308781869685
1 0.5317421027817067 0.5447478753541076 0.010207449316360208 0.0062096317280453265
1 0.5452923149457803 0.5488781869688385 0.010905233380480904 0.006538243626062323
20 0.7823833097595474 0.5490878186968838 0.013611504007543612 0.019422096317280455
20 0.7660891089108911 0.5487847025495751 0.014026402640264026 0.01994900849858357
15 0.8561834040546912 0.550356940509915 0.008453559641678453 0.004963172804532578
15 0.6935077793493636 0.5520169971671388 0.007477604903347477 0.00488385269121813
20 0.8397076850542197 0.5522096317280453 0.012277227722772276 0.01773371104815864
15 0.05371758604431872 0.5528300283286119 0.010311173974540311 0.006509915014164306
1 0.5185525695426685 0.5545977337110481 0.009288071664309288 0.0066458923512747875
1 0.5316737388024517 0.5549178470254957 0.011013672795851014 0.0072861189801699715
15 0.05358321546440359 0.559915014164306 0.010042432814710043 0.00594900849858357
20 0.708000942951438 0.5624815864022663 0.016661951909476662 0.01674787535410765
1 0.5453701084394154 0.5649348441926346 0.010117868929750118 0.006923512747875354
15 0.5319448373408769 0.5653059490084986 0.009669966996699671 0.006532577903682719
1 0.519016973125884 0.5653909348441926 0.01115983026874116 0.006702549575070821