15 0.5953445065176909 0.005203021718602455 0.00782122905027933 0.004740321057601511
15 0.9490819366852886 0.04741029272898962 0.007661080074487896 0.004169027384324835
15 0.9136033519553073 0.047337110481586404 0.008957169459962756 0.0040226628895184136
1 0.7498826815642458 0.047313503305004716 0.008517690875232775 0.003975448536355052
15 0.8422439478584731 0.4783356940509915 0.00404096834264432 0.01144003777148253
20 0.03446182495344507 0.48587582625118036 0.03987337057728119 0.032186024551463646
1 0.10515456238361265 0.4958451369216242 0.003977653631284916 0.010576015108593012
15 0.12354189944134078 0.5023040604343721 0.007977653631284916 0.003663833805476865
15 0.10476908752327747 0.5074433427762041 0.0032067039106145247 0.010165250236071767
15 0.12357355679702049 0.5076510859301228 0.00804096834264432 0.004915014164305949
1 0.11319180633147115 0.5148701605288007 0.008134078212290502 0.005188857412653447
20 0.03443389199255121 0.5175613786591123 0.03534823091247672 0.02567988668555241
15 0.07062569832402235 0.5181728045325779 0.01238733705772812 0.007072710103871577
15 0.017791433891992548 0.5186449480642116 0.004297951582867784 0.009905571293673277
1 0.7128640595903165 0.05210339943342776 0.008223463687150837 0.005056657223796035
1 0.6962960893854749 0.05242681775259679 0.00786219739292365 0.0057034938621340885
1 0.7502141527001862 0.052268649669499526 0.0076908752327746735 0.004442870632672333
1 0.7645735567970205 0.05232058545797923 0.007359404096834265 0.004546742209631728
4 0.6047337057728119 0.5252596789423984 0.030324022346368714 0.37063267233238906
15 0.06795716945996276 0.5261189801699716 0.009284916201117318 0.005023607176581681
1 0.9136852886405958 0.05314211520302172 0.008376163873370576 0.0052455146364494805
15 0.10590130353817506 0.5289305949008499 0.0032364990689013034 0.011591123701605288
15 0.9489944134078213 0.05398016997167139 0.007486033519553073 0.00408876298394712
15 0.024646182495344504 0.5397946175637394 0.012793296089385476 0.005934844192634561
20 0.0676927374301676 0.5488951841359773 0.02514338919925512 0.04774315391879132
1 0.02188826815642458 0.05589471199244571 0.003553072625698324 0.01075070821529745
1 0.12637430167597766 0.5829839471199244 0.00619366852886406 0.02149197355996223
15 0.094975791433892 0.05862370160528801 0.007456238361266294 0.00487724268177526
15 0.08160707635009311 0.6045467422096318 0.013493482309124767 0.007016052880075543
4 0.7360540037243948 0.6196883852691218 0.043430167597765364 0.34702549575070823
4 0.9334972067039107 0.6196883852691218 0.039806331471135936 0.35174693106704435
4 0.6708584729981378 0.6208687440982058 0.03594413407821229 0.3493862134088763
4 0.8012476722532588 0.6208687440982058 0.03973929236499069 0.3588290840415486
4 0.8651378026070763 0.6208687440982058 0.03791061452513967 0.3588290840415486
1 0.5541973929236499 0.6222851746931067 0.008953445065176908 0.0056657223796034
15 0.3727001862197393 0.6236591123701606 0.00871508379888268 0.005580736543909348
15 0.5812476722532589 0.6358876298394712 0.004208566108007449 0.009263456090651559
15 0.09494599627560521 0.06395656279508971 0.007396648044692737 0.00421152030217186
15 0.5814245810055866 0.6474929178470256 0.003072625698324022 0.008866855524079321
1 0.5169329608938548 0.653567044381492 0.004443202979515829 0.01062795089707271
1 0.5113556797020484 0.6538526912181303 0.004461824953445066 0.011199244570349386
15 0.09364990689013035 0.6587747875354109 0.0040595903165735565 0.010656279508970728
15 0.08960521415270019 0.6592516525023607 0.004163873370577281 0.0106657223796034
15 0.099 0.6590745986779981 0.00582122905027933 0.015977337110481587
15 0.6349385474860335 0.6606185080264401 0.008797020484171322 0.004900849858356941
15 0.6350130353817505 0.6650637393767705 0.009690875232774674 0.005292728989612843
15 0.4869068901303538 0.6726864966949953 0.008450651769087525 0.005429650613786591
15 0.021003724394785844 0.6769216241737488 0.006253258845437616 0.01673276676109537
15 0.7345661080074488 0.0681586402266289 0.004700186219739292 0.011671388101983001
15 0.03617690875232775 0.6824976392823419 0.008294227188081937 0.0052219074598678
1 0.4468677839851024 0.06894003777148253 0.008819366852886406 0.005679886685552408
1 0.45922718808193674 0.06884088762983948 0.008957169459962756 0.006425873465533522
1 0.33083985102420854 0.6924244570349386 0.015869646182495343 0.00807837582625118
1 0.43420484171322155 0.06953257790368272 0.008074487895716945 0.005920679886685552
1 0.37479702048417135 0.6954792256846082 0.0039702048417132214 0.01135505193578848
1 0.40888454376163874 0.06981586402266289 0.009575418994413408 0.0055429650613786595
1 0.42183054003724396 0.06988196411709159 0.008651769087523277 0.005675165250236072
1 0.3955493482309125 0.07007790368271956 0.008230912476722533 0.00512275731822474
1 0.08389757914338919 0.07038951841359774 0.007646182495344507 0.004801699716713881
1 0.3831005586592179 0.07053352219074598 0.008659217877094972 0.005089707271010387
1 0.3698938547486033 0.0705169971671388 0.00831657355679702 0.005056657223796035
1 0.35788640595903165 0.07053824362606233 0.00813780260707635 0.0050991501416430595
1 0.34490875232774676 0.07115911237016052 0.008998137802607076 0.005396600566572238
9 0.05236126629422719 0.07106940509915015 0.0540707635009311 0.03921152030217186
1 0.3722234636871508 0.7126628895184136 0.008506517690875232 0.005118035882908404
1 0.33259404096834266 0.0713975448536355 0.008949720670391062 0.004929178470254958
1 0.32131098696461824 0.0713314447592068 0.008729981378026072 0.005741265344664778
1 0.2691173184357542 0.072219074598678 0.009370577281191806 0.00562795089707271
1 0.3724115456238361 0.7193012275731823 0.00813780260707635 0.005174693106704439
1 0.2857169459962756 0.7210623229461757 0.015754189944134078 0.007752596789423986
1 0.29921787709497205 0.7221718602455146 0.008491620111731844 0.004305949008498583
1 0.2811117318435754 0.07223087818696884 0.009523277467411545 0.005651558073654391
1 0.24302048417132216 0.07274315391879131 0.008573556797020484 0.0047875354107648725
15 0.2748510242085661 0.7260269121813031 0.003705772811918063 0.009183191690273844
1 0.23716759776536311 0.7266501416430595 0.016979515828677842 0.008541076487252124
1 0.21097020484171325 0.7263550519357885 0.016726256983240224 0.007950897072710104
1 0.2558212290502793 0.07288715769593956 0.009594040968342646 0.0060198300283286115
1 0.23032029795158285 0.0729650613786591 0.008499068901303539 0.006175637393767705
15 0.7213221601489758 0.07282813975448536 0.008007448789571695 0.004957507082152974
1 0.20500744878957172 0.07315627950897072 0.00852513966480447 0.005613786591123702
1 0.2178342644320298 0.0732105760151086 0.008852886405959031 0.0047780925401322
1 0.192268156424581 0.07331444759206798 0.00837243947858473 0.004985835694050992
1 0.275268156424581 0.7347025495750708 0.008264432029795158 0.004815864022662889
1 0.17900372439478585 0.0739494806421152 0.009404096834264433 0.00625590179414542
1 0.1528193668528864 0.07382672332389047 0.008432029795158287 0.005066100094428707
1 0.16598137802607077 0.0739140698772427 0.007940409683426443 0.0052407932011331445
1 0.2903389199255121 0.7372025495750708 0.006376163873370578 0.020203021718602453
1 0.5965195530726257 0.739242209631728 0.008681564245810056 0.005396600566572238
1 0.12557169459962758 0.07410292728989612 0.008312849162011172 0.004674220963172804
1 0.1401322160148976 0.07429414542020774 0.009128491620111732 0.005056657223796035
15 0.2768696461824953 0.7428541076487252 0.0032737430167597763 0.009787535410764873
15 0.27261638733705773 0.7431893295561851 0.003705772811918063 0.009513692162417374
1 0.11337243947858472 0.07484419263456091 0.00849534450651769 0.0061567516525023605
1 0.09847486033519552 0.07472143531633617 0.00849534450651769 0.004966949952785646
15 0.2031173184357542 0.752528328611898 0.008469273743016759 0.005528800755429651
1 0.08456424581005587 0.07593484419263456 0.00823463687150838 0.004560906515580737
1 0.46693854748603353 0.756461284230406 0.004268156424581006 0.011506137865911238
15 0.5319944134078212 0.7581940509915014 0.00849534450651769 0.004584513692162418
15 0.2176070763500931 0.7582648725212465 0.006163873370577282 0.0160576015108593
15 0.1598882681564246 0.7633734655335223 0.0054376163873370575 0.01683191690273843
15 0.8901042830540037 0.07678470254957506 0.004417132216014898 0.01003777148253069
1 0.29491061452513967 0.7649338999055714 0.006581005586592179 0.02089707271010387
15 0.894046554934823 0.07688385269121813 0.004108007448789572 0.010236071765816809
20 0.20186964618249534 0.7744216241737488 0.02459590316573557 0.047426817752596793
20 0.1773947858472998 0.7759867799811142 0.021828677839851023 0.05055712936732767
1 0.16009497206703913 0.7779249291784702 0.0036163873370577285 0.01099622285174693
1 0.9607039106145251 0.0785505193578848 0.004834264432029795 0.011680830972615675
9 0.5913538175046555 0.7911449480642115 0.05794040968342644 0.09503777148253069
9 0.5142737430167598 0.8020325779036827 0.06094972067039106 0.08565155807365439
15 0.4402718808193669 0.8080217186024552 0.00829050279329609 0.005089707271010387
15 0.754219739292365 0.8109773371104816 0.008253258845437617 0.005335221907459868
15 0.7584711359404096 0.08148961284230406 0.0040931098696461825 0.010004721435316336
15 0.7346778398510242 0.08131255901794146 0.00417877094972067 0.010594900849858358
15 0.7544506517690875 0.8161543909348442 0.00871508379888268 0.005302171860245515
15 0.7624897579143389 0.08190982058545798 0.003936685288640596 0.009900849858356939
1 0.440415270018622 0.8236638338054768 0.009322160148975791 0.005212464589235127
1 0.6271322160148975 0.8247237960339944 0.00808193668528864 0.005443814919735599
1 0.36519180633147114 0.8274102927289896 0.0033817504655493484 0.009872521246458923
1 0.35886033519553073 0.8280051935788479 0.0033817504655493484 0.010118035882908404
1 0.34914338919925514 0.8290509915014165 0.003314711359404097 0.009376770538243626
1 0.35327188081936683 0.8290934844192634 0.003378026070763501 0.009461756373937676
15 0.9385791433891992 0.8308097261567516 0.003787709497206704 0.011005665722379604
15 0.5552905027932961 0.8336732766761096 0.008160148975791435 0.005401322001888574
1 0.8811582867783985 0.8348182247403211 0.004402234636871508 0.011468366383380547
1 0.6484674115456238 0.08406515580736544 0.009783985102420857 0.006657223796033994
15 0.2052122905027933 0.8371435316336165 0.012659217877094973 0.007620396600566573
15 0.7560428305400372 0.8427644003777148 0.008175046554934822 0.005642115203021718
15 0.019940409683426443 0.08440982058545798 0.008595903165735568 0.004513692162417375
15 0.44923091247672253 0.8472119924457034 0.0038621973929236497 0.011704438149197355
15 0.4536182495344506 0.8478682719546743 0.004443202979515829 0.011128423040604345
15 0.5544320297951583 0.8502124645892352 0.007932960893854748 0.0044853635505193576
15 0.5641378026070764 0.8504225684608121 0.007977653631284916 0.003961284230406044
1 0.7655083798882681 0.8513007554296507 0.00848417132216015 0.004773371104815864
15 0.9053370577281191 0.8517587346553352 0.004342644320297952 0.010410764872521247
1 0.4038230912476723 0.8518932955618508 0.004666666666666666 0.008791312559017942
15 0.8882662942271881 0.8519853635505195 0.0037206703910614525 0.009919735599622287
15 0.8923128491620113 0.8525141643059491 0.003620111731843576 0.010033050047214354
1 0.8983798882681565 0.8524598677998111 0.0038361266294227193 0.010868744098205855
15 0.5851564245810056 0.8525944287063267 0.004577281191806331 0.010193578847969783
15 0.5895065176908753 0.852752596789424 0.0035940409683426445 0.01145420207743154
1 0.5792290502793296 0.8535977337110482 0.005385474860335196 0.012200188857412654
15 0.5635959031657356 0.8564542020774315 0.008383612662942273 0.004693106704438149
1 0.5541806331471135 0.8569287063267232 0.008919925512104283 0.004697828139754485
1 0.765631284916201 0.8569216241737488 0.009474860335195531 0.00562795089707271
1 0.09869832402234636 0.8617894239848914 0.006707635009310988 0.0040321057601510855
1 0.6690186219739293 0.8622450424929178 0.008428305400372439 0.006831916902738433
15 0.2924655493482309 0.8640155807365438 0.003180633147113594 0.010372993389990556
15 0.953659217877095 0.86469074598678 0.007877094972067039 0.005113314447592068
15 0.40532774674115457 0.8647143531633616 0.007675977653631285 0.004216241737488196
1 0.6172364990689013 0.8681255901794146 0.009147113594040968 0.005372993389990558
15 0.3160093109869646 0.8685646836638338 0.003340782122905028 0.01097261567516525
15 0.3064189944134078 0.8686473087818697 0.003527001862197393 0.010193578847969783
15 0.30031657355679703 0.868918791312559 0.003985102420856611 0.009792256846081208
15 0.3110335195530726 0.869015580736544 0.003817504655493482 0.00998583569405099
15 0.40570577281191805 0.8696694995278564 0.008432029795158287 0.004683663833805477
1 0.1980949720670391 0.8706468366383381 0.004383612662942272 0.011359773371104815
1 0.2027486033519553 0.8707908404154864 0.004007448789571695 0.011647780925401323
1 0.1760316573556797 0.8713125590179415 0.003459962756052141 0.010802644003777147
1 0.233584729981378 0.8715061378659112 0.003109869646182495 0.01024551463644948
1 0.07495903165735568 0.8722379603399434 0.003921787709497206 0.01076487252124646
1 0.06549534450651769 0.8725165250236072 0.0036163873370577285 0.010377714825306894
15 0.0703463687150838 0.873005193578848 0.004379888268156424 0.009466477809254014
1 0.8643296089385475 0.8755665722379604 0.007988826815642457 0.004202077431539188
15 0.4084022346368715 0.8771246458923513 0.008610800744878957 0.005429650613786591
15 0.9545474860335196 0.8773229461756374 0.008908752327746742 0.005826251180358829
1 0.7655921787709496 0.8786779981114259 0.009396648044692738 0.004759206798866856
15 0.28949534450651765 0.880491029272899 0.0031992551210428305 0.010273843248347498
1 0.864096834264432 0.8812299338999056 0.008268156424581004 0.004197355996222852
15 0.4077504655493482 0.8822686496694995 0.008052141527001863 0.004386213408876298
1 0.7659851024208566 0.8838456090651557 0.008692737430167598 0.005651558073654391
1 0.914122905027933 0.8842917847025497 0.009996275605214152 0.005599622285174693
15 0.27265735567970206 0.885956090651558 0.008256983240223465 0.005151085930122757
9 0.8910186219739293 0.8867186024551463 0.03604096834264432 0.045391879131255905
1 0.8648156424581006 0.8867988668555241 0.008216014897579144 0.004948064211520302
15 0.6169571694599627 0.8873371104815865 0.010078212290502793 0.005080264400377715
1 0.9139869646182495 0.8900377714825306 0.00897951582867784 0.004815864022662889
15 0.0482756052141527 0.8903257790368272 0.004186219739292365 0.011057601510859301
15 0.0288975791433892 0.8904697828139755 0.0034189944134078213 0.009457034938621342
15 0.03861824953445065 0.8908002832861189 0.0042383612662942275 0.012006610009442871
15 0.043562383612662944 0.891024551463645 0.004443202979515829 0.010566572237960339
15 0.03448230912476722 0.8909230406043437 0.004905027932960894 0.011307837582625118
9 0.6455698324022346 0.8918177525967894 0.03899813780260707 0.06692162417374882
1 0.8645437616387338 0.8926746931067044 0.008417132216014898 0.0034796978281397546
1 0.6183389199255122 0.8931161473087819 0.00986219739292365 0.006251180358829084
1 0.9139217877094973 0.8960221907459868 0.008104283054003725 0.005453257790368272
1 0.8644841713221602 0.8989707271010388 0.008297951582867785 0.004740321057601511
1 0.5801489757914339 0.9008545797922568 0.00871508379888268 0.005675165250236072
1 0.25826443202979515 0.904508970727101 0.0033072625698324027 0.010151085930122757
1 0.8646852886405958 0.904943342776204 0.008700186219739291 0.004409820585457979
1 0.6686629422718808 0.9055736543909348 0.008461824953445064 0.004726156751652502
1 0.6177541899441341 0.9057318224740321 0.009437616387337058 0.005986779981114259
1 0.027512104283054006 0.9058050047214352 0.00884171322160149 0.005188857412653447
1 0.5800335195530727 0.9086567516525024 0.00848417132216015 0.0052266288951841365
1 0.864852886405959 0.9099976392823418 0.00829050279329609 0.005075542965061379
15 0.9140502793296089 0.09129839471199244 0.007616387337057728 0.00412653446647781
15 0.2583072625698324 0.9175613786591124 0.00413780260707635 0.00981586402266289
1 0.6177206703910614 0.9181397544853634 0.010115456238361267 0.005306893295561851
1 0.8788342644320298 0.9189896128423041 0.004223463687150838 0.00983947119924457
15 0.8828137802607077 0.9192492917847026 0.0032439478584729985 0.01035882908404155
15 0.9199534450651768 0.9197969782813976 0.0037802607076350093 0.01145420207743154
1 0.8865214152700186 0.919747403210576 0.003955307262569832 0.010410764872521247
1 0.8910446927374301 0.9197285174693106 0.004063314711359404 0.010372993389990556
1 0.8620409683426443 0.920096789423985 0.004156424581005586 0.010165250236071767
1 0.8741303538175046 0.920266761095373 0.0037541899441340784 0.011449480642115203
1 0.9611471135940409 0.09276676109537299 0.004975791433891992 0.01178470254957507
15 0.9559236499068902 0.09290840415486308 0.003467411545623836 0.010179414542020773
4 0.36158472998137803 0.9274197355996223 0.07065549348230912 0.1447355996222852
1 0.6222197392923651 0.9279957507082153 0.008685288640595904 0.005188857412653447
1 0.6436480446927374 0.9284324834749764 0.008338919925512105 0.005118035882908404
1 0.6314729981378027 0.9288408876298395 0.008569832402234637 0.006879131255901795
15 0.25832588454376165 0.9291926345609065 0.004175046554934824 0.010415486307837582
1 0.08467225325884543 0.09293201133144477 0.007705772811918064 0.004560906515580737
4 0.4906424581005587 0.9323796033994334 0.05465549348230912 0.1216052880075543
1 0.5377672253258845 0.9327407932011332 0.008122905027932961 0.006180358829084041
15 0.528463687150838 0.9331303116147308 0.00813780260707635 0.005070821529745043
4 0.4230633147113594 0.935998583569405 0.042402234636871504 0.09012747875354107
4 0.28921787709497204 0.9374220963172805 0.05404096834264432 0.09203021718602454
4 0.14110242085661082 0.94561850802644 0.1876052141527002 0.10842304060434371
15 0.6727504655493483 0.09643295561850802 0.003973929236499069 0.01156279508970727
15 0.6683016759776537 0.09662653446647781 0.0040148975791433885 0.011005665722379604
15 0.7355623836126629 0.09886685552407933 0.0037132216014897582 0.01076487252124646
15 0.6473724394785847 0.09913125590179415 0.009828677839851025 0.00562795089707271
9 0.8874115456238361 0.0996293673276676 0.031061452513966484 0.035897072710103874
9 0.9313333333333333 0.10184844192634561 0.0257951582867784 0.039390934844192635
15 0.8025307262569833 0.10211992445703494 0.00804096834264432 0.004995278564683664
4 0.28906517690875233 0.10741265344664779 0.46043947858472994 0.025967894239848913
15 0.8038007448789571 0.11007082152974504 0.0083463687150838 0.004844192634560906
1 0.9566945996275605 0.11644711992445703 0.005009310986964618 0.011931067044381492
15 0.8979813780260707 0.12339943342776205 0.0037839851024208566 0.009782813975448536
15 0.8715307262569832 0.1238597733711048 0.004513966480446927 0.009759206798866856
15 0.8893910614525139 0.12390698772426818 0.0037355679702048413 0.010797922568460813
15 0.8806610800744878 0.12416194523135034 0.00415270018621974 0.010363550519357884
15 0.8936554934823092 0.12389754485363552 0.0040707635009310985 0.010779036827195467
15 0.9024934823091249 0.12418083097261567 0.0031247672253258848 0.010401322001888575
15 0.8168584729981377 0.12672804532577905 0.003921787709497206 0.011718602455146365
15 0.9756983240223464 0.13147308781869688 0.005027932960893855 0.011765816808309727
4 0.2961433891992551 0.1369216241737488 0.4604432029795158 0.03777148253068933
1 0.6425735567970204 0.1413456090651558 0.003210428305400372 0.010736543909348441
15 0.8182178770949721 0.14786591123701606 0.007385474860335195 0.003947119924457035
9 0.8872327746741154 0.1494145420207743 0.029214152700186218 0.03254013220018886
15 0.8176648044692737 0.15250236071765816 0.008513966480446927 0.004721435316336166
9 0.9316145251396649 0.15713408876298396 0.02635754189944134 0.039480642115203024
15 0.8183445065176909 0.15836166194523135 0.008383612662942273 0.005108593012275732
1 0.437048417132216 0.16066572237960342 0.008547486033519553 0.005939565627950897
1 0.46256238361266294 0.16089235127478752 0.008923649906890131 0.005448536355051935
15 0.4867932960893855 0.16107412653446646 0.009713221601489757 0.004867799811142588
1 0.3583929236499069 0.16172568460812087 0.009895716945996275 0.006170915958451369
1 0.3354767225325885 0.16191690273843248 0.008756052141527002 0.006553352219074599
1 0.27520297951582867 0.16307837582625118 0.008878957169459963 0.006043437204910293
1 0.1830800744878957 0.16466949952785645 0.008618249534450652 0.005448536355051935
1 0.21128305400372438 0.16463172804532578 0.00841340782122905 0.005372993389990558
1 0.13573556797020483 0.16530453257790367 0.007783985102420856 0.004830028328611898
15 0.6459162011173185 0.16555949008498583 0.009150837988826816 0.004395656279508971
1 0.10993109869646184 0.16587818696883852 0.00757169459962756 0.005033050047214353
15 0.8181415270018622 0.16627714825306894 0.007977653631284916 0.004886685552407932
1 0.09170577281191807 0.16656279508970726 0.008364990689013035 0.005457979225684608
15 0.09871322160148976 0.16916194523135034 0.0037579143389199253 0.009711992445703494
15 0.10312849162011173 0.16921388101983 0.003649906890130354 0.00981586402266289
15 0.6819478584729981 0.17077431539187912 0.008216014897579144 0.00538243626062323
15 0.6458752327746741 0.1715533522190746 0.009068901303538176 0.004107648725212464
1 0.09159404096834264 0.17150613786591123 0.007396648044692737 0.0040132200188857416
15 0.8186778398510243 0.17229461756373937 0.00830540037243948 0.0046458923512747875
15 0.9652793296089386 0.1728611898016997 0.008770949720670392 0.005779036827195468
15 0.8776759776536313 0.17301227573182248 0.004141527001862197 0.009858356940509915
15 0.8820465549348231 0.17344428706326726 0.0031992551210428305 0.0097780925401322
15 0.8897225325884545 0.17314919735599624 0.0036536312849162014 0.011076487252124647
15 0.8935139664804469 0.17330264400377715 0.003787709497206704 0.010439093484419263
15 0.8980148975791434 0.17392351274787535 0.003851024208566108 0.009792256846081208
15 0.885899441340782 0.17390226628895183 0.004201117318435754 0.010694050991501416
15 0.9020633147113594 0.1739423984891407 0.0037541899441340784 0.009830028328611897
15 0.6817225325884544 0.17691218130311614 0.00851024208566108 0.004438149197355997
15 0.8180223463687151 0.18021954674220964 0.00848417132216015 0.004442870632672333
1 0.9160074487895717 0.1839565627950897 0.0040819366852886405 0.01097261567516525
15 0.8716890130353818 0.18385505193578847 0.008554934823091248 0.0051038715769593955
15 0.8180111731843576 0.1850165250236072 0.008461824953445064 0.00459395656279509
15 0.6820670391061452 0.18751888574126535 0.008454376163873371 0.005821529745042493
1 0.6707932960893854 0.18955146364494807 0.008998137802607076 0.004220963172804532
15 0.8983258845437617 0.19169499527856468 0.003728119180633147 0.010396600566572238
15 0.9021620111731843 0.19250944287063268 0.003951582867783985 0.011081208687440981
15 0.9582700186219739 0.1961402266288952 0.0036908752327746742 0.009844192634560907
15 0.9621378026070764 0.19641879131255902 0.003977653631284916 0.010401322001888575
1 0.46715456238361264 0.19902738432483477 0.008424581005586592 0.006175637393767705
1 0.4415512104283054 0.19890698772426818 0.008614525139664804 0.005934844192634561
1 0.42885474860335193 0.19907223796033993 0.008547486033519553 0.005321057601510859
1 0.4544934823091248 0.199171388101983 0.0091731843575419 0.005519357884796978
1 0.41256797020484165 0.1993035882908404 0.008748603351955308 0.00483947119924457
1 0.37379888268156425 0.19997639282341834 0.008677839851024209 0.0052407932011331445
1 0.38659031657355675 0.2001628895184136 0.008934823091247672 0.004669499527856468
1 0.39930167597765365 0.20029981114258735 0.009031657355679701 0.004943342776203966
1 0.34797392923649906 0.20039423984891408 0.009169459962756053 0.006076487252124645
1 0.33463314711359404 0.20050519357884797 0.007813780260707635 0.005354107648725213
1 0.36088640595903165 0.20041312559017943 0.008923649906890131 0.005169971671388102
1 0.32104096834264434 0.2005169971671388 0.008934823091247672 0.005377714825306894
1 0.30785288640595904 0.200828611898017 0.008629422718808195 0.005056657223796035
1 0.8636666666666667 0.20130075542965062 0.0036834264432029796 0.0097780925401322
1 0.26745251396648045 0.20142587346553353 0.0082756052141527 0.005306893295561851
1 0.2542309124767225 0.20182719546742212 0.00864804469273743 0.005165250236071766
1 0.22790502793296089 0.20190509915014163 0.00813780260707635 0.005321057601510859
1 0.20223091247672254 0.20193578847969781 0.008931098696461826 0.004438149197355997
1 0.2410465549348231 0.2021246458923513 0.007605214152700187 0.004815864022662889
1 0.21568901303538174 0.2020845136921624 0.008286778398510242 0.005679886685552408
1 0.13677467411545624 0.20236307837582626 0.00837243947858473 0.004348441926345609
1 0.1895512104283054 0.20242917847025496 0.00815270018621974 0.005424929178470255
1 0.16375046554934825 0.20258498583569404 0.007947858472998138 0.005736543909348442
1 0.15026629422718807 0.2025873465533522 0.008540037243947859 0.0047969782813975445
1 0.11078957169459963 0.20294853635505195 0.008543761638733707 0.004575070821529745
1 0.09907448789571695 0.20276912181303114 0.007459962756052142 0.004216241737488196
1 0.12372439478584729 0.20301935788479697 0.00908752327746741 0.00471671388101983
1 0.17654562383612663 0.2031893295561851 0.008212290502793297 0.005056657223796035
15 0.09013221601489758 0.20364494806421152 0.003728119180633147 0.01068932955618508
15 0.8265474860335196 0.21153210576015108 0.008402234636871508 0.0056893295561850805
15 0.8381824953445065 0.2119971671388102 0.008581005586592179 0.005675165250236072
1 0.08568342644320298 0.21689801699716713 0.0037690875232774673 0.007922568460812088
15 0.8267132216014897 0.21957034938621342 0.007243947858472998 0.004768649669499528
15 0.8380316573556796 0.21959159584513693 0.008279329608938547 0.004811142587346553
4 0.2918566108007449 0.2301699716713881 0.44740037243947856 0.03541076487252125
15 0.6774581005586592 0.24484891406987727 0.008919925512104283 0.006222851746931067
1 0.6892271880819367 0.24792020774315393 0.00936685288640596 0.004811142587346553
1 0.6977709497206704 0.2558050047214353 0.004108007448789572 0.010193578847969783
15 0.7524245810055866 0.25812795089707274 0.00391806331471136 0.012006610009442871
15 0.7702104283054003 0.25987724268177526 0.0037355679702048413 0.011728045325779037
4 0.28484171322160146 0.026411709159584514 0.19202979515828678 0.03865911237016053
4 0.290925512104283 0.26558073654390935 0.4455381750465549 0.03541076487252125
1 0.6044562383612663 0.26669735599622285 0.009657355679702048 0.0055382436260623235
15 0.753195530726257 0.2722544853635505 0.0054599627560521415 0.012875354107648725
15 0.7748733705772811 0.2732011331444759 0.004122905027932961 0.01193578847969783
1 0.36927188081936685 0.290224268177526 0.0048379888268156425 0.011043437204910293
1 0.3295679702048417 0.2911000944287063 0.004387337057728119 0.011850802644003778
1 0.403487895716946 0.29118271954674224 0.004741154562383613 0.012016052880075543
1 0.30190130353817507 0.29150377714825304 0.004919925512104284 0.010769593956562795
1 0.24786405959031657 0.2916406987724268 0.004108007448789572 0.011043437204910293
1 0.21572998137802607 0.2923347497639282 0.004644320297951583 0.01148725212464589
1 0.1533538175046555 0.2926369216241737 0.004286778398510242 0.011147308781869689
1 0.13572067039106145 0.2932507082152975 0.005519553072625699 0.011430594900849859
1 0.11222718808193669 0.29374409820585456 0.0047150837988826815 0.012417374881964118
1 0.09740037243947858 0.2941312559017942 0.004111731843575418 0.01035882908404155
15 0.0930782122905028 0.2944593956562795 0.0036610800744878956 0.011015108593012276
15 0.06644320297951584 0.2968696883852691 0.012216014897579142 0.007337110481586402
1 0.048426443202979515 0.3003682719546742 0.0037430167597765364 0.010557129367327667
15 0.028575418994413404 0.3006444759206799 0.003519553072625698 0.011109537299338999
1 0.05740595903165735 0.300590179414542 0.003824953445065177 0.009112370160528802
15 0.03287709497206704 0.3003446647780925 0.0031843575418994416 0.009565627950897073
15 0.9172774674115456 0.3041879131255902 0.00811173184357542 0.004976392823418318
1 0.9105176908752327 0.30495042492917845 0.0042756052141527 0.0121671388101983
15 0.9055363128491619 0.3052219074598678 0.003996275605214153 0.010821529745042495
15 0.7683891992551211 0.30607648725212466 0.009031657355679701 0.004976392823418318
1 0.062487895716946 0.30630075542965063 0.004305400372439479 0.010146364494806421
15 0.9489981378026071 0.03204202077431539 0.008238361266294228 0.00459395656279509
15 0.070048417132216 0.3164966949952786 0.012722532588454375 0.005986779981114259
15 0.022791433891992553 0.31663833805476865 0.008338919925512105 0.005325779036827195
1 0.581854748603352 0.3187275731822474 0.009147113594040968 0.00572710103871577
1 0.8130372439478585 0.31974504249291785 0.008942271880819367 0.006817752596789424
15 0.02263873370577281 0.3221364494806421 0.008033519553072625 0.004046270066100094
15 0.9521210428305401 0.3228706326723324 0.007035381750465549 0.004570349386213409
1 0.07963687150837988 0.3237795089707271 0.008808193668528863 0.004499527856468366
15 0.022487895716945996 0.3275991501416431 0.007731843575418995 0.004584513692162418
15 0.9522160148975791 0.3280240793201133 0.0072253258845437615 0.0044900849858356935
1 0.07230540037243947 0.3320136921624174 0.003828677839851024 0.009636449480642115
15 0.023186219739292364 0.3324527856468366 0.008383612662942273 0.004848914069877242
9 0.047985102420856615 0.3337677053824362 0.03935940409683427 0.048083097261567516
15 0.02264245810055866 0.33877478753541074 0.00804096834264432 0.004272898961284231
15 0.08604469273743016 0.3415108593012276 0.012685288640595904 0.0069121813031161475
15 0.022821229050279328 0.3448866855524079 0.007653631284916201 0.004220963172804532
15 0.9520204841713222 0.34603871576959394 0.008324022346368715 0.0046364494806421155
1 0.07356797020484171 0.34738432483474974 0.007843575418994412 0.00449480642115203
15 0.08591620111731843 0.34979461756373936 0.013173184357541898 0.007426817752596789
15 0.0227243947858473 0.3499763928234183 0.008204841713221602 0.004957507082152974
15 0.9521024208566108 0.35138338054768653 0.007743016759776536 0.00493862134088763
1 0.07342271880819366 0.35266997167138814 0.007553072625698325 0.004678942398489141
1 0.6749348230912476 0.3560835694050991 0.003873370577281192 0.010561850802644004
15 0.6520689013035382 0.3569169027384325 0.008048417132216015 0.004674220963172804
1 0.07380819366852887 0.35826251180358826 0.008324022346368715 0.004532577903682719
15 0.08644506517690875 0.3584537299338999 0.011996275605214154 0.006803588290840415
1 0.6929906890130354 0.3591218130311615 0.007955307262569832 0.004362606232294617
15 0.7066443202979515 0.35928234183191693 0.007702048417132216 0.004683663833805477
15 0.6519962756052141 0.3629438149197356 0.00864804469273743 0.004452313503305005
15 0.7189497206703911 0.3643932955618508 0.007731843575418995 0.004518413597733711
1 0.6516945996275605 0.3676841359773371 0.007299813780260708 0.0044900849858356935
15 0.056014897579143394 0.3679792256846081 0.003277467411545624 0.009801699716713881
1 0.9493743016759777 0.03673748819641171 0.008245810055865922 0.004542020774315391
1 0.0724096834264432 0.36973087818696887 0.0040372439478584725 0.010472143531633617
15 0.06661452513966482 0.369761567516525 0.005854748603351956 0.016199244570349387
15 0.7075437616387338 0.3704390934844193 0.008756052141527002 0.005278564683663833
15 0.6518640595903166 0.3727431539187913 0.007638733705772813 0.004220963172804532
15 0.7070651769087524 0.3759608120868744 0.009288640595903166 0.004046270066100094
1 0.9343836126629423 0.3781728045325779 0.008804469273743017 0.005637393767705382
1 0.7070558659217877 0.38102691218130313 0.007035381750465549 0.004735599622285174
1 0.6519795158286779 0.38613786591123705 0.007869646182495344 0.004570349386213409
1 0.632001862197393 0.38650377714825307 0.00813780260707635 0.005302171860245515
15 0.15166294227188082 0.38835221907459866 0.0031396648044692737 0.009943342776203965
15 0.17990689013035382 0.3890084985835694 0.007486033519553073 0.003701605288007554
15 0.6524469273743017 0.39336166194523137 0.007314711359404097 0.004853635505193578
15 0.16700931098696462 0.39844900849858356 0.0040372439478584725 0.011251180358829084
15 0.6523165735567971 0.39997167138810197 0.007798882681564246 0.003909348441926345
1 0.7074972067039107 0.40410764872521243 0.00791806331471136 0.0046270066100094435
15 0.6524078212290503 0.4051888574126535 0.0072364990689013035 0.003956562795089708
1 0.8683556797020484 0.40851746931067046 0.00933705772811918 0.004948064211520302
15 0.9786554934823092 0.4089542020774315 0.0034934823091247675 0.009598677998111425
15 0.9745679702048418 0.40942398489140697 0.0035121042830540037 0.009593956562795089
1 0.6523612662942272 0.4106279508970727 0.007143389199255121 0.004447592067988669
1 0.04770577281191807 0.04135033050047214 0.0037914338919925513 0.01093484419263456
1 0.05753631284916202 0.04126298394711992 0.004085661080074488 0.012648725212464589
1 0.14231284916201117 0.41263692162417376 0.0038063314711359406 0.011298394711992446
15 0.18066294227188082 0.4128918791312559 0.008998137802607076 0.005198300283286119
15 0.12462756052141527 0.4140273843248347 0.003445065176908752 0.012190745986779982
15 0.1377337057728119 0.414128895184136 0.00358659217877095 0.014282341831916902
15 0.16802607076350093 0.4144971671388102 0.004581005586592179 0.01124173748819641
15 0.652608938547486 0.41553116147308783 0.007638733705772813 0.004811142587346553
1 0.13203910614525138 0.4160269121813031 0.007094972067039107 0.02091123701605288
15 0.19289571694599625 0.4165533522190746 0.0036685288640595903 0.010632672332389046
15 0.9724227188081936 0.4177219074598678 0.008160148975791435 0.00447119924457035
15 0.1807635009310987 0.41859537299339 0.00919925512104283 0.005273843248347497
15 0.9492271880819367 0.04229225684608121 0.007951582867783986 0.0043201133144475925
15 0.652147113594041 0.4208451369216242 0.007459962756052142 0.005996222851746931
1 0.7071489757914339 0.42183191690273847 0.007966480446927375 0.004192634560906516
15 0.22755493482309125 0.4242894239848914 0.004458100558659218 0.01099622285174693
15 0.2191154562383613 0.4246978281397545 0.003966480446927374 0.010868744098205855
15 0.2151340782122905 0.4252219074598678 0.004197392923649907 0.010028328611898016
15 0.2234655493482309 0.4250849858356941 0.003728119180633147 0.010698772426817754
15 0.23354189944134077 0.42583097261567515 0.0037690875232774673 0.011246458923512748
15 0.17553817504655495 0.4260103871576959 0.008432029795158287 0.004995278564683664
15 0.6521824953445065 0.4262511803588291 0.0082756052141527 0.005476864966949953
15 0.14223463687150836 0.4263526912181303 0.003649906890130354 0.013234183191690275
15 0.14613780260707634 0.42652030217186027 0.0032625698324022347 0.010736543909348441
15 0.1383631284916201 0.42701369216241736 0.003355679702048417 0.010779036827195467
15 0.15041340782122906 0.42722143531633616 0.004364990689013036 0.01119452313503305
15 0.7092271880819367 0.4288550519357885 0.006908752327746742 0.005018885741265345
15 0.1767877094972067 0.4313928234183192 0.008696461824953445 0.004428706326723324
1 0.6524171322160149 0.4315911237016053 0.00725512104283054 0.003881019830028329
15 0.6747020484171322 0.43385741265344663 0.007877094972067039 0.0046364494806421155
15 0.7092029795158287 0.4338503305004721 0.007605214152700187 0.0055665722379603395
15 0.6820335195530727 0.43686496694995275 0.00391806331471136 0.009707271010387156
15 0.7091862197392923 0.4384513692162417 0.00757169459962756 0.005325779036827195
9 0.9325996275605215 0.044265816808309724 0.024603351955307263 0.038484419263456096
15 0.6918957169459963 0.4394074598677998 0.008 0.004405099150141643
15 0.708782122905028 0.444185552407932 0.008253258845437617 0.004518413597733711
15 0.03087337057728119 0.4644287063267233 0.013329608938547486 0.00817752596789424
1 0.7131433891992551 0.04676345609065156 0.008037243947858472 0.004763928234183192
15 0.02084729981378026 0.04671860245514636 0.008919925512104283 0.004674220963172804
1 0.6960148975791434 0.04717422096317281 0.008044692737430168 0.0046411709159584515
1 0.7644711359404097 0.046886213408876304 0.007899441340782123 0.005009442870632672