4 0.34582876175548594 0.5929988158673771 0.08350705329153606 0.0480461811722913
1 0.5549471003134796 0.6010213143872114 0.035442789968652036 0.03330373001776199
9 0.259032131661442 0.6063913558318531 0.032170846394984326 0.05233274126702191
4 0.4477978056426332 0.6077856719952635 0.040579937304075234 0.031438721136767316
4 0.4973569749216301 0.6084931912374185 0.039384796238244514 0.03285375962107756
15 0.11272923197492163 0.6090852575488455 0.013859717868338556 0.010355239786856128
15 0.159798197492163 0.6161456483126111 0.014737460815047022 0.010266429840142095
15 0.21153409090909092 0.6165068087625813 0.014760971786833856 0.012172883362936648
1 0.7239890282131661 0.6175962107756068 0.028699059561128525 0.04987566607460035
15 0.052061128526645774 0.6215926583777382 0.00615987460815047 0.019976317347542925
15 0.2799353448275862 0.6224097098875074 0.006579153605015674 0.020426287744227355
15 0.5987362852664576 0.6263795145056246 0.050137147335423196 0.02481349911190053
9 0.9426371473354233 0.6327087033747779 0.02085423197492163 0.030367081113084664
15 0.6950058777429466 0.6352753108348135 0.007566614420062696 0.022474837181764358
15 0.05168887147335423 0.643259325044405 0.006199059561128527 0.019496743635287153
15 0.6855192006269593 0.649185908821788 0.008969435736677116 0.03845470692717585
1 0.35624020376175547 0.6536826524570751 0.025960031347962383 0.053368857312018944
1 0.13359521943573668 0.6552486678507993 0.01405564263322884 0.010319715808170515
15 0.09080916927899686 0.6638277087033747 0.013906739811912226 0.009715808170515098
15 0.05193377742946708 0.6651746595618709 0.006688871473354232 0.023066903493191238
1 0.9279584639498433 0.6694789816459443 0.013440438871473353 0.010361160449970397
1 0.748567789968652 0.6698815867377147 0.0363205329153605 0.05261101243339254
15 0.9435442789968653 0.6701716992303138 0.014831504702194359 0.011746595618709296
15 0.16518808777429467 0.6738454706927176 0.013761755485893416 0.011989342806394316
15 0.7180270376175548 0.6755298993487271 0.006586990595611285 0.02246299585553582
1 0.319416144200627 0.6816252220248669 0.014224137931034482 0.010970988750740084
15 0.09010384012539184 0.6831645944345767 0.011712382445141067 0.00812907045589106
15 0.21436520376175547 0.6840142095914742 0.014153605015673981 0.009828300769686205
15 0.6938401253918496 0.6865660153937241 0.01463949843260188 0.01137951450562463
15 0.052411833855799374 0.6886412078152753 0.006077586206896551 0.020266429840142094
15 0.16510579937304076 0.6935612788632326 0.01359717868338558 0.009976317347542925
9 0.24997061128526643 0.6992362344582593 0.03364028213166144 0.07105979869745412
9 0.1340242946708464 0.6998223801065719 0.03450626959247649 0.07104795737122557
15 0.3895532915360502 0.7017495559502664 0.014216300940438872 0.009775014801657787
15 0.34198667711598746 0.7020248667850799 0.013910658307210031 0.010325636471284785
1 0.5526782915360501 0.7025429248075785 0.012880094043887146 0.008993487270574304
1 0.45843456112852665 0.7022172883362937 0.01404780564263323 0.011894612196566016
15 0.7223922413793104 0.7021936056838367 0.015317398119122258 0.010663114268798107
15 0.5312617554858934 0.7022172883362937 0.013150470219435738 0.010710479573712255
4 0.02995885579937304 0.702291296625222 0.019165360501567398 0.11387803433984607
1 0.36336990595611285 0.7026761397276494 0.015141065830721003 0.01281231497927768
15 0.48442202194357364 0.7030698638247483 0.01429858934169279 0.01004736530491415
15 0.4369298589341693 0.7026139727649496 0.014141849529780566 0.012687981053878035
1 0.41066614420062697 0.7029040852575488 0.014122257053291535 0.012084073416222618
1 0.505644592476489 0.7034665482534044 0.014423981191222571 0.01084073416222617
15 0.0903409090909091 0.7032326820603908 0.012970219435736677 0.009188869153345174
15 0.21420454545454545 0.7034872705743044 0.013832288401253917 0.01088217880402605
15 0.31187108150470216 0.7049526346950858 0.012456896551724137 0.010260509177027826
4 0.19094827586206897 0.7058999407933689 0.021394984326018808 0.12583185316755477
15 0.8038146551724138 0.7088217880402605 0.007315830721003135 0.019182948490230906
9 0.9003017241379311 0.708940201302546 0.037280564263322886 0.05257548845470693
15 0.051771159874608154 0.7100266429840142 0.006363636363636363 0.01922439313203079
15 0.16460619122257053 0.7152486678507993 0.014165360501567397 0.010722320899940792
15 0.7906681034482759 0.71550621669627 0.006884796238244514 0.021894612196566014
15 0.09099137931034483 0.7227057430432209 0.014271159874608152 0.009058614564831261
15 0.21380485893416928 0.7251065719360568 0.014600313479623823 0.012676139727649497
15 0.7484992163009405 0.7274807578448785 0.00640282131661442 0.020976909413854352
15 0.7560756269592477 0.7274777975133215 0.006665360501567399 0.019786856127886325
15 0.7638205329153605 0.7277116637063351 0.007264890282131661 0.021438721136767317
15 0.05214145768025078 0.7318324452338663 0.006320532915360501 0.02139135583185317
4 0.8591340125391851 0.7335287152161042 0.04663793103448276 0.03780935464772055
15 0.7907425548589342 0.7344404973357016 0.014086990595611287 0.011213735938425104
15 0.16502547021943573 0.7353641207815275 0.013436520376175548 0.009508584961515689
15 0.740362460815047 0.7386796921255181 0.00893808777429467 0.049295441089402016
1 0.7083130877742947 0.7393546477205447 0.027127742946708465 0.04235642391947898
15 0.09045650470219435 0.7415778567199527 0.013985109717868338 0.0100947306098283
9 0.31211598746081504 0.7427915926583778 0.034106583072100315 0.05515097690941386
9 0.35917123824451413 0.7428152753108348 0.03260579937304075 0.052830076968620486
9 0.40655564263322885 0.7434754292480757 0.0333307210031348 0.054150384843102424
9 0.45351684952978055 0.7438721136767319 0.031641849529780566 0.05257548845470693
9 0.5013146551724138 0.7437329780935464 0.03162617554858934 0.048744819419775015
9 0.5488087774294671 0.7438691533451747 0.031786833855799376 0.051385435168738905
1 0.2540027429467085 0.7439846062759029 0.013491379310344827 0.010171699230313795
15 0.20800940438871474 0.7463351095322676 0.006927899686520376 0.020793368857312016
15 0.7899706112852665 0.7528774422735346 0.0062735109717868345 0.019668442865600946
15 0.7992437304075235 0.7533066903493192 0.0067946708463949845 0.020526939017169923
15 0.8847531347962382 0.7537596210775607 0.006967084639498433 0.02143280047365305
15 0.052061128526645774 0.7539046773238602 0.00615987460815047 0.02053878034339846
1 0.8241438087774295 0.760088809946714 0.0072217868338557995 0.023433984606275902
15 0.09056426332288402 0.7612433392539965 0.013416927899686522 0.01034931912374186
1 0.618005485893417 0.764011249259917 0.044788401253918496 0.04667258732978093
1 0.22809365203761756 0.7646654825340438 0.028287617554858934 0.044428656009473065
4 0.8581328369905956 0.7722824156305507 0.047770376175548586 0.03597986974541149
15 0.05222374608150471 0.7766044997039668 0.006485109717868339 0.01975725281231498
1 0.14246669278996865 0.7777886323268206 0.014557210031347962 0.011468324452338663
15 0.8244572884012539 0.7791533451746596 0.013334639498432603 0.0106453522794553
15 0.4362284482758621 0.7800917702782711 0.013522727272727271 0.010153937240970988
15 0.5162833072100314 0.7800917702782711 0.013757836990595611 0.010153937240970988
15 0.29538401253918495 0.7807164002368265 0.01396551724137931 0.010219064535227947
15 0.48389498432601885 0.7804854943753701 0.013244514106583071 0.00975725281231498
15 0.3364008620689655 0.7810420367081113 0.013710815047021945 0.008502072232089994
15 0.3894651253918495 0.7812433392539965 0.013256269592476489 0.011272942569567792
15 0.09029584639498432 0.7895085849615157 0.013663793103448275 0.008857312018946123
1 0.6579271159874608 0.7986175251628183 0.014130094043887148 0.01049733570159858
15 0.051771159874608154 0.7987388987566607 0.006363636363636363 0.020213143872113676
15 0.09078173981191223 0.8075222024866785 0.013068181818181819 0.00936056838365897
1 0.6572942789968652 0.8113499111900532 0.013648119122257052 0.011095322676139727
15 0.640121473354232 0.8119094138543517 0.01378526645768025 0.00984606275902901
15 0.05214145768025078 0.8211634103019538 0.006320532915360501 0.022433392539964476
9 0.1418808777429467 0.8232889283599764 0.034545454545454546 0.07168146832445234
15 0.6400333072100314 0.8252368265245708 0.013608934169278995 0.011634103019538187
15 0.6579271159874608 0.8253700414446418 0.014130094043887148 0.011900532859680285
15 0.09070141065830721 0.8270574304322085 0.014474921630094043 0.010538780343398462
1 0.7000724921630094 0.8312166962699822 0.006728056426332289 0.0224097098875074
1 0.3803056426332288 0.8345174659561871 0.02628526645768025 0.06927175843694494
1 0.7809600313479623 0.8376139727649496 0.03919278996865204 0.0458614564831261
4 0.03149490595611285 0.8465926583777383 0.019102664576802507 0.0981586737714624
15 0.09099137931034483 0.8472528123149793 0.014271159874608152 0.009484902309058614
9 0.731069749216301 0.8506897572528124 0.04050940438871473 0.04004144464179988
1 0.5768730407523511 0.855352279455299 0.06597178683385581 0.08607460035523978
4 0.4575470219435737 0.8556068679692125 0.026379310344827583 0.05105979869745411
4 0.4813166144200627 0.8577235050325636 0.019059561128526647 0.05174067495559503
1 0.41429663009404394 0.8592007104795737 0.03705721003134796 0.04877442273534636
15 0.09091105015673981 0.8662640615748963 0.014110501567398119 0.009615156897572526
15 0.4951038401253919 0.8695263469508585 0.006665360501567399 0.01969212551805802
15 0.5029604231974922 0.8696477205447011 0.006704545454545454 0.019934872705743043
15 0.37024294670846397 0.8816637063351096 0.013213166144200627 0.009626998223801067
15 0.38719239811912226 0.881388395500296 0.013413009404388714 0.009076376554174068
15 0.09037617554858933 0.8858081705150977 0.013824451410658307 0.009626998223801067
15 0.5553173981191223 0.8889786856127886 0.013456112852664579 0.01123149792776791
15 0.6328996865203762 0.8892776791000592 0.007178683385579938 0.021302545885139135
1 0.23377742946708466 0.8893724097098875 0.035736677115987464 0.041622261693309646
15 0.47743338557993736 0.8947335701598579 0.006590909090909091 0.016820603907637656
4 0.3485325235109718 0.8945174659561871 0.020732758620689653 0.045991711071640025
15 0.4855858150470219 0.8951006512729426 0.005654388714733542 0.017554766133806986
9 0.5338851880877743 0.8967199526346951 0.017613636363636366 0.030266429840142096
15 0.5552115987460815 0.9045085849615156 0.0140282131661442 0.010319715808170515
15 0.5740164576802508 0.9046003552397868 0.01402037617554859 0.010503256364712847
15 0.09066614420062696 0.9048223801065719 0.013620689655172413 0.009763173475429246
15 0.5929094827586207 0.9052841918294849 0.013405172413793104 0.010686796921255182
9 0.6210384012539185 0.9151953818827709 0.034396551724137935 0.02340438129070456
9 0.5037264890282132 0.9152101835405565 0.016857366771159874 0.050669034931912375
1 0.41140086206896553 0.9205535820011842 0.026563479623824455 0.03767317939609236
1 0.7355329153605016 0.923700414446418 0.028275862068965516 0.05580817051509769
1 0.29030760188087773 0.9231912374185909 0.07904780564263322 0.1175488454706927
15 0.09070141065830721 0.9239875666074601 0.014474921630094043 0.01020130254588514
9 0.5710932601880878 0.925 0.020713166144200625 0.025251628182356423
9 0.5503056426332289 0.9251598579040853 0.014404388714733542 0.0208348134991119
1 0.5303467868338557 0.9262670219064535 0.012887931034482759 0.010023682652457075
15 0.05193377742946708 0.9269952634695086 0.006688871473354232 0.020953226761397277
9 0.38755485893416924 0.929206631142688 0.025109717868338557 0.05853167554766134
1 0.5154467084639499 0.9405150976909413 0.006598746081504702 0.021941977501480168
1 0.5994083072100314 0.9410479573712256 0.007594043887147335 0.02182356423919479
15 0.530646551724138 0.9451184132622854 0.014271159874608152 0.011018354055654232
15 0.7082327586206897 0.9473031379514505 0.014427899686520376 0.010651272942569567
15 0.5822159090909091 0.949736530491415 0.006908307210031347 0.02262285375962108
9 0.565240987460815 0.9507904085257549 0.014494514106583072 0.019994079336885733
9 0.5499764890282132 0.9512640615748964 0.014529780564263323 0.01975725281231498
4 0.1838185736677116 0.9547394908229722 0.025160658307210027 0.06104795737122558
4 0.1604016457680251 0.9552782711663705 0.02691614420062696 0.05975725281231498
1 0.8268495297805643 0.22876258140911782 0.029090909090909087 0.08097098875074007
15 0.9167907523510972 0.23742451154529307 0.01853448275862069 0.07698046181172293
15 0.9382739028213166 0.23829188869153348 0.015262539184952979 0.07871521610420366
15 0.8928409090909092 0.23931616341030196 0.019224137931034484 0.07957963291888691
15 0.9676763322884013 0.24148312611012435 0.01920846394984326 0.0803611604499704
15 0.2113949843260188 0.2648519834221433 0.013699059561128527 0.011053878034339847
1 0.8236990595611285 0.2879218472468917 0.014169278996865202 0.012196566015393725
15 0.21173785266457681 0.29117229129662525 0.014384796238244514 0.011592658377738306
15 0.7858757836990596 0.2930165778567199 0.020027429467084638 0.07804026050917703
15 0.7159384796238245 0.29647424511545295 0.014949059561128526 0.009171107164002369
15 0.7678663793103448 0.3121018354055654 0.0067358934169279 0.0214801657785672
9 0.8185854231974923 0.31851391355831854 0.019615987460815047 0.03785671995263469
15 0.8033365987460814 0.3392421551213736 0.0102782131661442 0.05207815275310834
20 0.713144592476489 0.3396743635287152 0.025035266457680252 0.060047365304914155
15 0.7419592476489029 0.35219656601539373 0.01683385579937304 0.06732978093546477
1 0.7701704545454545 0.35235346358792186 0.028585423197492164 0.04514505624629959
1 0.8272452978056427 0.352619893428064 0.013424764890282131 0.010153937240970988
15 0.8187970219435737 0.363611604499704 0.013769592476489028 0.009638839550029603
15 0.8513714733542319 0.369955595026643 0.019357366771159873 0.07679692125518059
15 0.9284972570532916 0.37051805802249854 0.019220219435736676 0.07792184724689166
15 0.9011971003134797 0.3703463587921847 0.017911442006269592 0.07402605091770278
15 0.8758248432601881 0.3754588513913558 0.018891065830721004 0.08069863824748373
9 0.823610893416928 0.3888188277087034 0.021046238244514105 0.02689757252812315
20 0.7115458463949843 0.3902664298401421 0.02027037617554859 0.026240378922439314
1 0.13125783699059562 0.3923741859088218 0.021136363636363637 0.058875074008288925
1 0.48816614420062693 0.3932889283599763 0.030407523510971785 0.058336293664890466
15 0.7292084639498433 0.4038928359976317 0.013275862068965518 0.008496151568975725
15 0.7432621473354232 0.404185908821788 0.013953761755485893 0.009082297217288336
20 0.7679369122257054 0.4048283007696862 0.02411833855799373 0.05773238602723505
1 0.531351880877743 0.4130757844878626 0.03213949843260188 0.06001776198934281
1 0.17609913793103446 0.4134547069271759 0.03636755485893417 0.05367081113084666
1 0.8262989811912226 0.41799585553582 0.022503918495297804 0.029597394908229723
1 0.9582288401253919 0.4178330373001776 0.030094043887147336 0.04229721728833629
9 0.054000783699059564 0.4188188277087034 0.02649686520376176 0.024138543516873893
1 0.4332092476489028 0.42857312018946125 0.032562695924764885 0.06022498519834221
1 0.09495493730407523 0.42936648904677327 0.028467868338557994 0.057075192421551214
15 0.7903115203761756 0.43051213735938426 0.011657523510971787 0.0487092954410894
15 0.7493436520376175 0.441939017169923 0.007307993730407523 0.024197750148016575
15 0.740887539184953 0.44289224393132026 0.006853448275862068 0.022551805802249855
1 0.733042711598746 0.44380106571936057 0.006054075235109717 0.02081705150976909
1 0.8218671630094044 0.4491296625222025 0.012856583072100315 0.007791592658377739
15 0.8013460031347963 0.45019538188277086 0.012566614420062697 0.011107164002368266
1 0.06521355799373041 0.45448194197750147 0.03011363636363636 0.04928359976317347
9 0.10814067398119123 0.4576465364120782 0.021140282131661442 0.02364120781527531
15 0.1896649686520376 0.45965364120781527 0.007072884012539186 0.02291888691533452
15 0.17751567398119122 0.45991415038484307 0.007852664576802507 0.023439905269390174
9 0.15149098746081505 0.46013321492007103 0.03809169278996865 0.038087625814091176
15 0.7722550940438871 0.46228833629366484 0.013945924764890283 0.010426287744227353
15 0.7361853448275861 0.47531971580817056 0.006853448275862068 0.02109532267613973
9 0.8187597962382445 0.48442569567791594 0.03485501567398119 0.0582534043812907
1 0.10790948275862068 0.49235346358792187 0.02381269592476489 0.03384843102427472
1 0.7740242946708463 0.49334221432800474 0.02767241379310345 0.03819419775014802
9 0.5479623824451411 0.4954529307282416 0.026175548589341693 0.06254588513913559
9 0.9546826018808777 0.49605979869745415 0.016731974921630095 0.030603907637655418
1 0.19226097178683385 0.5044730609828301 0.020101880877742947 0.02966844286560095
1 0.15137343260188088 0.5048312611012433 0.01904780564263323 0.024464179988158676
1 0.05675744514106583 0.5053345174659561 0.014768808777429466 0.010076968620485495
15 0.03519592476489028 0.505420367081113 0.01396551724137931 0.011432800473653049
15 0.7915948275862069 0.5067673179396092 0.011873040752351098 0.009390171699230314
15 0.6162813479623824 0.5120603907637655 0.015478056426332288 0.011687388987566607
15 0.9619827586206897 0.5276258140911781 0.013307210031347962 0.009662522202486678
1 0.945703369905956 0.5277235050325637 0.014447492163009404 0.009857904085257548
15 0.08637147335423198 0.5308318531675548 0.01443573667711599 0.010153937240970988
1 0.10814851097178683 0.5306779159265838 0.01410266457680251 0.00984606275902901
1 0.2865987460815047 0.5334635879218472 0.027742946708463948 0.043836589698046186
15 0.5507641065830721 0.5368827708703374 0.013753918495297807 0.010414446417998815
1 0.159798197492163 0.5375310834813499 0.014737460815047022 0.010526939017169924
1 0.2120944357366771 0.5379307282415631 0.014314263322884014 0.01132622853759621
15 0.1387421630094044 0.5382978093546477 0.014945141065830721 0.012060390763765543
15 0.19023510971786833 0.5386323268206039 0.014482758620689656 0.009177027827116636
1 0.2561108934169279 0.5393102427471876 0.018491379310344825 0.029478981645944344
15 0.607257053291536 0.5402427471876851 0.014670846394984324 0.010029603315571345
4 0.3449490595611285 0.5435168738898757 0.08488244514106583 0.047365304914150384
4 0.6878369905956112 0.5441711071640024 0.07316614420062696 0.036832445233866196
9 0.051481191222570534 0.545902901124926 0.033213166144200626 0.05450562462995856
1 0.6474431818181818 0.5498194197750148 0.007268808777429467 0.022078152753108347
15 0.5598256269592476 0.5522824156305506 0.013068181818181819 0.010426287744227353
15 0.4737578369905956 0.5559857904085257 0.06036833855799373 0.030858496151568975
9 0.28750000000000003 0.5643132030787448 0.020141065830721002 0.025014801657785673
9 0.10369710031347962 0.5720100651272942 0.032629310344827585 0.05224985198342214
9 0.9439126175548589 0.5768028419182949 0.02497257053291536 0.02275902901124926
9 0.15545846394984328 0.578656009473061 0.03192006269592476 0.051332149200710483
9 0.20691222570532913 0.5797483718176436 0.032163009404388716 0.05114860864416815
4 0.6876273510971787 0.581385435168739 0.07039576802507837 0.036660746003552395
15 0.05606191222570533 0.5827708703374778 0.014161442006269592 0.011012433392539966
1 0.2822257053291536 0.5904736530491415 0.006457680250783699 0.02168146832445234
15 0.2949039968652038 0.5908288928359976 0.0067358934169279 0.020023682652457075