16 0.5307459677419355 0.7575221238938054 0.018145161290322582 0.017699115044247787
2 0.5483870967741935 0.763716814159292 0.016129032258064516 0.021238938053097345
16 0.8051915322580645 0.8424778761061947 0.02066532258064516 0.019469026548672566
16 0.7815020161290323 0.8353982300884956 0.021673387096774195 0.021238938053097345
16 0.4967237903225806 0.7570796460176992 0.018649193548387098 0.018584070796460177
16 0.5151209677419355 0.7623893805309735 0.015120967741935484 0.020353982300884955
2 0.4596774193548387 0.7504424778761062 0.03931451612903226 0.05663716814159292
16 0.5783770161290323 0.7955752212389381 0.021673387096774195 0.017699115044247787
16 0.5967741935483871 0.8013274336283186 0.019153225806451613 0.018584070796460177
16 0.5594758064516129 0.79070796460177 0.02217741935483871 0.023893805309734513
16 0.5776209677419355 0.8115044247787611 0.020161290322580645 0.023008849557522124
16 0.04788306451612903 0.6654867256637168 0.020161290322580645 0.023008849557522124
2 0.06602822580645161 0.6712389380530973 0.021169354838709676 0.023893805309734513
16 0.5980342741935484 0.8199115044247788 0.02066532258064516 0.02566371681415929
16 0.5592237903225806 0.8088495575221238 0.01965725806451613 0.021238938053097345
16 0.08518145161290322 0.6774336283185841 0.019153225806451613 0.02566371681415929
16 0.8230846774193549 0.8889380530973451 0.019153225806451613 0.016814159292035398
2 0.8772681451612904 0.922566371681416 0.051915322580645164 0.084070796460177
16 0.04813508064516129 0.6929203539823009 0.02066532258064516 0.02831858407079646
2 0.06476814516129033 0.6969026548672567 0.018649193548387098 0.02566371681415929
16 0.08417338709677419 0.7039823008849557 0.021169354838709676 0.018584070796460177
16 0.6013104838709677 0.8544247787610619 0.01310483870967742 0.034513274336283185
16 0.16910282258064516 0.7389380530973452 0.013608870967741936 0.03008849557522124
2 0.5627520161290323 0.8513274336283185 0.039818548387096774 0.0584070796460177
16 0.08039314516129033 0.7243362831858408 0.015625 0.020353982300884955
16 0.5814012096774194 0.8663716814159292 0.010584677419354838 0.03008849557522124
16 0.1857358870967742 0.7570796460176992 0.018649193548387098 0.020353982300884955
16 0.04485887096774194 0.718141592920354 0.018145161290322582 0.023893805309734513
2 0.0625 0.7243362831858408 0.021169354838709676 0.02566371681415929
2 0.14717741935483872 0.7477876106194691 0.018145161290322582 0.021238938053097345
2 0.3185483870967742 0.8101769911504425 0.01310483870967742 0.034513274336283185
2 0.6444052419354839 0.904424778761062 0.013608870967741936 0.033628318584070796
16 0.1827116935483871 0.7783185840707965 0.01663306451612903 0.018584070796460177
16 0.07913306451612903 0.7508849557522124 0.014112903225806451 0.023893805309734513
9 0.6176915322580645 0.9022123893805309 0.04889112903225806 0.050442477876106194
16 0.04158266129032258 0.7429203539823008 0.01663306451612903 0.020353982300884955
2 0.06023185483870968 0.7486725663716814 0.017641129032258066 0.024778761061946902
16 0.7878024193548387 0.9632743362831858 0.015120967741935484 0.03274336283185841
16 0.5733366935483871 0.9035398230088496 0.01663306451612903 0.017699115044247787
2 0.5289818548387096 0.8973451327433628 0.008568548387096774 0.02654867256637168
16 0.516633064516129 0.8969026548672566 0.012096774193548387 0.034513274336283185
16 0.03931451612903226 0.7650442477876106 0.018145161290322582 0.022123893805309734
16 0.07736895161290322 0.7769911504424779 0.01663306451612903 0.019469026548672566
16 0.18119959677419356 0.8061946902654867 0.018649193548387098 0.017699115044247787
2 0.057459677419354836 0.7721238938053098 0.019153225806451613 0.02566371681415929
16 0.2505040322580645 0.8269911504424778 0.018145161290322582 0.018584070796460177
16 0.6098790322580645 0.9283185840707965 0.021169354838709676 0.023008849557522124
2 0.8591229838709677 0.9805309734513274 0.03377016129032258 0.03716814159292035
9 0.29107862903225806 0.845575221238938 0.04889112903225806 0.11238938053097346
16 0.7830141129032258 0.9889380530973452 0.014616935483870967 0.020353982300884955
2 0.05619959677419355 0.7960176991150443 0.021673387096774195 0.023893805309734513
16 0.07560483870967742 0.8017699115044248 0.018145161290322582 0.021238938053097345
9 0.13356854838709678 0.8176991150442477 0.047379032258064516 0.09734513274336283
16 0.0390625 0.7920353982300885 0.01663306451612903 0.024778761061946902
2 0.6759072580645161 0.968141592920354 0.05342741935483871 0.061946902654867256
16 0.24798387096774194 0.8530973451327434 0.018145161290322582 0.023008849557522124
2 0.8263608870967742 0.9915929203539823 0.05090725806451613 0.01504424778761062
16 0.17590725806451613 0.8504424778761062 0.019153225806451613 0.023008849557522124
2 0.33518145161290325 0.8942477876106195 0.05342741935483871 0.06637168141592921
2 0.05342741935483871 0.8207964601769911 0.019153225806451613 0.02743362831858407
16 0.07232862903225806 0.8256637168141593 0.01663306451612903 0.021238938053097345
16 0.03528225806451613 0.8163716814159292 0.018145161290322582 0.022123893805309734
16 0.03377016129032258 0.8415929203539823 0.018145161290322582 0.02654867256637168
2 0.05141129032258065 0.8469026548672567 0.019153225806451613 0.03008849557522124
16 0.07081653225806452 0.852212389380531 0.01965725806451613 0.023008849557522124
16 0.15952620967741934 0.8774336283185841 0.012600806451612902 0.02920353982300885
2 0.790070564516129 0.1592920353982301 0.03881048387096774 0.06017699115044248
2 0.390625 0.04911504424778761 0.01310483870967742 0.02920353982300885
2 0.8185483870967742 0.17035398230088494 0.017137096774193547 0.036283185840707964
2 0.40524193548387094 0.05575221238938053 0.012096774193548387 0.03008849557522124
2 0.3787802419354839 0.07654867256637168 0.04485887096774194 0.07699115044247788
9 0.8104838709677419 0.20088495575221238 0.03528225806451613 0.05132743362831858
9 0.4019657258064516 0.08805309734513274 0.022681451612903226 0.03805309734513274
16 0.7878024193548387 0.23407079646017698 0.01310483870967742 0.034513274336283185
16 0.3767641129032258 0.1331858407079646 0.011592741935483871 0.034513274336283185
2 0.8908770161290323 0.2911504424778761 0.14969758064516128 0.27079646017699116
2 0.47555443548387094 0.17831858407079645 0.15977822580645162 0.28761061946902655
9 0.7389112903225806 0.25486725663716814 0.11895161290322581 0.17168141592920355
9 0.32610887096774194 0.14469026548672567 0.10685483870967742 0.1584070796460177
2 0.1774193548387097 0.11238938053097346 0.07862903225806452 0.17699115044247787
16 0.3324092741935484 0.2345132743362832 0.023689516129032258 0.02831858407079646
16 0.3286290322580645 0.26991150442477874 0.019153225806451613 0.02654867256637168
9 0.8707157258064516 0.43805309734513276 0.029737903225806453 0.03893805309734513
2 0.8477822580645161 0.5176991150442478 0.03125 0.06017699115044248
16 0.8248487903225806 0.5274336283185841 0.01965725806451613 0.019469026548672566
16 0.9589213709677419 0.5814159292035398 0.02066532258064516 0.017699115044247787
2 0.6071068548387096 0.49601769911504423 0.029737903225806453 0.050442477876106194
2 0.5604838709677419 0.4853982300884956 0.03326612903225806 0.050442477876106194
16 0.8959173387096774 0.581858407079646 0.018649193548387098 0.020353982300884955
2 0.6532258064516129 0.5172566371681416 0.046370967741935484 0.08230088495575222
16 0.9465725806451613 0.6030973451327434 0.046370967741935484 0.03982300884955752
2 0.2686491935483871 0.4252212389380531 0.04939516129032258 0.08053097345132744
2 0.18397177419354838 0.402212389380531 0.029233870967741934 0.048672566371681415
16 0.6995967741935484 0.5473451327433628 0.04536290322580645 0.03805309734513274
2 0.7389112903225806 0.5672566371681416 0.02620967741935484 0.04247787610619469
2 0.21975806451612903 0.42389380530973453 0.034274193548387094 0.06017699115044248
2 0.05493951612903226 0.384070796460177 0.10786290322580645 0.17345132743362832
16 0.8220766129032258 0.6168141592920354 0.018145161290322582 0.019469026548672566
16 0.6827116935483871 0.5898230088495575 0.01965725806451613 0.023893805309734513
16 0.6640625 0.5893805309734513 0.01965725806451613 0.019469026548672566
16 0.8810483870967742 0.6632743362831859 0.024193548387096774 0.084070796460177
16 0.25932459677419356 0.4902654867256637 0.012600806451612902 0.035398230088495575
9 0.18775201612903225 0.47699115044247786 0.029737903225806453 0.04424778761061947
9 0.22857862903225806 0.4889380530973451 0.053931451612903226 0.06460176991150443
9 0.14163306451612903 0.4765486725663717 0.03024193548387097 0.03982300884955752
2 0.7076612903225806 0.6455752212389381 0.037298387096774195 0.06283185840707965
2 0.23286290322580644 0.5230088495575221 0.037298387096774195 0.06902654867256637
9 0.6796875 0.6491150442477877 0.03780241935483871 0.09115044247787611
2 0.9511088709677419 0.731858407079646 0.06955645161290322 0.10973451327433628
2 0.06275201612903226 0.49601769911504423 0.039818548387096774 0.07345132743362832
2 0.12575604838709678 0.5185840707964602 0.031754032258064516 0.04601769911504425
2 0.18044354838709678 0.5433628318584071 0.02721774193548387 0.04070796460176991
16 0.2701612903225806 0.5933628318584071 0.019153225806451613 0.018584070796460177
2 0.2956149193548387 0.602212389380531 0.031754032258064516 0.084070796460177
16 0.2132056451612903 0.5800884955752212 0.019153225806451613 0.018584070796460177
16 0.15599798387096775 0.5685840707964602 0.018649193548387098 0.020353982300884955
2 0.12399193548387097 0.5610619469026549 0.021169354838709676 0.017699115044247787
2 0.23538306451612903 0.5920353982300885 0.019153225806451613 0.021238938053097345
16 0.09753024193548387 0.5548672566371682 0.017641129032258066 0.021238938053097345
2 0.18044354838709678 0.5792035398230089 0.016129032258064516 0.023893805309734513
9 0.4564012096774194 0.6588495575221239 0.03477822580645161 0.08230088495575222
16 0.3235887096774194 0.6238938053097345 0.021169354838709676 0.021238938053097345
16 0.32132056451612906 0.6504424778761062 0.018649193548387098 0.017699115044247787
2 0.5073084677419355 0.7057522123893806 0.03477822580645161 0.06460176991150443
2 0.47555443548387094 0.6995575221238938 0.021673387096774195 0.023893805309734513
2 0.6106350806451613 0.7451327433628319 0.0751008064516129 0.12035398230088495
16 0.5340221774193549 0.7243362831858408 0.014616935483870967 0.03274336283185841
16 0.5246975806451613 0.7261061946902655 0.01310483870967742 0.034513274336283185
9 0.11088709677419355 0.6119469026548673 0.04334677419354839 0.07699115044247788
9 0.2830141129032258 0.6606194690265487 0.04586693548387097 0.08053097345132744
16 0.8732358870967742 0.8252212389380531 0.025705645161290324 0.08053097345132744
9 0.22530241935483872 0.6446902654867257 0.047379032258064516 0.08584070796460178
9 0.1688508064516129 0.6305309734513275 0.04536290322580645 0.08053097345132744
16 0.3203125 0.6761061946902654 0.017641129032258066 0.019469026548672566
2 0.7671370967741935 0.8013274336283186 0.037298387096774195 0.06283185840707965
16 0.47631048387096775 0.7207964601769912 0.020161290322580645 0.018584070796460177
16 0.8828125 0.8349557522123894 0.02066532258064516 0.06283185840707965
2 0.4458165322580645 0.7146017699115044 0.02066532258064516 0.022123893805309734
2 0.5642641129032258 0.7477876106194691 0.015625 0.033628318584070796
2 0.41507056451612906 0.713716814159292 0.04586693548387097 0.07699115044247788
16 0.3180443548387097 0.6964601769911505 0.019153225806451613 0.021238938053097345