1 0.943571915473756 0.5858425414364641 0.11277436946148603 0.17610497237569062
1 0.6919188820722563 0.593439226519337 0.04914110429447853 0.06975138121546962
1 0.2523653715064758 0.06526243093922653 0.018023176550783913 0.05870165745856354
1 0.2968524199045672 0.06761049723756907 0.01974437627811861 0.060082872928176795
1 0.37674676209952285 0.6707182320441989 0.04320040899795501 0.0718232044198895
1 0.6765780504430811 0.6724447513812155 0.049134287661895024 0.06422651933701658
1 0.32433708248125426 0.07002762430939226 0.016772324471710974 0.05386740331491713
1 0.32339468302658486 0.7083563535911602 0.03124744376278119 0.04765193370165746
15 0.840385139740968 0.7095994475138122 0.022283571915473754 0.0324585635359116
1 0.23314076346284934 0.7223756906077348 0.025245398773006134 0.04143646408839779
1 0.5230436264485344 0.7310082872928176 0.022229038854805726 0.10842541436464088
1 0.5987252897068849 0.7426795580110497 0.04271301976823449 0.06767955801104972
1 0.3883367416496251 0.7426104972375691 0.043203817314246766 0.06422651933701658
15 0.6458946830265849 0.7585635359116022 0.011625766871165644 0.06629834254143646
1 0.6879959100204499 0.7696132596685082 0.033796864349011586 0.03867403314917127
1 0.9469393319700069 0.7716160220994475 0.1038309475119291 0.17748618784530387
15 0.7401533742331289 0.774378453038674 0.0201840490797546 0.0393646408839779
15 0.5522324471710974 0.7767265193370165 0.01925698704839809 0.0462707182320442
15 0.800151670074983 0.7824585635359116 0.02361622358554874 0.04005524861878453
1 0.09741990456714382 0.8162983425414365 0.019652351738241307 0.024861878453038673
1 0.18946489434219496 0.8651243093922651 0.029918200408997956 0.04074585635359116
1 0.18682174505794139 0.9361187845303868 0.03076687116564417 0.03798342541436464
15 0.6219989775051125 0.13038674033149172 0.026547375596455352 0.016574585635359115
1 0.9251653033401499 0.1621546961325967 0.01801976823449216 0.024861878453038673
15 0.13693081117927744 0.2039364640883978 0.031189502385821407 0.020027624309392266
15 0.16697171097477845 0.22707182320441988 0.03332992501704159 0.022099447513812154
1 0.22547205180640761 0.42845303867403317 0.02694955691888207 0.03591160220994475
1 0.34211997273346967 0.4439226519337017 0.01825494205862304 0.019337016574585635
1 0.24899454669393317 0.45697513812154694 0.026959781867757326 0.04212707182320442
1 0.6435514655760055 0.4998618784530387 0.020572597137014315 0.04834254143646409