15 0.8602431962941518 0.6648209549071618 0.003057324840764331 0.011339522546419099
1 0.2662275622466705 0.6672214854111406 0.010162130862767805 0.005530503978779841
15 0.4464302258251303 0.6668435013262599 0.005773016792125073 0.0021220159151193636
20 0.8733700057903879 0.6685510610079576 0.013097857556456283 0.014820954907161805
15 0.4606427330631152 0.6690019893899204 0.0075622466705269255 0.002460212201591512
15 0.4819918934568616 0.670079575596817 0.007411696583671106 0.004615384615384615
15 0.8981789229878402 0.6716810344827586 0.004811812391430226 0.013123342175066312
1 0.2656166763173133 0.6748806366047746 0.010098436595251883 0.0062599469496021215
15 0.4598899826288361 0.6762466843501326 0.009530978575564564 0.005013262599469496
15 0.444988419224088 0.6773242705570292 0.007521713954834974 0.003189655172413793
1 0.7348118123914302 0.6805006631299735 0.006971627099015634 0.014847480106100796
1 0.06865373480023161 0.683474801061008 0.0029704690214244355 0.011511936339522546
1 0.2659988419224088 0.6843832891246684 0.010862767805442966 0.005371352785145889
1 0.4630138969310944 0.686551724137931 0.009988419224088014 0.0057294429708222815
1 0.445037637521714 0.6868401856763926 0.007620150550086856 0.003653846153846154
20 0.659198031268095 0.6900795755968171 0.01555877243775333 0.02206896551724138
20 0.6337174290677475 0.6921883289124668 0.012078749276201506 0.019655172413793102
15 0.6722061378112334 0.6927553050397878 0.0022003474232773594 0.010179045092838197
15 0.4459293572669369 0.6953315649867373 0.009403590040532714 0.0047214854111405835
15 0.6442993630573248 0.6948441644562334 0.004290677475390851 0.017009283819628646
15 0.4630891719745223 0.6955470822281167 0.008980891719745223 0.005152519893899204
1 0.06865373480023161 0.7015683023872679 0.0029704690214244355 0.011889920424403183
1 0.26411696583671107 0.7019595490716181 0.014047481181239144 0.006041114058355437
15 0.4456919513607412 0.7042838196286472 0.010086855819339897 0.0040583554376657826
15 0.4627764910248987 0.7047148541114059 0.009513607411696583 0.004920424403183024
15 0.44493920092646205 0.7129641909814324 0.008581354950781703 0.004177718832891247
15 0.46164736537348 0.7149038461538462 0.007255356108859293 0.004078249336870027
15 0.6441719745222929 0.7175033156498674 0.005193977996525768 0.01192970822281167
15 0.6745888824551246 0.7178647214854111 0.0023335263462652 0.015305039787798408
20 0.6312159814707585 0.719883952254642 0.00939200926462073 0.012712201591511938
15 0.5781325998841922 0.720079575596817 0.006294151708164447 0.01310344827586207
20 0.6599739432541981 0.7206167108753316 0.010162130862767805 0.015503978779840848
1 0.4457295888824551 0.7242042440318301 0.007845975680370586 0.004111405835543766
15 0.0849189345686161 0.7247413793103449 0.004232773595830921 0.013143236074270558
15 0.09427909669947886 0.7252122015915119 0.003265778807180081 0.010106100795755968
1 0.0797481181239143 0.7252884615384615 0.003155761436016213 0.014237400530503978
15 0.11067458019687318 0.7268070291777189 0.003630573248407643 0.010643236074270557
15 0.11778228141285466 0.7274071618037136 0.003949044585987261 0.010517241379310344
15 0.10146207295888825 0.7271120689655172 0.002576722640416908 0.012579575596816975
9 0.3555298204979734 0.7307791777188329 0.11928199189345687 0.12999336870026526
1 0.44511580775911985 0.7358156498673739 0.011250723798494499 0.006114058355437667
1 0.6670700636942675 0.7414820954907162 0.0046670526925304 0.014794429708222812
1 0.6758396062536189 0.7416976127320956 0.004834973943254198 0.011246684350132626
15 0.68497104806022 0.7417705570291777 0.003410538506079907 0.012718832891246683
15 0.6596207295888824 0.7419131299734748 0.0036653155761436017 0.011677718832891246
15 0.6920440069484656 0.7430636604774535 0.0036595251881876086 0.0113262599469496
15 0.6534250144759698 0.7431366047745359 0.004012738853503185 0.012798408488063661
15 0.8654603358425015 0.7431531830238727 0.01117544875506659 0.006200265251989389
15 0.8469947886508395 0.7447546419098142 0.008986682107701215 0.0054244031830238725
1 0.2689953676896352 0.7449171087533156 0.011065431383902721 0.007075596816976127
15 0.10489577301679212 0.74690649867374 0.004811812391430226 0.012380636604774536
20 0.0895859872611465 0.7482327586206897 0.01356687898089172 0.017685676392572944
20 0.8471250723798494 0.7625298408488064 0.009247249565720903 0.019754641909814324
15 0.5661262304574407 0.7630470822281167 0.010075275043427909 0.0048740053050397875
15 0.1064157498552403 0.7655570291777188 0.004377533294730747 0.009893899204244033
15 0.09039953676896352 0.7671618037135279 0.012877822814128546 0.005145888594164456
15 0.5812651997683845 0.7684449602122017 0.004452808338158657 0.01566976127320955
9 0.7260538506079908 0.7752718832891246 0.0172495657209033 0.02003978779840849
15 0.8459669947886508 0.7797181697612733 0.011563404748118124 0.00373342175066313
15 0.8677359583092067 0.7797181697612733 0.008778228141285467 0.00373342175066313
1 0.08352924145917776 0.7829708222811671 0.0037695425593514765 0.01156498673740053
20 0.5647452229299363 0.7843302387267904 0.011945570353213664 0.016936339522546418
20 0.5455500868558193 0.7841511936339522 0.010613781123335263 0.015251989389920425
15 0.09154603358425015 0.7845623342175065 0.0047481181239143015 0.013421750663129972
15 0.5808251302837291 0.7884449602122016 0.0024145917776491025 0.01190318302387268
15 0.5876491024898668 0.7884449602122016 0.004481760277938622 0.01190318302387268
15 0.5953995367689636 0.7886604774535809 0.002611464968152866 0.012334217506631301
15 0.6025361899247249 0.7888759946949602 0.004145917776491025 0.01276525198938992
15 0.8664910248986682 0.7893899204244033 0.009762594093804285 0.004509283819628647
15 0.8665547191661841 0.7979542440318302 0.009889982628836131 0.005722811671087534
1 0.27024898668210773 0.8049701591511936 0.00546612623045744 0.010470822281167108
1 0.4484308048639259 0.8067572944297081 0.009774174869716271 0.008740053050397878
15 0.8678894035900405 0.8086273209549072 0.009085118702953098 0.003196286472148541
15 0.5595309785755646 0.8099867374005305 0.0038332368268674004 0.011220159151193634
1 0.5762536189924725 0.8102022546419099 0.0048523451071221775 0.011651193633952254
15 0.5671713954834974 0.8114953580901856 0.00521713954834974 0.010258620689655173
1 0.5521424435437174 0.8114257294429709 0.004111175448755066 0.01277188328912467
15 0.27618123914302256 0.8147911140583554 0.00459177764910249 0.00756631299734748
9 0.605917776491025 0.8173209549071618 0.023647944412275624 0.024562334217506632
15 0.865825130283729 0.8177785145888594 0.010746960046323103 0.0029310344827586207
15 0.2815865662999421 0.8204575596816976 0.0015055008685581934 0.010941644562334218
9 0.09394904458598727 0.8267241379310345 0.018818760856977416 0.027453580901856765
1 0.8681933989577301 0.8272811671087533 0.009693109438332367 0.004694960212201591
1 0.2881470758540822 0.8285875331564987 0.004203821656050956 0.011286472148541114
15 0.41590040532715694 0.8304509283819628 0.008407643312101911 0.009708222811671089
20 0.848341053850608 0.8320457559681697 0.010521134916039376 0.01952917771883289
15 0.8663404748118124 0.8359084880636605 0.010619571511291257 0.003381962864721485
20 0.11603358425014475 0.839353448275862 0.009716270990156341 0.01955570291777188
1 0.40579328314997104 0.8423275862068965 0.007880718008106543 0.008262599469496023
1 0.4261609727851766 0.8431399204244031 0.009241459177764911 0.009887267904509283
15 0.866644470179502 0.844645225464191 0.010069484655471916 0.004940318302387268
15 0.8660364794441228 0.8539688328912467 0.010011580775911985 0.005019893899204244
15 0.3101505500868558 0.8588295755968169 0.003045744064852345 0.013415119363395225
15 0.867582513028373 0.8630172413793104 0.008471337579617835 0.004549071618037135
1 0.10031557614360162 0.8643600795755968 0.0037579617834394906 0.012539787798408489
15 0.08411986103068905 0.864751326259947 0.0037927041111754487 0.01199602122015915
15 0.09148812970469021 0.8648309018567639 0.003474232773595831 0.009502652519893899
9 0.7250665894614939 0.8659118037135279 0.019907353792704113 0.020948275862068967
1 0.35990735379270405 0.8708023872679046 0.004122756224667053 0.014814323607427056
20 0.1148407643312102 0.8763892572944297 0.009646786334684423 0.015377984084880638
1 0.7465720903300521 0.8837102122015915 0.005014475969889983 0.014104774535809017
15 0.09885929357266936 0.8839953580901857 0.0031615518239722063 0.014675066312997347
15 0.32718297625940934 0.8883057029177719 0.0035263462651997685 0.014011936339522546
1 0.7017776491024899 0.8891545092838197 0.004597568037058483 0.007751989389920424
1 0.3616010422698321 0.8895822281167108 0.004035900405327157 0.00993368700265252
1 0.6855095541401274 0.8920324933687003 0.004487550665894615 0.0148342175066313
15 0.6943891140706427 0.8923176392572945 0.0014012738853503184 0.012751989389920424
15 0.677556456282571 0.8927486737400531 0.0036363636363636364 0.013614058355437667
15 0.11471337579617835 0.8936007957559682 0.00707585408222351 0.004708222811671087
15 0.5430428488708744 0.8948342175066314 0.00444122756224667 0.012480106100795757
15 0.5995628257093225 0.8954078249336871 0.002831499710480602 0.01230106100795756
1 0.6082049797336421 0.8954078249336871 0.003902721482339317 0.01230106100795756
15 0.5906687898089172 0.8955503978779841 0.003572669368847713 0.011259946949602122
9 0.42514475969889987 0.8965550397877985 0.10796178343949044 0.06366710875331566
15 0.11279675738274465 0.9044131299734748 0.00671685002895194 0.0037864721485411142
1 0.7535813549507817 0.9063892572944298 0.003977996525767227 0.015696286472148543
15 0.3251766068326578 0.9075895225464191 0.004145917776491025 0.01146551724137931
1 0.3606601042269832 0.9088859416445623 0.005628257093225246 0.014058355437665782
15 0.6785610885929357 0.9121949602122016 0.0033294730746960045 0.012718832891246683
15 0.6839403590040533 0.911674403183024 0.0036653155761436017 0.011677718832891246
15 0.6930081065431384 0.913183023872679 0.004429646786334685 0.010716180371352786
15 0.6274088013896931 0.9202818302387269 0.0029357266936884774 0.010324933687002652
15 0.6128951939779965 0.9210013262599469 0.004018529241459178 0.013090185676392571
15 0.634169079328315 0.9221518567639257 0.003717429067747539 0.01273872679045093
15 0.6199073537927041 0.9228713527851459 0.0029878401852924145 0.011525198938992042
15 0.32718297625940934 0.9252387267904509 0.0035263462651997685 0.00962864721485411
1 0.36178922987840184 0.9258852785145888 0.004412275622466705 0.010921750663129972
1 0.06453966415749855 0.9259748010610079 0.004006948465547192 0.015079575596816976
1 0.41882744643891145 0.9486007957559682 0.011945570353213664 0.0046286472148541116
1 0.06359872611464967 0.9500331564986738 0.00444122756224667 0.012798408488063661
15 0.7245946728430804 0.09743368700265252 0.00390851187029531 0.010517241379310344
15 0.734203821656051 0.09743368700265252 0.003439490445859873 0.010517241379310344
15 0.6585958309206716 0.09915119363395226 0.003931673422119282 0.012625994694960212
15 0.6503734800231615 0.09939655172413792 0.006016213086276781 0.013116710875331566
15 0.7336045165026056 0.11494363395225465 0.003398957730167921 0.009728116710875331
15 0.7241140706427331 0.1153945623342175 0.004105385060799074 0.013282493368700266
1 0.9279646786334684 0.11687002652519894 0.008795599305153445 0.005623342175066313
15 0.6593456861609728 0.11701923076923078 0.004273306311522872 0.011226790450928382
15 0.8967573827446439 0.11694297082228117 0.003126809496236248 0.011074270557029177
15 0.9035205558772439 0.11708222811671087 0.003914302258251303 0.011352785145888595
15 0.6493485813549508 0.11833885941644563 0.0062825709322524605 0.011213527851458885
1 0.24411407064273305 0.12517241379310345 0.00994209612044007 0.0049867374005305035
1 0.5244151708164447 0.12612732095490714 0.004244354371742907 0.010875331564986736
1 0.2716126230457441 0.12734416445623342 0.0047191661841343375 0.013309018567639257
15 0.25525767226404167 0.1278050397877984 0.004435437174290678 0.012904509283819629
1 0.2969513607411697 0.12806366047745357 0.00444122756224667 0.01209549071618037
15 0.2878430804863926 0.12838196286472148 0.0047539085118702955 0.011405835543766578
15 0.5087955993051535 0.12806366047745357 0.004273306311522872 0.013421750663129972
15 0.31230746960046324 0.12820623342175066 0.002727272727272727 0.012380636604774536
1 0.46360741169658365 0.12842506631299735 0.003068905616676317 0.0101657824933687
15 0.26258251302837293 0.1288395225464191 0.0040301100173711635 0.013647214854111404
15 0.30397510133178923 0.1288395225464191 0.003433700057903879 0.013647214854111404
15 0.348355529820498 0.12938328912466845 0.0030225825130283726 0.013408488063660476
15 0.5326925303995368 0.12920424403183023 0.002269832078749276 0.010397877984084881
1 0.4549536768963521 0.1294263925729443 0.003132599884192241 0.013494694960212203
1 0.5488274464389115 0.12920424403183023 0.005587724377533295 0.013050397877984085
15 0.5143688477127968 0.12931697612732096 0.003839027214823393 0.011949602122015915
15 0.27969310943833237 0.12949933687002652 0.003508975101331789 0.012314323607427055
15 0.3560277938621888 0.12967175066312997 0.004470179502026636 0.013985411140583555
1 0.31986392588303414 0.12994694960212202 0.003943254198031268 0.013209549071618039
1 0.3622408801389693 0.12960875331564986 0.0029994209612044004 0.01253315649867374
1 0.4800463231036479 0.1304210875331565 0.004678633468442385 0.0115053050397878
15 0.5399536768963521 0.13034482758620689 0.004053271569195136 0.012679045092838197
20 0.37667631731325996 0.13042440318302387 0.008708743485813549 0.022122015915119364
20 0.3336624203821656 0.131223474801061 0.013011001737116386 0.019741379310344826
20 0.40457151129125657 0.13224801061007957 0.01585987261146497 0.02046419098143236
20 0.8518645049218299 0.13247015915119362 0.017568037058482918 0.019582228116710877
1 0.7240764331210191 0.13342838196286472 0.005188187608569775 0.012214854111405837
1 0.7330023161551824 0.13391909814323608 0.0033526346265199767 0.011870026525198939
15 0.24326288361320209 0.13569297082228116 0.009397799652576724 0.004807692307692308
15 0.839264620729589 0.1378713527851459 0.002790966994788651 0.010490716180371352
20 0.6470150550086856 0.14500994694960212 0.013196294151708164 0.020789124668435015
15 0.2640909090909091 0.14611405835543767 0.0024145917776491025 0.00973474801061008
15 0.29645049218297626 0.14579575596816977 0.003439490445859873 0.013076923076923076
1 0.2797683844817603 0.14625663129973476 0.0036595251881876086 0.012672413793103448
15 0.2878199189345686 0.14622679045092837 0.0035495078170237407 0.011286472148541114
15 0.27221771858714533 0.14637267904509282 0.002455124493341054 0.011578249336870027
15 0.3035726693688477 0.14669098143236076 0.003786913723219456 0.010888594164456235
1 0.25513317892298787 0.14634283819628646 0.004186450492182976 0.010192307692307691
15 0.3112738853503185 0.14694628647214855 0.004134337000579039 0.012725464190981433
15 0.4713057324840765 0.14725795755968168 0.003410538506079907 0.012022546419098142
15 0.24363636363636362 0.14808023872679046 0.010144759698899827 0.0057095490716180365
1 0.47996236247828605 0.14911803713527852 0.0033526346265199767 0.013090185676392571
20 0.855764331210191 0.15711206896551724 0.011470758540822234 0.014489389920424403
15 0.839930515344528 0.15775862068965518 0.004122756224667053 0.010477453580901857
1 0.822498552403011 0.1575762599469496 0.0040011580775911985 0.011438992042440319
1 0.8315807759119862 0.1582659151193634 0.0036363636363636364 0.011492042440318302
15 0.8138419224088015 0.1584051724137931 0.004059061957151129 0.011770557029177718
1 0.6400868558193399 0.16819297082228116 0.003972206137811234 0.012778514588859416
20 0.6968152866242039 0.1689688328912467 0.014360162130862768 0.01963527851458886
15 0.6489779965257673 0.16864389920424402 0.005541401273885351 0.013680371352785145
15 0.7309872611464968 0.16981432360742704 0.003954834973943254 0.012042440318302388
15 0.6596786334684425 0.16963527851458887 0.0037811233352634628 0.013010610079575597
1 0.7151042269832079 0.1697579575596817 0.004614939200926462 0.01192970822281167
15 0.739128546612623 0.16991379310344829 0.005182397220613781 0.01356763925729443
15 0.7214881297046902 0.1697314323607427 0.003485813549507817 0.014529177718832892
15 0.8322321945570353 0.17528514588859415 0.0037811233352634628 0.011047745358090185
15 0.8395628257093225 0.17598806366047745 0.003387376954255935 0.012453580901856765
15 0.8210712217718588 0.17675066312997348 0.003462651997683845 0.013978779840848806
15 0.8143080486392588 0.1767340848806366 0.00267515923566879 0.012619363395225465
20 0.8571569195136074 0.17901856763925728 0.009623624782860453 0.01453580901856764
15 0.8022032426172553 0.18151525198938995 0.003943254198031268 0.011571618037135278
15 0.7919281991893458 0.18167108753315647 0.0030804863925883038 0.013209549071618039
15 0.7811870295309785 0.18175397877984084 0.003601621308627678 0.013375331564986739
15 0.7717718587145338 0.18337533156498673 0.0044585987261146496 0.012639257294429707
15 0.12190214244354372 0.18442970822281168 0.004082223508975101 0.010769230769230769
1 0.13819339895773017 0.1974502652519894 0.014661262304574407 0.006306366047745358
15 0.7709119861030689 0.200460875331565 0.002738853503184714 0.01100132625994695
15 0.7807093225246092 0.20078580901856766 0.003804284887087435 0.010324933687002652
15 0.7906022003474232 0.20133289124668435 0.0027446438911407065 0.010092838196286473
15 0.7997365373480023 0.20237732095490715 0.002484076433121019 0.012181697612732096
9 0.7317052692530399 0.20226127320954906 0.023920092646207296 0.018580901856763924
9 0.6500289519397799 0.20333554376657825 0.030804863925883035 0.015424403183023874
20 0.6984076433121019 0.20455901856763928 0.016386797915460338 0.01787135278514589
15 0.145830920671685 0.21388594164456234 0.0044585987261146496 0.013978779840848806
15 0.12252750434279096 0.21386273209549073 0.00301679212507238 0.009953580901856763
15 0.13737984944991313 0.21351127320954907 0.002611464968152866 0.01190318302387268
1 0.1303300521134916 0.2148375331564987 0.0024088013896931097 0.010576923076923076
15 0.8266589461493921 0.22152519893899206 0.004215402431962942 0.012015915119363396
1 0.6838708743485814 0.23161472148541112 0.0046844238563983785 0.01230106100795756
20 0.6973393167342212 0.232881299734748 0.0142501447596989 0.018812997347480105
1 0.7128430804863926 0.23318633952254642 0.00588303416328894 0.015444297082228116
15 0.40834105385060804 0.23574602122015914 0.008343949044585987 0.004648541114058356
1 0.3774290677475391 0.2364787798408488 0.009056166763173133 0.003461538461538461
1 0.46294730746960044 0.2368998673740053 0.011013317892298783 0.004303713527851459
1 0.3923827446438911 0.23671750663129976 0.011169658367110596 0.005265251989389921
1 0.4467544875506659 0.23688660477453582 0.009895773016792125 0.0029509283819628648
15 0.42606832657788074 0.23704244031830238 0.009056166763173133 0.0045888594164456235
15 0.47840185292414594 0.2371684350132626 0.010654313839027214 0.0035145888594164455
15 0.4949739432541981 0.2374502652519894 0.009056166763173133 0.004078249336870027
1 0.7682947307469601 0.2385179045092838 0.004452808338158657 0.018149867374005306
1 0.8139056166763173 0.24104774535809018 0.004186450492182976 0.013925729442970823
15 0.12172553561088593 0.24236737400530506 0.004887087434858136 0.015238726790450928
15 0.8249276201505501 0.24306034482758623 0.003068905616676317 0.011319628647214855
1 0.9126635784597569 0.24567970822281168 0.004829183555298205 0.016558355437665782
1 0.42579907353792706 0.24621021220159153 0.010833815865663 0.004356763925729443
15 0.44571221771858716 0.24619694960212202 0.008969310943833237 0.003003978779840849
15 0.4778141285466126 0.2463527851458886 0.011795020266357847 0.004641909814323607
15 0.3931818181818182 0.24666114058355437 0.009293572669368848 0.002606100795755968
15 0.4626288361320209 0.24723806366047743 0.01037637521713955 0.005086206896551724
1 0.494962362478286 0.2468998673740053 0.00787492762015055 0.004409814323607427
15 0.37655761436016216 0.24736405835543765 0.010787492762015054 0.004011936339522546
15 0.4106745801968732 0.24736405835543765 0.013011001737116386 0.004011936339522546
9 0.8726867400115809 0.2478448275862069 0.015205558772437754 0.01956233421750663
1 0.7389548349739432 0.2586107427055703 0.0036768963520555876 0.010590185676392574
1 0.7293341053850607 0.2586505305039788 0.005280833815865663 0.013322281167108754
15 0.8260509554140127 0.2600066312997347 0.0029994209612044004 0.012055702917771883
1 0.7528343949044586 0.26053050397877986 0.0036421540243196295 0.01310344827586207
1 0.8157527504342791 0.26053050397877986 0.0020903300521134915 0.01310344827586207
1 0.7606079907353792 0.26059350132625997 0.004134337000579039 0.010576923076923076
1 0.7687463810075275 0.26160145888594166 0.0041980312680949625 0.009940318302387268
1 0.9123566878980892 0.27291445623342175 0.004215402431962942 0.011346153846153846
1 0.6721858714533874 0.27721485411140584 0.00795020266357846 0.005358090185676393
1 0.8218905616676317 0.2779575596816976 0.003943254198031268 0.010822281167108753
1 0.8371974522292993 0.2785477453580902 0.004447017950202663 0.010676392572944298
1 0.876583671105964 0.2785477453580902 0.0033121019108280254 0.010676392572944298
15 0.8702345107122177 0.27878647214854113 0.0021945570353213667 0.00850132625994695
1 0.8148784018529242 0.2793136604774536 0.004973943254198031 0.010881962864721486
1 0.7392646207295889 0.2795557029177719 0.005454545454545454 0.010039787798408488
1 0.8456079907353793 0.27913793103448276 0.002738853503184714 0.009204244031830238
1 0.7999942096120439 0.2796651193633952 0.0029994209612044004 0.011584880636604775
1 0.8525303995367689 0.2798375331564987 0.0015286624203821656 0.01192970822281167
1 0.7698378691372322 0.2799701591511936 0.0017486971627099016 0.008216180371352785
1 0.6912275622466705 0.27950596816976125 0.00897510133178923 0.0033090185676392576
1 0.7082628836132021 0.280275198938992 0.009461493920092646 0.004847480106100795
15 0.8619803126809497 0.2801856763925729 0.005373480023161552 0.011299734748010609
1 0.7634337000579039 0.281959549071618 0.003995367689635205 0.010868700265251989
1 0.2879038795599305 0.28355769230769234 0.004875506658946149 0.016717506631299735
1 0.12054429646786335 0.2866246684350133 0.00484076433121019 0.014893899204244032
15 0.12889982628836133 0.28699933687002654 0.0053387376954255935 0.012990716180371353
9 0.32806311522872034 0.28848806366047747 0.05276780544296467 0.037188328912466845
1 0.7102692530399537 0.2886604774535809 0.008841922408801389 0.004376657824933686
15 0.6934742327735959 0.29078249336870027 0.008836132020845397 0.0033156498673740055
15 0.47304863925883034 0.2912002652519894 0.011528662420382165 0.005477453580901856
15 0.6764360162130862 0.291303050397878 0.007185871453387377 0.003030503978779841
9 0.22651418645049218 0.2919927055702918 0.11139548349739432 0.03756631299734748
15 0.5392530399536769 0.29615384615384616 0.003810075275043428 0.01273209549071618
15 0.8685958309206717 0.29709549071618035 0.0023914302258251302 0.010636604774535808
1 0.7106890561667631 0.297393899204244 0.006207295888824552 0.004602122015915119
1 0.8444209612044007 0.29844827586206896 0.0026809496236247826 0.00936339522546419
15 0.8777996525767227 0.2983786472148541 0.0045859872611464965 0.009224137931034482
15 0.6921974522292993 0.29874668435013263 0.008598726114649681 0.003328912466843501
1 0.8525651418645049 0.2994297082228117 0.005072379849449913 0.012652519893899204
15 0.6740677475390852 0.2990981432360743 0.008239722061378112 0.00403183023872679
15 0.47394614939200924 0.3018335543766578 0.00753329473074696 0.0028713527851458886
15 0.1295020266357846 0.3045059681697613 0.003068905616676317 0.010868700265251989
1 0.709959467284308 0.3079708222811671 0.007064273306311522 0.003209549071618037
15 0.6921048060220035 0.30901193633952256 0.007255356108859293 0.003965517241379311
15 0.6767979154603359 0.30949933687002656 0.006751592356687898 0.002287798408488064
15 0.47364794441227565 0.3098474801061008 0.006936884771279676 0.0029840848806366046
15 0.7101737116386798 0.31746352785145887 0.0074927620150550085 0.0023010610079575596
15 0.6770411117544876 0.3178149867374005 0.007237984944991315 0.003003978779840849
15 0.6589722061378113 0.3185809018567639 0.007000579038795599 0.003209549071618037
15 0.6926519976838449 0.31924071618037136 0.00834973943254198 0.001876657824933687
1 0.4740822235089751 0.31955570291777186 0.008963520555877244 0.00383289124668435
1 0.12915170816444702 0.32140583554376656 0.0035263462651997685 0.011511936339522546
9 0.3476259409380429 0.3255736074270557 0.015460335842501447 0.009237400530503979
15 0.6593920092646207 0.3273839522546419 0.004365952518818761 0.0035742705570291776
15 0.675885929357267 0.3275994694960212 0.004927620150550087 0.006657824933687002
1 0.7107209033005211 0.3274867374005305 0.008587145338737695 0.0037798408488063664
15 0.47352634626519974 0.3283189655172414 0.011325998841922409 0.004118037135278515
15 0.6926548928778228 0.32832228116710876 0.009513607411696583 0.0027984084880636603
15 0.15707006369426751 0.3317838196286472 0.002617255356108859 0.01370026525198939
15 0.18710191082802546 0.3317838196286472 0.0036189924724956573 0.01370026525198939
15 0.2589577301679213 0.3323773209549072 0.0037290098436595256 0.010908488063660477
15 0.1647481181239143 0.3332128647214854 0.004076433121019108 0.012579575596816975
15 0.17166473653734798 0.3332128647214854 0.0028546612623045744 0.012579575596816975
15 0.17846554719166183 0.3332128647214854 0.002559351476548929 0.012579575596816975
15 0.25101910828025475 0.3338096816976127 0.0029067747539085116 0.011120689655172414
1 0.24230167921250723 0.3341080901856764 0.0040011580775911985 0.010391246684350132
15 0.2155848291835553 0.3343136604774536 0.0026809496236247826 0.012128647214854111
20 0.19870874348581355 0.33607758620689654 0.010619571511291257 0.01963527851458886
1 0.7096583671105964 0.33705901856763926 0.007620150550086856 0.004356763925729443
20 0.2260046323103648 0.33698607427055705 0.011939779965257673 0.016147214854111407
15 0.47302258251302837 0.33768567639257296 0.009160393746381008 0.0042838196286472145
15 0.6929009843659526 0.33747347480106105 0.011163867979154604 0.00253315649867374
15 0.659163288940359 0.33757957559681695 0.010856977417486972 0.004071618037135278
15 0.6762825709322525 0.3402287798408488 0.006878980891719746 0.0053912466843501336
15 0.11651997683844817 0.34143236074270555 0.004898668210770122 0.01310344827586207
15 0.10820497973364215 0.34176724137931036 0.005639837869137233 0.013773209549071618
15 0.6754024319629416 0.3460344827586207 0.007434858135495078 0.003740053050397878
15 0.6903850607990736 0.3469761273209549 0.013080486392588303 0.004297082228116711
15 0.4736624203821656 0.3468401856763926 0.00812391430225825 0.0026989389920424405
1 0.7116589461493921 0.34707891246684347 0.0058309206716850035 0.004502652519893899
15 0.47353792704111175 0.3546485411140583 0.00787492762015055 0.003726790450928382
1 0.6935292414591777 0.3547679045092838 0.006629994209612043 0.003965517241379311
1 0.7112044006948466 0.3553580901856764 0.006079907353792704 0.003819628647214854
1 0.679200926462073 0.3568932360742706 0.0080833815865663 0.004237400530503979
15 0.6582484076433122 0.35649204244031835 0.009027214823393167 0.007413793103448276
15 0.10855240301100173 0.35921750663129975 0.0028604516502605676 0.011538461538461537
15 0.11564562825709322 0.3598507957559682 0.0031499710480602204 0.011478779840848805
9 0.36443833236826867 0.3625232095490716 0.021291256514186452 0.016823607427055704
1 0.4740445859872611 0.36443965517241383 0.010046323103647945 0.0047413793103448275
1 0.7095975680370584 0.3665649867374005 0.008656629994209611 0.005013262599469496
15 0.6737637521713954 0.36638594164456234 0.007631731325998842 0.003328912466843501
20 0.26105964099594675 0.36733090185676387 0.014881297046902142 0.019807692307692307
20 0.2912246670526925 0.36744363395225466 0.01035900405327157 0.01870689655172414
15 0.30444991314418063 0.36799734748010615 0.0032252460914881298 0.011856763925729442
15 0.27617544875506655 0.36750663129973477 0.005738274464389114 0.01352785145888594
15 0.2485060799073538 0.36782493368700264 0.0036711059640995945 0.012838196286472148
20 0.31772437753329474 0.3697248010610079 0.014719166184134339 0.01796419098143236
15 0.4728141285466126 0.37373342175066315 0.007585408222350897 0.0034350132625994693
1 0.7090474811812392 0.374946949602122 0.006398378691372322 0.003209549071618037
15 0.6900434279096699 0.3752984084880637 0.008922987840185293 0.005238726790450929
9 0.7951100173711638 0.3802221485411141 0.07198031268094962 0.11588196286472148
15 0.47293862188766644 0.3818236074270557 0.007834394904458598 0.0050265251989389925
1 0.7101158077591198 0.3822214854111406 0.008535031847133757 0.0044960212201591515
9 0.5172524609148813 0.3830802387267904 0.022345107122177188 0.015497347480106102
15 0.6580023161551823 0.38410477453580905 0.007376954255935148 0.005610079575596817
15 0.6418152866242038 0.3839257294429708 0.0074290677475390855 0.0039257294429708225
15 0.6927707006369427 0.38416777188328916 0.006270990156340475 0.0030835543766578252
1 0.6755906195715112 0.3845159151193634 0.011285466126230456 0.0037798408488063664
1 0.6267602779386219 0.38598143236074267 0.010903300521134914 0.005384615384615384
1 0.874088013896931 0.39139920424403185 0.009901563404748119 0.00693633952254642
15 0.47352634626519974 0.39186671087533154 0.006693688477127968 0.0038925729442970823
1 0.8569571511291256 0.3921054376657825 0.011540243196294151 0.0070225464190981435
1 0.6435495078170238 0.3932493368700265 0.009739432541980312 0.004005305039787799
15 0.6923480023161551 0.39342506631299734 0.007741748697162709 0.004356763925729443
1 0.675958309206717 0.3946087533156499 0.012020845396641576 0.004071618037135278
15 0.7114504921829762 0.39513262599469495 0.007730167921250724 0.005119363395225464
15 0.4725709322524609 0.4009681697612732 0.007099015634047481 0.004854111405835544
1 0.32845975680370587 0.4011007957559682 0.009554140127388535 0.005119363395225464
1 0.6273335263462652 0.40497679045092844 0.00857556456282571 0.004913793103448276
15 0.6446381007527504 0.40650530503978777 0.006126230457440649 0.003992042440318302
1 0.7081673422119282 0.40650530503978777 0.006954255935147655 0.003992042440318302
1 0.6927707006369427 0.40744694960212197 0.006270990156340475 0.004549071618037135
15 0.4744238563983787 0.4108819628647215 0.0073306311522872035 0.004787798408488064
1 0.2706745801968732 0.4114588859416446 0.010949623624782861 0.004615384615384615
15 0.2871858714533874 0.4116246684350133 0.010387955993051536 0.004946949602122016
15 0.3256716850028952 0.4119230769230769 0.009768384481760279 0.004217506631299735
15 0.3655500868558193 0.4119496021220159 0.010775911986103068 0.005596816976127321
15 0.31136942675159235 0.41225795755968164 0.01011580775911986 0.004887267904509284
20 0.34665894614939197 0.4145722811671087 0.012368268674001157 0.014820954907161805
1 0.6426375217139548 0.4151359416445623 0.0079154603358425 0.004011936339522546
15 0.6769513607411697 0.4151359416445623 0.007058482918355529 0.004011936339522546
15 0.6597336421540243 0.4158355437665783 0.008523451071221773 0.005411140583554377
1 0.7095657209033006 0.4169496021220159 0.006276780544296468 0.006312997347480106
15 0.2862594093804285 0.4214820954907162 0.012009264620729588 0.00476790450928382
1 0.27108280254777073 0.42165119363395226 0.01060799073537927 0.005106100795755969
1 0.312507237984945 0.42165119363395226 0.01123335263462652 0.005106100795755969
15 0.3655008685581934 0.4219827586206897 0.010677475390851187 0.004442970822281167
15 0.3282310364794441 0.42245026525198937 0.011412854661262305 0.005377984084880636
1 0.14126809496236248 0.42551392572944297 0.011546033584250145 0.006200265251989389
1 0.1585031847133758 0.42551392572944297 0.011273885350318471 0.006200265251989389
1 0.692562246670527 0.4349005305039788 0.008170237405906196 0.005079575596816976
1 0.675862767805443 0.4348972148541114 0.009513607411696583 0.003746684350132626
1 0.6591285466126231 0.435487400530504 0.008471337579617835 0.0036007957559681695
1 0.6929241459177765 0.4430039787798408 0.0065778807180081065 0.002718832891246684
1 0.6581557614360162 0.4447446949602122 0.007683844817602779 0.0048740053050397875
15 0.8594846554719165 0.45128315649867373 0.002698320787492762 0.009993368700265253
15 0.8687463810075275 0.4516379310344828 0.002692530399536769 0.012029177718832891
15 0.8545657209033005 0.4535145888594164 0.00328314997104806 0.011803713527851459
1 0.8777070063694268 0.45355769230769233 0.003242617255356109 0.01586870026525199
1 0.6946525767226404 0.456303050397878 0.006560509554140128 0.006770557029177719
1 0.6762246670526925 0.4569562334217507 0.007921250723798495 0.004098143236074271
1 0.6760364794441228 0.4652354111405836 0.005228720324261725 0.0020888594164456234
1 0.6936855819339895 0.4655868700265252 0.00810075275043428 0.004118037135278515
15 0.4167544875506659 0.4680404509283819 0.00548349739432542 0.011677718832891246
15 0.4249420961204401 0.4682559681697613 0.005645628257093225 0.012108753315649869
15 0.4087376954255935 0.4686870026525199 0.003346844238563984 0.012970822281167109
15 0.4011001737116387 0.4689025198938992 0.005442964678633469 0.01340185676392573
1 0.7146323103647945 0.47414787798408486 0.004829183555298205 0.010629973474801062
1 0.7859988419224089 0.4744330238726791 0.005118702953097858 0.013852785145888594
1 0.724924724956572 0.4745623342175066 0.003410538506079907 0.01013262599469496
1 0.7705414012738853 0.4744960212201591 0.005471916618413434 0.0113262599469496
15 0.8361928199189346 0.47515583554376656 0.0024377533294730747 0.009993368700265253
1 0.7385031847133758 0.47484416445623345 0.003931673422119282 0.012022546419098142
1 0.7629762594093805 0.4752619363395226 0.0030804863925883038 0.011531830238726792
1 0.7540156340474812 0.4755039787798408 0.0025303995367689635 0.010689655172413794
1 0.7950723798494499 0.4751956233421751 0.002420382165605095 0.012725464190981433
1 0.8290590619571512 0.4755470822281167 0.00438332368268674 0.014754641909814323
1 0.7313346844238564 0.4753249336870026 0.0034916039374638104 0.009005305039787798
1 0.7473074696004631 0.4756797082228117 0.0030110017371163867 0.011041114058355436
1 0.8739519397799653 0.4754575596816976 0.008471337579617835 0.0052917771883289125
1 0.7793138390272148 0.4756763925729443 0.0021713954834973945 0.009708222811671089
1 0.6771019108280255 0.4764423076923077 0.006201505500868559 0.0032824933687002652
1 0.6930167921250723 0.47637267904509284 0.007921250723798495 0.004469496021220159
15 0.8755906195715113 0.4852685676392573 0.00827446438911407 0.0036936339522546423
15 0.4094267515923567 0.4871253315649868 0.0035668789808917197 0.011385941644562336
15 0.4262594093804285 0.4874701591511936 0.004806022003474233 0.012075596816976128
15 0.8445744064852345 0.4930371352785146 0.0029878401852924145 0.009946949602122016
15 0.8516531557614361 0.4930371352785146 0.003248407643312102 0.009946949602122016
1 0.8186160972785177 0.49338859416445624 0.0055008685581933985 0.010649867374005305
15 0.8297828604516503 0.4943965517241379 0.002356687898089172 0.010013262599469495
15 0.8360393746381007 0.49516246684350135 0.0021308627678054432 0.010218832891246685
15 0.8756832657788072 0.49553381962864723 0.009617834394904459 0.004330238726790451
15 0.8593659525188188 0.4972579575596817 0.004777070063694267 0.014409814323607427
15 0.8757440648523451 0.5046783819628647 0.008581354950781703 0.0027254641909814324
15 0.6073393167342211 0.50717175066313 0.0021713954834973945 0.013017241379310344
15 0.6396844238563983 0.50717175066313 0.0043254198031268095 0.013017241379310344
1 0.6183931673422118 0.5073474801061009 0.002275622466705269 0.01336870026525199
1 0.6273161551823973 0.5084250663129973 0.00390851187029531 0.01419761273209549
1 0.7689635205558772 0.5107924403183024 0.004632310364794441 0.014953580901856764
1 0.718370005790388 0.5112102122015915 0.005356108859293573 0.01446286472148541
1 0.7568731905037637 0.5112102122015915 0.003613202084539664 0.01446286472148541
1 0.7062825709322524 0.5111007957559682 0.0055008685581933985 0.011591511936339522
1 0.7312738853503186 0.5119761273209549 0.004528083381586567 0.0146684350132626
1 0.7855414012738854 0.5121087533156499 0.004203821656050956 0.010954907161803713
1 0.7787376954255936 0.5123507957559682 0.0033352634626519976 0.010112732095490717
15 0.8765055008685582 0.5128912466843502 0.010104226983207875 0.0032360742705570293
1 0.7931673422119282 0.5129774535809019 0.005558772437753329 0.01136604774535809
1 0.7459148812970469 0.5135477453580901 0.006016213086276781 0.017811671087533155
20 0.4434105385060799 0.5200729442970822 0.015946728430804864 0.021578249336870026
1 0.4254545454545455 0.5217473474801061 0.006670526925303995 0.01829575596816976
1 0.4139316734221193 0.5273507957559682 0.0033121019108280254 0.01226127320954907
20 0.8739808917197452 0.5309184350132626 0.015477707006369428 0.01939655172413793
9 0.8355414012738853 0.538050397877984 0.03587724377533295 0.031007957559681696
1 0.7073161551823973 0.5377884615384615 0.005251881876085698 0.011916445623342174
1 0.7187927041111755 0.53907824933687 0.0038853503184713375 0.013169761273209549
9 0.5673451071221771 0.5403282493368701 0.03914881297046902 0.019648541114058355
9 0.6243833236826867 0.5421087533156499 0.050156340474811816 0.01790450928381963
1 0.4248291835552982 0.5507161803713528 0.0042617255356108864 0.01257294429708223
1 0.4138158656629994 0.5512897877984085 0.005396641574985524 0.012393899204244033
15 0.6628054429646786 0.55565649867374 0.010034742327735957 0.0038859416445623345
1 0.36178922987840184 0.5561803713527852 0.005570353213665315 0.01156498673740053
1 0.3693022582513028 0.5564655172413793 0.00438332368268674 0.009482758620689655
15 0.3937145338737696 0.5573275862068966 0.004568616097278518 0.013859416445623341
1 0.40429936305732483 0.5573309018567639 0.004892877822814128 0.015192307692307692
15 0.38546323103647945 0.5584051724137932 0.006595251881876086 0.012035809018567638
1 0.872556456282571 0.5603216180371353 0.010312680949623624 0.00393236074270557
15 0.7502026635784597 0.5666545092838197 0.008801389693109438 0.004661803713527851
15 0.8731325998841923 0.5682891246684351 0.009148812970469022 0.003952254641909814
15 0.8729183555298204 0.5779210875331565 0.008720324261725535 0.001996021220159151
15 0.7498986682107701 0.577854774535809 0.009351476548928777 0.003189655172413793
9 0.7802171395483497 0.5839920424403183 0.01671685002895194 0.023421750663129973
15 0.8723711638679792 0.5858255968169761 0.007625940938042849 0.004542440318302387
15 0.40603937463810075 0.5866611405835543 0.003740590619571511 0.012844827586206897
15 0.3856948465547192 0.5868037135278514 0.003584250144759699 0.011803713527851459
1 0.3706195715112912 0.5870192307692308 0.0035437174290677475 0.012234748010610079
1 0.3605964099594673 0.5872380636604774 0.0055008685581933985 0.012672413793103448
1 0.7534916039374638 0.5875066312997348 0.016537348002316155 0.0039257294429708225
15 0.41937463810075276 0.5878116710875332 0.00493341053850608 0.012493368700265252
15 0.377504342790967 0.5886007957559681 0.0034163288940359006 0.012745358090185675
15 0.8716415749855241 0.5933388594164456 0.00848291835552982 0.003653846153846154
1 0.7509554140127389 0.5968302387267904 0.009148812970469022 0.004005305039787799
20 0.6332541980312681 0.6007161803713528 0.011152287203242617 0.015755968169761273
15 0.6104053271569195 0.6028846153846154 0.0025130283729009844 0.009482758620689655
15 0.6460306890561667 0.6030603448275862 0.004279096699478865 0.0098342175066313
20 0.6593659525188187 0.6031167108753316 0.008946149392009264 0.015251989389920425
15 0.8722553561088593 0.603013925729443 0.010868558193398957 0.004436339522546419
1 0.6171771858714534 0.6042208222811671 0.004475969889982629 0.012155172413793103
15 0.3947162709901563 0.6060179045092838 0.005414012738853503 0.011770557029177718
15 0.4037348002316155 0.6066644562334218 0.0037637521713954833 0.01306366047745358
1 0.3689258830341633 0.6069529177718833 0.003630573248407643 0.010988063660477453
1 0.362541980312681 0.6071684350132626 0.003601621308627678 0.011419098143236073
15 0.38519397799652577 0.6073143236074271 0.003740590619571511 0.014363395225464192
15 0.42069195136074117 0.6074568965517241 0.004093804284887087 0.013322281167108754
1 0.37775622466705266 0.6084615384615384 0.005078170237405906 0.010026525198938992
15 0.8745599305153445 0.6126492042440318 0.009687319050376375 0.002486737400530504
1 0.48467863346844237 0.6147679045092839 0.012785176606832658 0.005397877984084881
15 0.8742530399536769 0.6214522546419098 0.0079154603358425 0.0028514588859416446
1 0.17422408801389694 0.6218236074270558 0.010289519397799653 0.006246684350132626
1 0.15419513607411697 0.6215616710875332 0.016554719166184135 0.007049071618037136
1 0.3455385060799074 0.6243435013262599 0.0031789229878401853 0.013938992042440318
1 0.31374059061957155 0.6248441644562334 0.005593514765489288 0.012287798408488064
15 0.3209264620729589 0.625275198938992 0.0025940938042848874 0.013149867374005303
1 0.3626027793862189 0.6259681697612732 0.0048812970469021425 0.013209549071618039
1 0.3365807759119861 0.6261405835543766 0.0026346265199768382 0.014880636604774537
1 0.3279386218876665 0.6266412466843502 0.005037637521713954 0.013229442970822281
1 0.4573190503763752 0.6277453580901856 0.010179502026635784 0.007480106100795756
1 0.48773885350318474 0.6278183023872679 0.014273306311522871 0.008952254641909815
1 0.6453503184713376 0.6279476127320955 0.002918355529820498 0.014515915119363395
20 0.6046815286624204 0.6282327586206896 0.013068905616676318 0.01243368700265252
15 0.8744093804284887 0.6284814323607427 0.009386218876664737 0.003647214854111406
15 0.6890938042848871 0.6306167108753316 0.004707585408222351 0.010570291777188328
20 0.631577880718008 0.6314025198938992 0.007799652576722641 0.014794429708222812
15 0.6520758540822235 0.6312102122015916 0.004788650839606254 0.010431034482758622
20 0.6743283149971049 0.6318899204244032 0.013393167342211928 0.018421750663129975
1 0.1754169079328315 0.6322115384615384 0.006884771279675739 0.0031498673740053052
15 0.6597539085118703 0.6324966843501326 0.002773595830920672 0.010351458885941644
15 0.4437955993051534 0.6401027851458886 0.007452229299363057 0.005669761273209549
15 0.4606427330631152 0.6427619363395225 0.0075622466705269255 0.004356763925729443
15 0.4806745801968732 0.643262599469496 0.011725535610885929 0.0027055702917771884
1 0.4956890561667631 0.6434515915119363 0.011644470179502027 0.00573607427055703
15 0.26636363636363636 0.6450464190981432 0.011592356687898089 0.004946949602122016
1 0.8699652576722641 0.6465218832891247 0.005130283729009843 0.011876657824933688
15 0.8597307469600464 0.6468037135278515 0.004348581354950781 0.01376657824933687
15 0.87841053850608 0.6468037135278515 0.00580775911986103 0.01376657824933687
15 0.24844817602779387 0.6469131299734747 0.010503763752171396 0.003375331564986737
15 0.2804979733642154 0.6485676392572944 0.009751013317892299 0.005358090185676393
1 0.46094383323682686 0.6493302387267905 0.009322524609148813 0.004230769230769231
1 0.4470469021424435 0.6500464190981432 0.010480602200347425 0.003010610079575597
15 0.4814881297046902 0.652287798408488 0.0075622466705269255 0.0035145888594164455
15 0.2676664736537348 0.6545888594164456 0.008407643312101911 0.0028116710875331565
20 0.6589490445859874 0.6555537135278515 0.012744643891140708 0.016677718832891247
15 0.282443543717429 0.6563129973474802 0.011325998841922409 0.0022811671087533156
15 0.6372235089751013 0.6565019893899204 0.004035900405327157 0.009290450928381962
15 0.6429617834394904 0.6565450928381963 0.002773595830920672 0.013355437665782493
20 0.617582513028373 0.6564920424403183 0.011077012159814707 0.01590185676392573
15 0.25459756803705846 0.656959549071618 0.014696004632310364 0.0035742705570291776
15 0.6307237984944991 0.6570258620689655 0.003775332947307469 0.010338196286472149
15 0.6030283729009844 0.657065649867374 0.003972206137811234 0.013070291777188329
1 0.4969281991893457 0.6602950928381963 0.007174290677475392 0.004940318302387268
15 0.44812391430225823 0.6609681697612733 0.012634626519976839 0.00363395225464191
15 0.4793572669368848 0.6611836870026525 0.00909090909090909 0.004064986737400531
15 0.4622727272727273 0.6613992042440319 0.009664157498552404 0.0044960212201591515