15 0.5890098314606742 0.6928916494133885 0.014161985018726592 0.006901311249137336
15 0.5740355805243447 0.6939820565907523 0.013239700374531836 0.011842650103519668
15 0.48489466292134825 0.6953899240855763 0.015669475655430712 0.013278122843340234
1 0.46742977528089885 0.6967322291235335 0.01444756554307116 0.011821946169772257
1 0.32086610486891387 0.6966528640441684 0.011582397003745318 0.018564527260179434
1 0.1302247191011236 0.6995548654244306 0.013258426966292135 0.013326432022084195
1 0.6870411985018726 0.702487922705314 0.013595505617977528 0.015051759834368529
1 0.5880500936329588 0.7037543133195308 0.01224250936329588 0.010683229813664596
1 0.23938436329588014 0.7047964113181504 0.031203183520599254 0.044513457556935816
15 0.5727457865168539 0.7052795031055901 0.013469101123595506 0.010973084886128364
1 0.35831460674157306 0.705728088336784 0.015318352059925093 0.014630779848171151
15 0.4850678838951311 0.7084610075914424 0.015079588014981275 0.013195307108350587
1 0.46873361423220977 0.7104520358868185 0.01330992509363296 0.010276052449965494
1 0.5894779962546817 0.7141373360938579 0.01322565543071161 0.009365079365079364
15 0.35814138576779025 0.7162284334023464 0.01684456928838951 0.01354727398205659
1 0.32153089887640446 0.7180538302277433 0.013848314606741572 0.019958592132505178
1 0.46703417602996256 0.7206625258799172 0.01740168539325843 0.014133885438233264
1 0.1471044007490637 0.7228467908902692 0.04889044943820225 0.04334713595583161
1 0.5883941947565543 0.7239406487232575 0.013867041198501873 0.009648033126293996
15 0.48467462546816487 0.7241511387163562 0.01429307116104869 0.01144927536231884
15 0.35681647940074906 0.7251311249137335 0.01794007490636704 0.01616977225672878
1 0.7061399812734083 0.7290096618357488 0.018085205992509363 0.014265010351966876
15 0.46715823970037457 0.7327950310559006 0.01296816479400749 0.009413388543823327
1 0.6895529026217229 0.7330055210489993 0.011128277153558052 0.011214630779848172
1 0.5885908239700375 0.7334920634920634 0.011451310861423222 0.010807453416149068
15 0.48329353932584274 0.7350414078674948 0.012467228464419475 0.011145617667356797
1 0.5888389513108614 0.7447860593512767 0.011947565543071161 0.011311249137336095
15 0.3628230337078652 0.745079365079365 0.011226591760299626 0.017418909592822635
1 0.44949438202247194 0.7462042788129745 0.008539325842696628 0.016908212560386472
1 0.3947776217228464 0.7466770186335403 0.008656367041198501 0.01785369220151829
1 0.4258684456928839 0.7468219461697723 0.009040262172284643 0.018143547273982055
1 0.4031530898876404 0.7462422360248447 0.009489700374531835 0.01974465148378192
1 0.41943820224719097 0.7471118012422361 0.010224719101123596 0.01872325741890959
15 0.44151217228464423 0.7467874396135266 0.009428838951310862 0.018074534161490685
1 0.38617977528089886 0.7472567287784679 0.009250936329588016 0.01901311249137336
1 0.43436797752808987 0.7468599033816425 0.008249063670411986 0.015458937198067632
15 0.3786657303370787 0.7472946859903381 0.009204119850187266 0.017708764665286404
1 0.40948501872659177 0.7472946859903381 0.009981273408239701 0.017708764665286404
1 0.3111563670411985 0.7513802622498275 0.034297752808988766 0.04106280193236715
1 0.19478230337078653 0.7568599033816426 0.04499531835205992 0.07548654244306417
1 0.5665402621722847 0.7577950310559006 0.016039325842696628 0.015244996549344376
9 0.5389115168539326 0.7634057971014493 0.02819756554307116 0.041649413388543825
1 0.3787640449438202 0.7680055210489992 0.010337078651685393 0.020483091787439612
1 0.6125468164794008 0.769047619047619 0.009737827715355805 0.018426501035196687
1 0.3939396067415731 0.7690924775707384 0.00978932584269663 0.015755693581780538
15 0.6580945692883895 0.768975155279503 0.010009363295880149 0.021042097998619738
1 0.6293984082397004 0.7689786059351277 0.00973314606741573 0.019668737060041408
1 0.40310393258426963 0.7691683919944791 0.011264044943820224 0.01728778467908903
1 0.417811329588015 0.7696411318150449 0.008843632958801499 0.018233264320220842
1 0.6033567415730337 0.7693409247757075 0.009147940074906366 0.017632850241545893
1 0.6349157303370787 0.769848171152519 0.01046816479400749 0.022788129744651487
1 0.6912055243445693 0.7694478951000691 0.00975187265917603 0.01922705314009662
1 0.4088693820224719 0.7697860593512768 0.010622659176029963 0.01852311939268461
1 0.10987593632958802 0.7695583160800552 0.049339887640449435 0.04153209109730849
1 0.4433356741573034 0.7699654934437543 0.008394194756554308 0.016121463077984816
1 0.6200842696629213 0.7700655624568669 0.008895131086142321 0.019082125603864734
1 0.35821629213483147 0.7705486542443065 0.010440074906367041 0.018668046928916493
1 0.6439091760299626 0.7702484472049689 0.007855805243445693 0.018067632850241544
1 0.6511516853932584 0.7706107660455487 0.009232209737827715 0.0174120082815735
1 0.43461376404494384 0.7706556245686681 0.010613295880149814 0.01888198757763975
1 0.6677551498127341 0.7709765355417529 0.010603932584269662 0.019523809523809523
15 0.42557116104868914 0.7709834368530021 0.00844569288389513 0.01815734989648033
1 0.6768469101123595 0.7729020013802622 0.014742509363295879 0.02199447895100069
1 0.15705992509363298 0.776783988957902 0.049138576779026215 0.05184265010351967
9 0.7058567415730337 0.7832229123533472 0.022200374531835206 0.03573498964803313
9 0.27701310861423223 0.7826949620427881 0.03061797752808989 0.040200138026224984
15 0.691753277153558 0.7895238095238095 0.009911048689138578 0.01935127674258109
15 0.6110557116104869 0.7922015182884748 0.009564606741573034 0.02056590752242926
1 0.6425093632958802 0.7926293995859213 0.007865168539325843 0.017280883367839887
1 0.6192930711610487 0.7929917184265011 0.006376404494382022 0.016625258799171844
15 0.6506952247191011 0.7930262249827468 0.006446629213483146 0.016694271911663217
15 0.6595177902621723 0.7930607315389924 0.008174157303370786 0.015383022774327121
15 0.6337780898876404 0.7933885438233264 0.008192883895131085 0.02017943409247757
15 0.38609082397003747 0.7983505866114562 0.009073033707865169 0.014920634920634921
15 0.4107022471910112 0.7991511387163561 0.008670411985018726 0.01790200138026225
15 0.39375468164794003 0.7991856452726018 0.008483146067415731 0.016590752242926155
15 0.4248946629213483 0.7996963423050379 0.008029026217228464 0.01761214630779848
15 0.4176498127340824 0.8003864734299517 0.010393258426966291 0.01761214630779848
15 0.40176029962546816 0.8004934437543133 0.006704119850187266 0.019206349206349206
15 0.44160580524344567 0.8016942719116632 0.009616104868913858 0.0174672187715666
15 0.43280196629213485 0.8026017943409248 0.00979868913857678 0.022042788129744653
15 0.5469007490636705 0.8038647342995169 0.015149812734082396 0.01352657004830918
1 0.5334737827715356 0.8105417529330572 0.012640449438202247 0.01859903381642512
15 0.2871629213483146 0.8137922705314009 0.020018726591760298 0.014057971014492755
15 0.6192977528089887 0.8151897860593513 0.01106741573033708 0.018233264320220842
15 0.6496348314606741 0.8158074534161491 0.010880149812734082 0.018088336783988957
15 0.6333333333333333 0.8171877156659766 0.012921348314606743 0.019468599033816425
15 0.548874063670412 0.8236645962732919 0.014414794007490636 0.011718426501035197
15 0.11216994382022472 0.8265493443754314 0.01179307116104869 0.02300897170462388
15 0.08713951310861423 0.8262215320910973 0.013230337078651686 0.022353347135955833
15 0.12289794007490636 0.8264389233954451 0.009840823970037453 0.020027605244996548
15 0.17147237827715356 0.8272739820565908 0.011484082397003745 0.024458247066942718
15 0.09739232209737828 0.8274913733609386 0.010327715355805242 0.027653554175293305
15 0.13749531835205991 0.827384403036577 0.011882022471910112 0.020538302277432714
15 0.1487242509363296 0.8272739820565908 0.01280430711610487 0.02307798481711525
15 0.16237827715355804 0.8277467218771566 0.011086142322097379 0.022643202208419602
9 0.511816479400749 0.8325293305728089 0.023632958801498127 0.05705314009661836
15 0.24459035580524346 0.8343236714975845 0.011652621722846443 0.02475500345065562
1 0.533941947565543 0.8349206349206348 0.011704119850187267 0.01904761904761905
4 0.0881811797752809 0.08404416839199448 0.05838483146067416 0.04110420979986198
15 0.2558544007490637 0.835631469979296 0.010772471910112361 0.021849551414768808
1 0.6272401685393258 0.8382263630089717 0.00822565543071161 0.015997239475500344
15 0.3446324906367041 0.8388267770876466 0.006680711610486891 0.017198067632850242
15 0.3904939138576779 0.839296066252588 0.008515917602996255 0.01813664596273292
15 0.6037382958801498 0.8394375431331953 0.010847378277153558 0.021180124223602485
1 0.6339232209737827 0.8389889579020013 0.00754681647940075 0.01614216701173223
15 0.36618445692883894 0.8391166321601105 0.00952247191011236 0.017777777777777778
15 0.3811306179775281 0.839296066252588 0.007579588014981274 0.016756383712905453
1 0.6493000936329588 0.8398619737750173 0.008338014981273408 0.019268461007591442
15 0.3519007490636704 0.839951690821256 0.007172284644194757 0.022208419599723948
15 0.3733918539325843 0.8402070393374741 0.008019662921348314 0.017198067632850242
4 0.16249531835205994 0.08446859903381643 0.08809925093632959 0.04747412008281574
1 0.2777645131086142 0.8422291235334715 0.03118445692883895 0.051608005521049
1 0.49152621722846446 0.8424223602484473 0.010205992509363297 0.02300897170462388
1 0.11566713483146067 0.8560869565217392 0.020660112359550564 0.02411318150448585
1 0.1431367041198502 0.8572118702553485 0.022228464419475655 0.022222222222222223
1 0.0930500936329588 0.8576121463077985 0.021306179775280897 0.02026224982746722
1 0.1672565543071161 0.8577570738440304 0.023651685393258428 0.02469289164941339
15 0.21258661048689137 0.8588854382332644 0.01225187265917603 0.02418909592822636
15 0.5330079588014982 0.8590200138026225 0.010772471910112361 0.024458247066942718
15 0.6016128277153558 0.8599275362318841 0.008469101123595505 0.02075224292615597
15 0.2218937265917603 0.8605935127674258 0.009330524344569288 0.024844720496894408
15 0.5821676029962547 0.8610904071773637 0.008904494382022472 0.02307798481711525
15 0.5737546816479401 0.8614906832298136 0.010805243445692883 0.02111801242236025
15 0.5912359550561799 0.8621463077984817 0.011123595505617978 0.025189786059351276
15 0.6113951310861423 0.8621083505866114 0.009307116104868913 0.025113871635610765
15 0.6955969101123596 0.874872325741891 0.007298689138576779 0.02303657694962043
15 0.6861821161048689 0.8757418909592823 0.010004681647940076 0.020634920634920634
15 0.6779026217228464 0.8761421670117322 0.010299625468164793 0.017294685990338163
15 0.07117041198501874 0.894016563146998 0.011254681647940074 0.02129744651483782
15 0.059964887640449445 0.8944168391994479 0.01225187265917603 0.02347826086956522
15 0.5421465355805244 0.8958247066942718 0.012195692883895132 0.02215320910973085
15 0.5531109550561798 0.8964423740510696 0.011652621722846443 0.023388543823326433
1 0.53062265917603 0.896887508626639 0.013492509363295881 0.025659075224292616
1 0.22384129213483145 0.9018668046928917 0.010416666666666666 0.02181504485852312
1 0.20268258426966293 0.9064182194616978 0.02802434456928839 0.0378191856452726
1 0.1025117041198502 0.9073291925465838 0.03273876404494382 0.07414768806073153
9 0.13466058052434457 0.93351966873706 0.03149344569288389 0.0602760524499655
9 0.05949438202247191 0.9357315389924086 0.045018726591760296 0.03433402346445825
1 0.21467930711610486 0.9430779848171152 0.03516385767790262 0.05454796411318151
15 0.16986891385767788 0.9461939268461008 0.011086142322097379 0.023512767425810904
15 0.15856039325842697 0.9486266390614216 0.010941011235955056 0.02147688060731539
15 0.5170482209737828 0.9522567287784679 0.013497191011235954 0.024596273291925465
15 0.5272776217228465 0.9548723257418908 0.012420411985018727 0.0243064182194617
1 0.43558520599250933 0.9568012422360248 0.0125561797752809 0.02816425120772947
1 0.41718398876404494 0.9704623878536922 0.016015917602996255 0.022360248447204967
15 0.4015121722846442 0.9725327812284335 0.021189138576779024 0.019599723947550034
4 0.2678160112359551 0.11707384403036576 0.06746722846441948 0.05333333333333334
4 0.36955992509363295 0.12008971704623878 0.11646067415730336 0.06488612836438923
1 0.5324227528089888 0.12076949620427882 0.14162453183520599 0.04830227743271221
1 0.10823267790262173 0.12928571428571428 0.00672752808988764 0.023926846100759146
1 0.11717696629213482 0.12972049689440995 0.007762172284644194 0.01927536231884058
1 0.12499063670411986 0.12997584541062804 0.008408239700374532 0.019786059351276745
1 0.157750468164794 0.12997584541062804 0.011193820224719101 0.019786059351276745
1 0.18807818352059927 0.13055555555555556 0.009115168539325843 0.016804692891649414
1 0.1403558052434457 0.13081090407177365 0.01198501872659176 0.024216701173222915
1 0.1793071161048689 0.1307384403036577 0.006554307116104869 0.021311249137336095
1 0.17287687265917603 0.13092132505175985 0.008675093632958802 0.020296756383712904
1 0.14962078651685393 0.13142857142857142 0.010852059925093633 0.01855072463768116
1 0.10121020599250936 0.13175638371290543 0.01328183520599251 0.023347135955831606
1 0.1650187265917603 0.13160800552104898 0.009812734082397004 0.017529330572808834
15 0.1182373595505618 0.15678743961352656 0.008946629213483145 0.02095928226363009
15 0.1260744382022472 0.15842305037957213 0.008703183520599251 0.024230503795721187
20 0.6815870786516853 0.16134920634920635 0.017668539325842697 0.031463077984817116
9 0.6617743445692884 0.16564182194616978 0.026732209737827715 0.04832988267770877
15 0.2052551498127341 0.16612491373360938 0.007888576779026218 0.018930296756383712
15 0.19490636704119849 0.16732574189095928 0.007790262172284644 0.015810904071773636
1 0.21701076779026218 0.16739820565907523 0.009864232209737828 0.018716356107660457
1 0.636432584269663 0.17606625258799172 0.032228464419475654 0.049855072463768114
1 0.5024461610486891 0.17638371290545202 0.03672752808988764 0.03944789510006901
15 0.6806905430711611 0.19034506556245687 0.014002808988764045 0.027342995169082125
1 0.4701427902621723 0.19474465148378192 0.010510299625468164 0.026480331262939957
1 0.48278558052434456 0.19603174603174603 0.01051498127340824 0.02077294685990338
1 0.091500468164794 0.2086887508626639 0.012588951310861423 0.024002760524499657
4 0.03617509363295881 0.21238440303657696 0.04332397003745319 0.0838440303657695
9 0.10742275280898876 0.21822981366459626 0.024770599250936328 0.038944099378881984
1 0.4699929775280899 0.23699447895100068 0.013955992509363295 0.019882677708764663
15 0.15584971910112358 0.24022429261559694 0.01862827715355805 0.026342305037957214
9 0.2076685393258427 0.25080055210489993 0.10353932584269662 0.14825396825396825
1 0.26654728464419475 0.2588992408557626 0.013431647940074906 0.02504485852311939
15 0.2982092696629214 0.2639061421670117 0.012148876404494382 0.02263630089717046
1 0.49770599250936326 0.2655728088336784 0.011329588014981273 0.021828847481021395
15 0.09029026217228465 0.27189095928226364 0.009232209737827715 0.024803312629399586
9 0.10882724719101122 0.27756038647342995 0.025706928838951308 0.03614216701173223
1 0.514686329588015 0.29065562456866806 0.010646067415730336 0.026445824706694272
1 0.3018492509363296 0.2984368530020704 0.04190074906367041 0.036487232574189093
15 0.10084269662921348 0.30535196687370597 0.020037453183520598 0.015810904071773636
15 0.6178160112359551 0.30730503795721187 0.0071676029962546815 0.01971704623878537
15 0.6420154494382022 0.3089406487232574 0.009686329588014983 0.022988267770876467
15 0.63312031835206 0.3091580400276053 0.00875 0.019282263630089717
15 0.6262921348314606 0.3092684610075914 0.010074906367041198 0.02088336783988958
15 0.6106694756554307 0.3095928226363009 0.008792134831460675 0.02015182884748102
1 0.5925163857677903 0.31006556245686684 0.01274812734082397 0.021097308488612836
1 0.649630149812734 0.310175983436853 0.008061797752808988 0.0226984126984127
1 0.5388647003745319 0.31509316770186335 0.01780430711610487 0.0242512077294686
20 0.11732677902621723 0.3155797101449275 0.025852059925093634 0.027984817115251897
1 0.4649695692883895 0.31849896480331263 0.01233614232209738 0.022781228433402346
1 0.47282771535580526 0.3200621118012422 0.010262172284644195 0.02038647342995169
15 0.30636470037453184 0.3331573498964803 0.01722378277153558 0.024492753623188406
15 0.2449836142322097 0.34013802622498274 0.017120786516853934 0.013609385783298827
15 0.12164325842696629 0.3407073844030366 0.014822097378277154 0.024409937888198757
15 0.21322799625468164 0.34195652173913044 0.016343632958801497 0.0131055900621118
1 0.7128417602996255 0.3441097308488613 0.01838014981273408 0.022933057280883365
20 0.22793539325842696 0.3492615596963423 0.013923220973782771 0.03737750172532781
1 0.22236657303370788 0.03600759144237405 0.018703183520599253 0.015424430641821947
15 0.2443679775280899 0.3531815044858523 0.01401685393258427 0.009330572808833678
15 0.2131554307116105 0.3536231884057971 0.015262172284644195 0.012974465148378193
20 0.26142088014981274 0.35496549344375433 0.021905430711610486 0.04326432022084196
4 0.033218632958801494 0.3572946859903382 0.03647471910112359 0.18318840579710144
15 0.1789630149812734 0.364120082815735 0.012420411985018727 0.020165631469979295
1 0.1919499063670412 0.36521048999309874 0.015922284644194755 0.020966183574879227
1 0.1644241573033708 0.36539337474120087 0.01892322097378277 0.018571428571428572
15 0.2447378277153558 0.36499309868875085 0.014756554307116105 0.015010351966873706
15 0.21327715355805243 0.365752242926156 0.015505617977528089 0.012387853692201517
1 0.6357069288389513 0.3731055900621118 0.017668539325842697 0.021573498964803314
1 0.6210931647940074 0.38741890959282266 0.015594569288389514 0.012933057280883366
1 0.45347144194756556 0.3904589371980676 0.017429775280898875 0.012111801242236025
1 0.639056647940075 0.39784679089026914 0.016877340823970036 0.014465148378191857
1 0.6205266853932584 0.40104209799861973 0.016334269662921348 0.012574189095928225
1 0.7174016853932583 0.4012629399585921 0.020945692883895133 0.01991718426501035
9 0.6774836142322097 0.4015355417529331 0.056278089887640444 0.13640441683919946
1 0.3236657303370787 0.4072774327122153 0.009691011235955055 0.02228433402346446
1 0.3778721910112359 0.40716011042098 0.015107677902621724 0.013768115942028985
15 0.31171348314606745 0.408440303657695 0.010131086142322098 0.024610075914423737
1 0.1702130149812734 0.41215320910973086 0.02020131086142322 0.025134575569358178
1 0.6372354868913858 0.4261870255348516 0.01323501872659176 0.017315389924085576
1 0.7187312734082397 0.4294582470669427 0.01798689138576779 0.016956521739130436
9 0.09965121722846443 0.4303071083505866 0.07383426966292135 0.07524499654934437
9 0.5403089887640449 0.4414389233954451 0.13586142322097378 0.1955072463768116
1 0.18929541198501873 0.4421635610766046 0.03402153558052434 0.04512767425810904
1 0.4593609550561798 0.4445445134575569 0.015163857677902622 0.012622498274672187
15 0.1709550561797753 0.4461766735679779 0.019812734082397004 0.01450655624568668
9 0.3752059925093633 0.44680814354727394 0.03599250936329588 0.051656314699792955
15 0.6198595505617978 0.45027605244996555 0.015 0.01028295376121463
1 0.21283239700374532 0.4560628019323672 0.029597378277153558 0.04532091097308489
1 0.4582256554307116 0.4565527950310559 0.015702247191011237 0.01041407867494824
1 0.7163904494382023 0.4581228433402347 0.016114232209737827 0.01769496204278813
1 0.2394873595505618 0.4597653554175294 0.009873595505617977 0.019599723947550034
1 0.2309691011235955 0.46100069013112493 0.011563670411985019 0.019309868875086268
15 0.1687125468164794 0.4622705314009662 0.01907303370786517 0.01494824016563147
15 0.6199578651685393 0.4619323671497585 0.017069288389513108 0.008750862663906142
15 0.4205875468164794 0.4626811594202898 0.014396067415730338 0.01853002070393375
15 0.4586938202247191 0.4688647342995169 0.015702247191011237 0.008812974465148378
1 0.44257724719101127 0.470351966873706 0.015304307116104868 0.017308488612836438
1 0.6206507490636705 0.4756349206349207 0.01658239700374532 0.014071773636991029
1 0.1403066479400749 0.4908385093167702 0.037167602996254684 0.03619737750172533
1 0.6198876404494381 0.49928916494133885 0.01692883895131086 0.013071083505866115
15 0.2967720037453183 0.5038267770876467 0.012083333333333333 0.027667356797791583
15 0.2649063670411985 0.5056797791580401 0.01295880149812734 0.02309178743961353
1 0.2852387640449438 0.506407867494824 0.01148876404494382 0.030069013112491372
1 0.2736516853932584 0.5078605935127675 0.010786516853932584 0.027453416149068325
1 0.45977059925093633 0.5103657694962043 0.013174157303370787 0.02280193236714976
1 0.10187265917602996 0.5106659765355418 0.01647940074906367 0.020641821946169772
15 0.38248127340823973 0.5150931677018633 0.011217228464419476 0.022594893029675638
1 0.3929260299625468 0.5167115251897861 0.008698501872659175 0.018930296756383712
1 0.6883473782771535 0.5173222912353347 0.03867977528089888 0.03671497584541063
9 0.07881320224719102 0.5288026224982747 0.03683988764044944 0.04863354037267081
15 0.1441619850187266 0.5312663906142167 0.017724719101123595 0.01215320910973085
15 0.2012944756554307 0.5324292615596964 0.016821161048689137 0.013098688750862664
15 0.2635510299625468 0.5350103519668737 0.012120786516853933 0.021021394064872325
15 0.3928698501872659 0.5352967563837129 0.011395131086142322 0.01883367839889579
15 0.10002574906367041 0.5371325051759834 0.015594569288389514 0.012843340234644582
15 0.2852387640449438 0.5385369220151829 0.008679775280898876 0.025314009661835748
1 0.12092228464419477 0.539023464458247 0.03397940074906367 0.03870945479641132
15 0.2765332397003745 0.5395169082125604 0.011867977528089888 0.02313319530710835
15 0.2009012172284644 0.5483091787439613 0.016034644194756555 0.013112491373360938
1 0.4384176029962547 0.5503243616287095 0.03320224719101124 0.041987577639751555
15 0.10064138576779026 0.5506383712905452 0.01401685393258427 0.015010351966873706
1 0.14146301498127342 0.5531538992408558 0.026371722846441948 0.037984817115251895
1 0.17228932584269663 0.5546273291925465 0.049634831460674156 0.045072463768115946
1 0.5401451310861424 0.5549102829537612 0.010065543071161049 0.01803312629399586
1 0.529562265917603 0.5549827467218771 0.011371722846441947 0.01955831608005521
1 0.47124531835205996 0.5592995169082126 0.03144194756554307 0.04613526570048309
15 0.24620552434456927 0.5598619737750172 0.015819288389513107 0.015514147688060732
1 0.48807116104868914 0.5611973775017253 0.009850187265917602 0.01956521739130435
1 0.18962780898876405 0.5717218771566598 0.03187734082397004 0.04337474120082816
1 0.2190941011235955 0.5715010351966874 0.013094569288389512 0.029130434782608697
1 0.40830290262172286 0.5752242926155969 0.03383426966292135 0.04209799861973775
1 0.2980407303370787 0.5801483781918565 0.016493445692883895 0.014679089026915114
1 0.4212359550561798 0.5892097998619737 0.010074906367041198 0.020379572118702553
1 0.3842064606741573 0.5896100759144237 0.012794943820224718 0.01841959972394755
15 0.48623829588014983 0.589975845410628 0.017420411985018727 0.015010351966873706
15 0.299248595505618 0.5926708074534162 0.018909176029962546 0.01211870255348516
1 0.1700561797752809 0.5929227053140097 0.03112359550561798 0.0374672187715666
15 0.4462757490636704 0.5962215320910973 0.008656367041198501 0.01922015182884748
15 0.4385861423220974 0.5963664596273291 0.009194756554307116 0.019510006901311248
15 0.42973548689138574 0.5968391994478951 0.008347378277153558 0.019075224292615597
1 0.4548033707865169 0.5970565907522429 0.007921348314606742 0.022270531400966187
1 0.14289559925093634 0.599679089026915 0.02736423220973783 0.03303657694962043
15 0.46821629213483146 0.6025051759834368 0.01602059925093633 0.013844030365769495
1 0.22171582397003745 0.6029641131815046 0.01833801498127341 0.014761904761904763
15 0.48568352059925096 0.60595928226363 0.015374531835205995 0.012470669427191166
1 0.29537921348314605 0.6062353347135956 0.016788389513108615 0.014403036576949621
15 0.200875468164794 0.6066218081435473 0.01598314606741573 0.009654934437543134
15 0.3085767790262172 0.6071325051759835 0.00947565543071161 0.021718426501035195
1 0.22160814606741575 0.6142822636300898 0.01625 0.008412698412698412
15 0.48545880149812737 0.6161214630779848 0.015861423220973784 0.010710835058661146
1 0.29727762172284644 0.6185507246376811 0.014030898876404494 0.014189095928226363
15 0.4697448501872659 0.6206349206349207 0.014396067415730338 0.012836438923395446
15 0.20097378277153558 0.6217011732229124 0.013370786516853932 0.014968944099378883
15 0.6890847378277154 0.6247653554175293 0.01674625468164794 0.015576259489302968
15 0.12749063670411984 0.6246445824706695 0.01715355805243446 0.019475500345065563
9 0.2586212546816479 0.6259661835748792 0.04720505617977528 0.11321601104209801
15 0.22107677902621725 0.6260973084886129 0.016123595505617976 0.01271911663216011
15 0.485187265917603 0.6289026915113871 0.016254681647940073 0.012808833678398895
15 0.6879775280898877 0.6347239475500346 0.01453183520599251 0.009268461007591442
1 0.7044639513108614 0.6351621808143547 0.016605805243445692 0.01704623878536922
1 0.4676006554307116 0.635424430641822 0.011980337078651685 0.012049689440993789
1 0.22176498127340824 0.6361007591442375 0.01656367041198502 0.010641821946169772
1 0.1748501872659176 0.6368219461697723 0.03134831460674157 0.03416839199447895
15 0.48477294007490634 0.6404140786749483 0.014489700374531836 0.01098688750862664
1 0.1453628277153558 0.6413319530710835 0.028553370786516853 0.03766735679779158
1 0.2994428838951311 0.6416252587991719 0.027724719101123594 0.017550034506556244
1 0.5892345505617977 0.6425707384403037 0.015547752808988765 0.012539682539682542
15 0.34100655430711607 0.643319530710835 0.017219101123595506 0.014037267080745342
15 0.35917602996254683 0.6435265700483092 0.01704119850187266 0.014451345755693583
1 0.22086844569288389 0.6469254658385093 0.017579588014981273 0.012967563837129053
1 0.1458309925093633 0.6470841959972394 0.027617041198501873 0.03674948240165631
1 0.46712312734082395 0.6501449275362319 0.01664325842696629 0.012505175983436853
15 0.4850678838951311 0.6527225672877847 0.015079588014981275 0.012139406487232574
1 0.5889606741573034 0.6533505866114562 0.01593632958801498 0.009254658385093168
1 0.2960814606741573 0.6549792960662526 0.015383895131086142 0.011131815044858523
1 0.35814138576779025 0.6555900621118013 0.013099250936329588 0.00821256038647343
1 0.6874344569288389 0.657215320910973 0.013445692883895131 0.012843340234644582
15 0.523686797752809 0.6567736369910283 0.01179307116104869 0.020241545893719806
15 0.2207818352059925 0.6590510697032437 0.01553370786516854 0.015134575569358178
1 0.5484831460674157 0.6590786749482401 0.011760299625468165 0.020710835058661146
15 0.5331343632958802 0.659824016563147 0.009152621722846442 0.01806073153899241
1 0.46672986891385765 0.6618737060041407 0.013047752808988764 0.012498274672187715
1 0.5888389513108614 0.6636645962732919 0.012883895131086141 0.010559006211180125
9 0.40999765917603 0.6645790200138026 0.07186797752808988 0.11314699792960661
1 0.19863061797752807 0.6666011042097998 0.035838014981273404 0.05369910282953761
15 0.35632022471910113 0.6672532781228434 0.0150749063670412 0.01497584541062802
1 0.29844803370786516 0.6673326432022084 0.01730805243445693 0.01375431331953071
1 0.686940543071161 0.6691821946169773 0.01620318352059925 0.014692891649413387
1 0.5894545880149813 0.6749585921325052 0.01317883895131086 0.011062801932367151
15 0.13758426966292134 0.6771463077984817 0.016741573033707866 0.014057971014492755
1 0.16848548689138576 0.6806349206349206 0.03640917602996255 0.04449965493443755
1 0.5900936329588016 0.6839268461007592 0.013520599250936328 0.011055900621118012
15 0.4855360486891386 0.6836024844720496 0.013206928838951311 0.010407177363699102
1 0.28172752808988766 0.6843719806763284 0.016638576779026217 0.021608005521049
1 0.4670107677902622 0.6861076604554865 0.014545880149812734 0.014037267080745342
1 0.35841292134831465 0.6876363008971704 0.01457865168539326 0.014334023464458247