1 0.5670093185789167 0.7216404011461318 0.057722772277227725 0.04356733524355301
1 0.4104950495049505 0.7243660458452722 0.051042516016307514 0.04472063037249284
15 0.469341875364007 0.781189111747851 0.06972626674432149 0.02512893982808023
1 0.684790331974374 0.8122385386819484 0.07429819452533488 0.07863180515759312
1 0.3346709376820035 0.8463431232091689 0.04033779848573093 0.08523638968481374
1 0.8270762958648805 0.8566404011461317 0.053686662783925455 0.07144699140401146
4 0.6320442632498544 0.08695200573065903 0.1563424577751893 0.03207020057306591
15 0.13731508444962143 0.867471346704871 0.09641234711706465 0.028638968481375357
1 0.9064210832847991 0.8762929799426935 0.05396039603960397 0.07063753581661891
4 0.8350465928945836 0.08802650429799427 0.1546592894583576 0.035651862464183386
4 0.13387303436225975 0.9114290830945558 0.07089108910891088 0.04921919770773638
1 0.6103086779266162 0.9257163323782235 0.05695981362842167 0.07636103151862464
4 0.8415463016889924 0.9492550143266476 0.1373733255678509 0.054670487106017185
1 0.9524665113570181 0.11079871060171921 0.056359930110658124 0.06830229226361031
1 0.6886633663366336 0.14875358166189112 0.0727256843331392 0.0869054441260745
1 0.5777897495631916 0.1518839541547278 0.06530576587070472 0.09459885386819485
1 0.42177926616191036 0.305060888252149 0.029347699475829936 0.03562320916905444
15 0.5205125218404194 0.30762535816618913 0.08121141525917297 0.024992836676217767
15 0.526814210832848 0.4883560171919771 0.08449621432731509 0.015393982808022922
1 0.028928363424577754 0.5204512893982808 0.049702970297029705 0.056661891117478505
9 0.5224140943506116 0.5277256446991404 0.09666278392545137 0.05831661891117478
1 0.4250582411182295 0.5438216332378223 0.033576004659289456 0.04179799426934098
1 0.5801368666278393 0.5783345272206304 0.025736750145602793 0.034892550143266476
1 0.30002912055911474 0.5989577363896847 0.10500873616773443 0.28101002865329516
1 0.22477577169481655 0.6155300859598853 0.04186371578334304 0.09638968481375358
15 0.6665987186953989 0.6299964183381089 0.034420500873616776 0.04222779369627507
1 0.5179295282469423 0.6405336676217764 0.028287711124053583 0.03608166189111748
9 0.5706464764123471 0.6537356733524355 0.049854397204426325 0.04959169054441261
1 0.6508444962143273 0.6668373925501433 0.026208503203261502 0.03424785100286533
1 0.028325567850902737 0.695182664756447 0.05315666860803727 0.0708810888252149