15 0.6472961913755115 0.11087326943556976 0.004066729619137551 0.023663471778487752
20 0.6528108278249921 0.11222577209797657 0.003135033050047215 0.01571884984025559
1 0.3537551148882594 0.11276890308839191 0.003701605288007554 0.021064962726304582
15 0.3495089707271011 0.11361554845580404 0.003393138180673591 0.02275825346112886
15 0.6596836638338055 0.11294994675186369 0.003660686181932641 0.023556975505857294
15 0.36304375196726474 0.1134664536741214 0.002763613471828769 0.020330138445154418
15 0.6374283915643689 0.11363152289669862 0.001957821844507397 0.016400425985090523
20 0.31954674220963175 0.11347177848775293 0.01712307208057916 0.05015974440894569
15 0.35854107648725214 0.11447816826411077 0.0032011331444759205 0.02022364217252396
15 0.34330972615675165 0.115 0.006732766761095373 0.010617678381256657
15 0.5580327352848599 0.11636847710330138 0.003065785332074284 0.024004259850905218
15 0.5623638652817123 0.11922790202342917 0.0016556499842618822 0.023333333333333334
1 0.3877069562480327 0.12488817891373802 0.0036166194523135032 0.021874334398296058
15 0.3797182876927919 0.12504259850905217 0.0014888259364180046 0.01792332268370607
15 0.38345294302801386 0.1253940362087327 0.0020333648095687755 0.01862619808306709
15 0.34383223166509286 0.12864217252396165 0.005889203651243312 0.008083067092651757
20 0.6398048473402581 0.1349307774227902 0.0029335851432168714 0.010010649627263047
15 0.6559033679571923 0.13591586794462193 0.0030248662259993704 0.020500532481363153
15 0.40533679571923203 0.13780617678381257 0.0023638652817123073 0.02215122470713525
15 0.6505539817437834 0.13832800851970178 0.0030280138495435943 0.021064962726304582
15 0.37557286748504876 0.13807774227902023 0.0020113314447592068 0.020564430244941426
15 0.40067201762669186 0.13798189563365282 0.001847655020459553 0.02250266240681576
15 0.42021718602455144 0.13917997870074547 0.0031665092854894555 0.022768903088391905
1 0.5419294932326094 0.13864217252396166 0.0035945860875039345 0.0259531416400426
15 0.6468775574441297 0.13864217252396166 0.0032294617563739378 0.0259531416400426
1 0.416446333018571 0.14011182108626197 0.0019200503619767075 0.02250266240681576
1 0.5292020774315392 0.14191693290734822 0.005209316965690903 0.011203407880724174
15 0.5714148567831288 0.14223642172523962 0.002760465848284545 0.0182321618743344
15 0.6603729933899906 0.14238019169329072 0.002521246458923513 0.022779552715654953
15 0.5679996852376457 0.1429073482428115 0.0022253698457664465 0.017444089456869007
15 0.5629682090022033 0.14373269435569755 0.0028643374252439405 0.01483493077742279
1 0.3497922568460812 0.14659211927582536 0.0033301857097891093 0.02055378061767838
15 0.34537299338999056 0.14712992545260917 0.0026754800125904942 0.019499467518636845
15 0.34106389675794774 0.1474387646432375 0.002241107963487567 0.022247071352502663
15 0.38763770853005985 0.14719914802981895 0.002219074598677998 0.015378061767838125
1 0.07443028013849544 0.14961661341853036 0.0021813031161473087 0.022342917997870075
1 0.29299024236701293 0.15002662406815762 0.009335851432168713 0.014643237486687966
15 0.07020144790683035 0.14968051118210865 0.0025369845766446335 0.024600638977635786
15 0.07838526912181303 0.14968051118210865 0.0025369845766446335 0.024600638977635786
15 0.6708231035568146 0.15017571884984024 0.002017626691847655 0.021331203407880726
15 0.08318539502675479 0.15054845580404685 0.003953415171545484 0.026336528221512247
15 0.39541076487252125 0.15043663471778487 0.0026565942713251494 0.015463258785942492
15 0.13558231035568147 0.15121405750798722 0.004246144161158326 0.025537806176783813
15 0.9581523449795405 0.15170926517571887 0.004438149197355996 0.022268370607028753
15 0.1306657223796034 0.15101171458998935 0.0044853635505193576 0.027263045793397233
15 0.20182247403210576 0.1523482428115016 0.0032672332389046274 0.02354632587859425
1 0.19322788794460183 0.1528115015974441 0.003075228202706956 0.022342917997870075
15 0.19745672017626695 0.15314696485623003 0.003349071451054454 0.0208839190628328
15 0.18907774630154234 0.15354632587859426 0.0029587661315706643 0.023812566560170393
20 0.41100094428706324 0.1550425985090522 0.004878816493547372 0.009765708200212992
1 0.06460182562165566 0.15709265175718848 0.003298709474346868 0.035165069222577214
15 0.6391706011960969 0.1604898828541001 0.002294617563739377 0.022790202342917995
15 0.6565753855838842 0.1598828541001065 0.001850802644003777 0.015186368477103302
15 0.6438731507711678 0.16080404685835997 0.0022568460812086876 0.019158679446219382
15 0.5338873150771168 0.1608306709265176 0.001989298079949638 0.014952076677316293
15 0.9444759206798866 0.16224707135250266 0.0028958136606861817 0.02417465388711395
15 0.5277431539187913 0.16196485623003196 0.0022914699401951526 0.01722044728434505
15 0.3759254013220019 0.16250266240681577 0.0020868744098205853 0.018296059637912674
15 0.41829398803903056 0.16282747603833866 0.006874409820585458 0.014685835995740148
15 0.6531051306263771 0.1624227902023429 0.003094113943972301 0.018136315228966988
15 0.38364966949952783 0.1637433439829606 0.0024268177525967895 0.016517571884984025
20 0.6237850173119295 0.16402555910543132 0.004258734655335222 0.012822151224707133
15 0.6639675794774945 0.16488285410010647 0.005303745672017627 0.008146964856230033
15 0.3795577588920365 0.16525026624068156 0.0024268177525967895 0.021661341853035143
15 0.6304249291784703 0.16834398296059636 0.0024299653761410134 0.02358892438764643
1 0.3075480012590494 0.168604898828541 0.010752282027069562 0.02198083067092652
15 0.6363818067359144 0.16956336528221513 0.004271325149512118 0.021767838125665604
15 0.25162574756059175 0.17238551650692227 0.004038401007239534 0.023152289669861555
15 0.2483412023921939 0.1737859424920128 0.0025055083412023923 0.0259531416400426
9 0.3615517784073025 0.1740255591054313 0.007333962858042178 0.07116080937167199
15 0.09040132200188856 0.174073482428115 0.005794774944916588 0.04356762513312034
1 0.8047828139754486 0.17475505857294996 0.005536669814290211 0.010851970181043663
15 0.39113314447592074 0.17424387646432377 0.0029146994019515265 0.018349307774227903
15 0.1439014793830658 0.175111821086262 0.006405413912496066 0.04564430244941427
15 0.38727101038715767 0.175468583599574 0.0021152030217186026 0.020798722044728435
15 0.13274000629524707 0.17625133120340788 0.01304060434372049 0.01597444089456869
15 0.20908089392508655 0.1760436634717785 0.005823103556814605 0.03898828541001065
15 0.6751589549889834 0.17707135250266243 0.00187598363235757 0.015484558040468582
15 0.9575999370475291 0.17761980830670926 0.002703808624488511 0.0165814696485623
15 0.6515753855838842 0.17740681576144834 0.005070821529745043 0.011895633652822151
15 0.39564683663833805 0.17759850905218316 0.002499213094113944 0.020798722044728435
15 0.4019405099150141 0.17792864749733758 0.00249606547056972 0.019329073482428114
15 0.6643657538558388 0.18189563365282216 0.005470569719861504 0.01235356762513312
15 0.41010701920050363 0.18443024494142707 0.003090966320428077 0.023812566560170393
15 0.4152077431539188 0.1845846645367412 0.0032200188857412653 0.019861554845580404
1 0.5169625432798237 0.1852129925452609 0.002763613471828769 0.023248136315228964
15 0.46155177840730244 0.1854419595314164 0.0021089077746301544 0.017316293929712463
15 0.47205697198615043 0.1864856230031949 0.0036040289581366065 0.023663471778487752
15 0.46502675480012595 0.18635782747603835 0.002134088762983947 0.019148029818956337
15 0.5253556814604974 0.18652289669861555 0.0019231979855209318 0.017348242811501595
15 0.6798819641170917 0.18718849840255591 0.0031381806735914387 0.02293929712460064
1 0.37974189486937365 0.18794462193823216 0.002165564998426188 0.01593184238551651
15 0.5218854265029902 0.1878434504792332 0.0031665092854894555 0.02211927582534611
15 0.9519483789738747 0.18835995740149095 0.0033616619452313504 0.021022364217252395
15 0.6311079634875669 0.18930777422790201 0.0031665092854894555 0.014398296059637912
15 0.6271136292099465 0.1891427050053248 0.002732137236386528 0.014068157614483493
15 0.5345577588920365 0.19180511182108625 0.0033301857097891093 0.027912673056443026
15 0.42930594900849856 0.1931416400425985 0.0018287692791942082 0.019936102236421723
15 0.43257632987094746 0.19292332268370607 0.002703808624488511 0.019499467518636845
15 0.4367311929493232 0.19474973375931842 0.0015706641485678313 0.018892438764643235
15 0.4404831602140384 0.19494142705005327 0.00277935158954989 0.01714589989350373
9 0.27773528485993076 0.1964909478168264 0.0058954988983317596 0.03302449414270501
20 0.5804894554611268 0.19631522896698617 0.0032829713566257476 0.015633652822151223
15 0.586502990242367 0.19769968051118209 0.003978596159899276 0.02053248136315229
15 0.6038007554296506 0.19838125665601705 0.0020616934214667923 0.021895633652822148
15 0.5296978281397544 0.19861022364217254 0.0024236701290525652 0.02235356762513312
15 0.5997906830343092 0.19929179978700745 0.0015958451369216242 0.02371671991480298
15 0.45393610324205225 0.20025026624068157 0.0032451998740950583 0.01924387646432375
15 0.5726912181303117 0.19927582534611288 0.0027950897072710106 0.021554845580404686
15 0.5395719231979855 0.2011927582534611 0.0026565942713251494 0.023258785942492012
15 0.5912464589235128 0.2015601703940362 0.002134088762983947 0.028253461128860492
15 0.5956358199559333 0.2017891373801917 0.002099464903997482 0.02871139510117146
15 0.3081271639911866 0.20149627263045794 0.005615360402895814 0.011086261980830672
15 0.3319955933270381 0.20377529286474974 0.0029902423670129055 0.026293929712460064
15 0.025472143531633615 0.20380724174653886 0.0062480327352848605 0.043397231096911605
15 0.5125228202706956 0.20533013844515444 0.002697513377400063 0.0208839190628328
15 0.32722536984576645 0.20695953141640044 0.002892666037141958 0.024142705005324814
15 0.9583789738747246 0.20728966986155486 0.0011142587346553352 0.016283280085197017
15 0.4151715454831602 0.207790202342918 0.0025180988353792886 0.02154419595314164
15 0.5169326408561536 0.21058572949946752 0.003333333333333333 0.018615548455804046
15 0.45724268177525973 0.210814696485623 0.0029335851432168714 0.019073482428115015
15 0.6719546742209632 0.210814696485623 0.002392193893610324 0.021203407880724175
15 0.6791123701605288 0.21208200212992545 0.002858042178155493 0.023738019169329074
15 0.44954674220963176 0.21277955271565496 0.001391249606547057 0.023003194888178917
1 0.1440604343720491 0.2129339723109691 0.0035757003462385897 0.0254419595314164
15 0.9818460812086874 0.2127742279020234 0.002722694365753856 0.01873269435569755
15 0.9627872206484105 0.21365282215122472 0.0023764557758892036 0.022619808306709264
1 0.09046112684922883 0.213024494142705 0.004025810513062638 0.02349307774227902
1 0.37977022348127165 0.21403088391906283 0.0015926975133774 0.0191160809371672
15 0.9676015108593012 0.21361022364217253 0.0025621655649984264 0.02040468583599574
15 0.6346128423040605 0.21508519701810436 0.0019924457034938624 0.021224707135250265
15 0.6307491344035254 0.21480298189563365 0.001189801699716714 0.02066027689030884
1 0.20870790053509602 0.21519701810436634 0.0038180673591438467 0.027838125665601704
20 0.623537928863708 0.21651757188498402 0.003764557758892037 0.011309904153354632
20 0.5663566257475606 0.21682641107561235 0.004604973245199874 0.018317358892438764
15 0.4649055712936733 0.21701277955271567 0.002521246458923513 0.02082002129925453
15 0.3085583884167453 0.2174866879659212 0.005848284545168397 0.013248136315228967
15 0.9434781240163675 0.2175026624068158 0.002788794460182562 0.01753993610223642
20 0.11605445388731507 0.21799787007454738 0.01555240793201133 0.06538871139510118
15 0.4615643689014794 0.21812566560170393 0.002134088762983947 0.020915867944621937
20 0.16879131255901794 0.21912140575079872 0.012118350645262826 0.052726304579339724
15 0.42918476550204593 0.2195580404685836 0.002215926975133774 0.01952076677316294
20 0.40928706326723324 0.2192119275825346 0.0033396285804217813 0.014568690095846645
20 0.049752911551778405 0.22087326943556976 0.01640856153604029 0.06687965921192758
15 0.43298709474346864 0.2204898828541001 0.0022662889518413596 0.01925452609158679
9 0.6521277935158954 0.22112886048988284 0.021913755114888262 0.03970181043663472
15 0.44099622285174694 0.22185303514376997 0.0025464274472773054 0.015591054313099042
20 0.23415958451369215 0.22178913738019168 0.014431853950267548 0.0665814696485623
15 0.5363235757003463 0.22548455804046857 0.0024551463644948064 0.016464323748668797
15 0.5606610009442871 0.2252555910543131 0.0020270695624803273 0.024526091586794464
1 0.7116902738432483 0.22491480298189562 0.005690903367957191 0.047273695420660275
1 0.45330500472143537 0.22553780617678382 0.00198300283286119 0.02083067092651757
1 0.29231665092854897 0.22573482428115016 0.002952470884482216 0.025484558040468584
15 0.352724268177526 0.22602236421725241 0.008564683663833806 0.013280085197018105
15 0.2974331129996853 0.226395101171459 0.002483474976392823 0.02041533546325879
15 0.5323796033994334 0.22703407880724175 0.0021214982688070507 0.021693290734824282
15 0.5729178470254958 0.2267891373801917 0.001989298079949638 0.019073482428115015
9 0.48896757947749453 0.2269968051118211 0.01790997796663519 0.0706070287539936
15 0.2879682090022033 0.2276517571884984 0.004327982373308152 0.020798722044728435
1 0.7390210890777462 0.2281150159744409 0.006842933585143217 0.043024494142705004
15 0.9474236701290526 0.22868477103301385 0.0018665407617248977 0.020734824281150158
1 0.47060906515580736 0.22882854100106498 0.0025967894239848914 0.02528221512247071
1 0.7933931381806736 0.2300479233226837 0.004790683034309097 0.04263045793397231
20 0.42134875668870003 0.22985623003194888 0.0035410764872521247 0.01242811501597444
1 0.8481885426502991 0.23115015974440895 0.005473717343405729 0.03844515441959532
1 0.7806531318854266 0.23062300319488818 0.018970727101038715 0.05869009584664537
15 0.41557916273213724 0.23177316293929712 0.002074283915643689 0.018391906283280086
15 0.5141957821844507 0.2331895633652822 0.005413912496065471 0.010575079872204473
1 0.8360654705697198 0.23400958466453675 0.01774000629524709 0.056943556975505856
15 0.9745593327038087 0.23600638977635785 0.008923512747875355 0.01407880724174654
1 0.810407617248977 0.2370926517571885 0.017415801070192003 0.054589989350372736
15 0.5795687755744413 0.2375133120340788 0.0020711362920994647 0.021352502662406816
15 0.5913802329241423 0.23741214057507987 0.0024016367642429965 0.023280085197018102
15 0.5835757003462386 0.23842385516506923 0.0019011646207113628 0.023173588924387648
15 0.5872521246458924 0.2383226837060703 0.00169971671388102 0.025101171458998935
15 0.6716761095372993 0.23898828541001066 0.003094113943972301 0.022172523961661344
15 0.9824551463644948 0.23998402555910542 0.0033112999685237644 0.019904153354632588
15 0.6757192319798553 0.2396059637912673 0.001737488196411709 0.01488817891373802
1 0.4310292728989613 0.24140575079872206 0.0071639911866540765 0.018487752928647495
15 0.9431822474032105 0.24130457933972313 0.0028265659427132517 0.02041533546325879
15 0.9644774944916588 0.2423535676251331 0.0026093799181617877 0.031033013844515442
20 0.598989612842304 0.2429765708200213 0.003770853005980485 0.01523961661341853
15 0.6047245829398804 0.24416932907348243 0.003909348441926345 0.021884984025559107
1 0.02509915014164306 0.24449414270500533 0.004242996537614101 0.026794462193823216
15 0.33142902108907774 0.24545793397231097 0.0024866225999370475 0.026592119275825346
1 0.40855681460497323 0.24826943556975506 0.0037677053824362607 0.027955271565495207
15 0.3650047214353163 0.2496964856230032 0.0035379288637079004 0.022289669861554846
15 0.634732451998741 0.25085197018104366 0.0022316650928548946 0.016080937167199147
15 0.5149370475291155 0.2513471778487753 0.0018602455146364495 0.019201277955271566
15 0.5108199559332703 0.25171458998935037 0.003068932955618508 0.024195953141640043
15 0.5191627321372364 0.25202875399361024 0.002127793515895499 0.020564430244941426
15 0.6303729933899905 0.25333333333333335 0.0016965690903367955 0.01678381256656017
15 0.5235552407932011 0.2531682641107561 0.002728989612842304 0.022843450479233227
15 0.2673371104815864 0.25445154419595317 0.00272584198929808 0.023280085197018102
15 0.5281413282971357 0.255580404685836 0.00245829398803903 0.023407880724174653
15 0.37822001888574125 0.2559584664536741 0.002269436575385584 0.022034078807241748
15 0.952050676739062 0.25578274760383385 0.0016776833490714511 0.017422790202342917
15 0.3863282971356626 0.25591586794462196 0.003377400062952471 0.02194888178913738
15 0.3905067673906201 0.2566773162939297 0.0022914699401951526 0.02134185303514377
15 0.9558168083097262 0.2570394036208733 0.0022851746931067045 0.015676251331203407
1 0.4684497954044697 0.2588445154419595 0.004573497009757632 0.029936102236421725
15 0.9747828139754486 0.26126730564430245 0.003075228202706956 0.017742279020234293
1 0.4637566887000315 0.2615122470713525 0.003371104815864023 0.024621938232161876
15 0.5836307837582625 0.2647444089456869 0.0026408561536040293 0.01830670926517572
15 0.2985284859930752 0.2651384451544196 0.0015265974189486936 0.021224707135250265
15 0.30282813975448536 0.2662300319488818 0.0032011331444759205 0.025537806176783813
15 0.30728045325779035 0.26799254526091587 0.002662889518413598 0.020543130990415336
15 0.39588290840415485 0.26945686900958465 0.0023418319169027386 0.02134185303514377
15 0.5992429965376141 0.27216719914802984 0.006795719231979855 0.016112886048988286
15 0.33173276676109537 0.27328541001064965 0.003094113943972301 0.014089456869009585
1 0.5113172804532577 0.27445686900958466 0.005322631413282972 0.010042598509052182
20 0.5399826880705068 0.27443556975505856 0.0034781240163676425 0.018519701810436634
15 0.3691265344664778 0.2750905218317359 0.0029682090022033363 0.021959531416400425
15 0.5314447592067989 0.2751277955271566 0.00654705697198615 0.011384451544195952
15 0.6526597418948694 0.2760596379126731 0.003462385898646522 0.02389776357827476
1 0.6575448536355052 0.2761022364217252 0.003160214038401007 0.021853035143769968
15 0.6619924457034939 0.276741214057508 0.00198300283286119 0.02526091586794462
1 0.641728045325779 0.2774121405750799 0.003632357570034624 0.024472843450479235
15 0.5495593327038086 0.2783067092651757 0.0024866225999370475 0.026261980830670925
15 0.2667673906200818 0.28070820021299253 0.003474976392823418 0.011895633652822151
20 0.5190667296191376 0.28115548455804046 0.004453887315077117 0.014920127795527156
15 0.545520931696569 0.2810702875399361 0.0032231665092854896 0.029659211927582536
1 0.5053320742839157 0.2833013844515442 0.002165564998426188 0.02134185303514377
1 0.75219074598678 0.2835197018104367 0.004224110796348757 0.023908413205537805
15 0.748131885426503 0.2842492012779553 0.0024016367642429965 0.014717784877529286
15 0.495196726471514 0.2843556975505857 0.002669184765502046 0.025580404685835997
15 0.5012700661000945 0.2844408945686901 0.0015958451369216242 0.021490947816826412
15 0.7603116147308783 0.284776357827476 0.0022096317280453255 0.022161874334398295
15 0.7563377400062953 0.28544728434504796 0.002445703493862134 0.02137380191693291
15 0.8997056971986149 0.28686900958466455 0.002747875354107649 0.017827476038338657
15 0.8954390934844193 0.28738019169329077 0.0030280138495435943 0.02097976570820021
15 0.887346553352219 0.2876570820021299 0.003840100723953415 0.019403620873269436
15 0.5118256216556499 0.2877848775292865 0.005080264400377715 0.009009584664536743
1 0.8920522505508341 0.28869009584664534 0.0031790997796663518 0.023599574014909478
15 0.949439723009128 0.28998402555910546 0.0027510229776518728 0.021927582534611287
15 0.9540509915014165 0.289877529286475 0.002530689329556185 0.017454739084132056
15 0.299705697198615 0.2919595314164004 0.0038810198300283285 0.017358892438764643
15 0.9650598048473402 0.29530883919062834 0.0025149512118350648 0.034707135250266245
15 0.9695955303745672 0.2985303514376997 0.003402581051306264 0.028370607028753995
15 0.9744885111740635 0.3004898828541001 0.0018570978910922254 0.019510117145899893
15 0.7027982373308153 0.30587859424920133 0.0042744727730563425 0.03880724174653887
15 0.8121671388101983 0.30626730564430243 0.002678627636134718 0.01615548455804047
15 0.7697450424929179 0.3077742279020234 0.005967894239848915 0.038338658146964855
15 0.8080059804847339 0.30816826411075615 0.0025401322001888573 0.019957401490947817
15 0.8425243940824677 0.308716719914803 0.005476864966949952 0.035963791267305645
15 0.9091060749134403 0.31161341853035146 0.005180988353792887 0.04388711395101171
1 0.38221120553981747 0.31651757188498403 0.003956562795089707 0.028136315228966986
15 0.38694050991501416 0.3193716719914803 0.0020837267862763614 0.018935037273695422
15 0.36009600251809887 0.3199946751863685 0.0025338369531004096 0.01805111821086262
1 0.4826786276361347 0.31979765708200214 0.0040730248662259995 0.019787007454739082
1 0.46876613157066416 0.32050585729499464 0.0033175952156122126 0.02546325878594249
15 0.514494806421152 0.3207507987220447 0.0028643374252439405 0.030212992545260917
1 0.5344538873150771 0.32022364217252397 0.00375196726471514 0.024898828541001065
15 0.48789896128423044 0.3224760383386582 0.003811772112055398 0.018753993610223643
1 0.6242052250550834 0.3226038338658147 0.004469625432798237 0.029659211927582536
1 0.5197765187283601 0.3224174653887114 0.003984891406987725 0.025026624068157616
1 0.3655807365439094 0.32317358892438763 0.004689959080893925 0.028668796592119277
15 0.6179981114258735 0.3228913738019169 0.002757318224740321 0.02597444089456869
1 0.6389880390305319 0.32507454739084135 0.005706641485678313 0.03460063897763579
1 0.7030862448851117 0.3447923322683706 0.002961913755114888 0.025047923322683706
20 0.7276298394711992 0.34570820021299253 0.011129996852376456 0.04817891373801917
20 0.8681429021089078 0.3460170394036209 0.011388101983002833 0.0551863684771033
1 0.3165816808309726 0.34695420660276893 0.002379603399433428 0.02511182108626198
15 0.32100881334592385 0.3474281150159745 0.003050047214353163 0.02179978700745474
1 0.769101353478124 0.34806176783812565 0.0021624173748819643 0.02093716719914803
15 0.3253761410135348 0.34914270500532485 0.0029713566257475606 0.01883919062832801
20 0.5351416430594901 0.3490841320553781 0.0026093799181617877 0.012332268370607028
1 0.9091029272898961 0.34900958466453674 0.0026565942713251494 0.022832800851970182
1 0.842626691847655 0.349653887113951 0.0037928863707900537 0.028381256656017036
15 0.508188542650299 0.35197018104366345 0.003471828769279194 0.02875399361022364
20 0.7953997481901165 0.3521938232161874 0.01258105130626377 0.06115015974440895
15 0.4650188857412653 0.3537859424920128 0.004006924771797293 0.03238551650692226
20 0.9347277305634246 0.3548029818956337 0.014246144161158325 0.051458998935037276
15 0.3557806106389676 0.3542917997870075 0.003975448536355052 0.035527156549520766
15 0.6147875354107649 0.35456869009584663 0.005779036827195467 0.03182108626198083
15 0.5262244255587032 0.3554153354632588 0.008696883852691217 0.014345047923322684
15 0.4732798237330815 0.3565601703940362 0.006049732451998741 0.027284345047923323
15 0.40747245829398804 0.357790202342918 0.002858042178155493 0.023354632587859425
15 0.4338637079005351 0.35757188498402553 0.002760465848284545 0.02078807241746539
1 0.42991344035253387 0.3577369542066028 0.0036732766761095373 0.018988285410010648
1 0.40282656594271327 0.3580457933972311 0.0036386528171230724 0.021735889243876465
15 0.6310151085930122 0.3601384451544196 0.006757947749449165 0.01314164004259851
1 0.5590635819955934 0.3609850905218317 0.0032389046270066097 0.025484558040468584
1 0.5891281082782499 0.360702875399361 0.0029335851432168714 0.024920127795527155
15 0.5635867170286434 0.3612034078807242 0.003471828769279194 0.023791267305644303
15 0.5936512433112999 0.36324281150159743 0.0031665092854894555 0.027870074547390843
15 0.37302644003777147 0.36683173588924384 0.007620396600566573 0.011618743343982961
9 0.30306893295561854 0.37537806176783817 0.009977966635190431 0.062790202342918
15 0.31675165250236076 0.37913205537806177 0.003978596159899276 0.02556975505857295
15 0.32159899276046583 0.39168796592119276 0.0029713566257475606 0.02086261980830671
15 0.3261268492288322 0.3934078807241747 0.002584198929807995 0.022172523961661344
1 0.06530217186024552 0.4093397231096912 0.007847025495750708 0.043386581469648564
1 0.05592067988668555 0.4089403620873269 0.007340258105130626 0.046847710330138445
1 0.3607821844507397 0.4138232161874334 0.002017626691847655 0.028924387646432376
15 0.3499748190116462 0.4144621938232162 0.003065785332074284 0.023812566560170393
1 0.33653289266603714 0.4146379126730565 0.0032514951211835065 0.024164004259850907
1 0.3462952470884482 0.41413738019169327 0.003890462700661001 0.02529286474973376
15 0.3756373937677054 0.4151970181043664 0.002140384010072395 0.01676251331203408
1 0.3793059490084986 0.414419595314164 0.0025527226943657536 0.019467518636847713
1 0.3713707900535096 0.41526624068157614 0.003050047214353163 0.02116080937167199
1 0.3836984576644633 0.41562300319488815 0.0025243940824677367 0.024004259850905218
15 0.40695624803273533 0.4161395101171459 0.003084671073339629 0.020777422790202345
1 0.4643988039030532 0.41637912673056443 0.0021372363865281713 0.019126730564430247
15 0.39380390305319485 0.4171299254526092 0.00447906830343091 0.02914802981895634
1 0.41524236701290523 0.4172949946751863 0.0032892666037141957 0.025218317358892437
1 0.49402895813660685 0.4169968051118211 0.0034812716399118667 0.024621938232161876
1 0.4589911866540761 0.417678381256656 0.0032829713566257476 0.021725239616613417
15 0.5063298709474346 0.4176251331203408 0.0022725841989298078 0.02374866879659212
1 0.4442823418319169 0.41819488817891376 0.00345294302801385 0.02488817891373802
1 0.4783695310040919 0.41793929712460065 0.00300912810827825 0.022247071352502663
15 0.43759049417689644 0.4183652822151225 0.003918791312559017 0.025228966986155486
1 0.44819955933270383 0.41871671991480297 0.002474032105760151 0.025931842385516508
1 0.4015486307837583 0.4186102236421725 0.004859930752282027 0.02784877529286475
1 0.558201133144476 0.4186741214057508 0.00529115517784073 0.030106496272630456
1 0.43280925401322007 0.41875931842385516 0.005058231035568146 0.023887113951011715
15 0.5630783758262512 0.4186741214057508 0.0024551463644948064 0.02584664536741214
15 0.4742067988668555 0.41856230031948877 0.0022379603399433428 0.02349307774227902
1 0.3211299968523765 0.4193929712460064 0.002662889518413598 0.018764643237486688
15 0.4549496380232924 0.41908413205537803 0.002754170601196097 0.02453674121405751
1 0.5101652502360718 0.41908413205537803 0.0030185709789109223 0.02453674121405751
15 0.5255681460497325 0.41908413205537803 0.0023481271639911867 0.02453674121405751
15 0.3253289266603714 0.4196325878594249 0.002247403210576015 0.02137380191693291
1 0.515574441296821 0.41964323748668797 0.0025055083412023923 0.021395101171459
15 0.42519672647151396 0.42039403620873267 0.004941768964431854 0.027156549520766772
1 0.534367327667611 0.42016506922257724 0.00231979855209317 0.022438764643237488
1 0.5928202706956248 0.4207401490947817 0.0040226628895184136 0.02571884984025559
1 0.5200786905886056 0.4204046858359957 0.0033301857097891093 0.02078807241746539
1 0.5716477809254014 0.4209797657082002 0.0044853635505193576 0.026198083067092655
15 0.550239219389361 0.4207667731629393 0.005105445388731507 0.030031948881789138
15 0.5975243940824677 0.42102768903088394 0.002728989612842304 0.024164004259850907
1 0.5388888888888889 0.42156017039403626 0.0025495750708215297 0.025228966986155486
1 0.5297623544224112 0.42173588924387645 0.0025527226943657536 0.025580404685835997
1 0.5670144790683034 0.42191160809371675 0.0021435316336166194 0.025931842385516508
15 0.6107286748504879 0.4227156549520767 0.0033270380862448854 0.025410010649627262
1 0.6199700975763298 0.4227156549520767 0.0029241422725841985 0.025410010649627262
15 0.6301196096946805 0.42261448349307773 0.0024488511174063582 0.027337593184238552
1 0.601866540761725 0.42288604898828536 0.0032294617563739378 0.025750798722044728
1 0.6056909033679572 0.42366879659211926 0.002694365753855839 0.0251863684771033
1 0.6248378973874724 0.42438764643237487 0.0025873465533522194 0.03301384451544196
15 0.5848378973874725 0.4253993610223642 0.005684608120868744 0.0329073482428115
1 0.615450110166824 0.4252555910543131 0.0033270380862448854 0.028359957401490946
1 0.6352061693421467 0.4247923322683706 0.0025495750708215297 0.025303514376996808
1 0.9579461756373938 0.43152289669861554 0.005284859930752282 0.038764643237486685
1 0.9672159269751337 0.43321086261980835 0.006827195467422097 0.04001064962726305
1 0.3087063267233239 0.06600638977635784 0.015587031790997798 0.023386581469648563
15 0.5753430909663204 0.08580937167199149 0.004951211835064527 0.01400425985090522
1 0.10240006295247088 0.09404153354632588 0.005870317909977966 0.04750798722044729
1 0.1312149826880705 0.09477635782747604 0.005583884167453572 0.046847710330138445
1 0.1727132514951212 0.09541533546325878 0.0168146049732452 0.05451544195953142
1 0.11643846395971043 0.09537273695420662 0.016949952785646837 0.060820021299254526
1 0.1588117721120554 0.09755058572949946 0.006638338054768649 0.04387646432374867
1 0.14429178470254958 0.09816826411075613 0.01662889518413598 0.05789137380191693
1 0.2146726471514007 0.09861554845580404 0.006934214667925717 0.046006389776357834
1 0.2712165564998426 0.0998136315228967 0.006707585772741579 0.044142705005324814
15 0.5747009757632987 0.1002555910543131 0.005555555555555555 0.010947816826411074
15 0.6418917217500787 0.10174121405750798 0.0033301857097891093 0.024568690095846647
20 0.631600566572238 0.10210330138445155 0.002892666037141958 0.021033013844515443