15 0.05149438727782975 0.5744068767908309 0.008507951356407858 0.006120343839541547
20 0.7629887745556595 0.5772005730659026 0.015219831618334892 0.019730659025787967
20 0.8438470533208606 0.5786446991404012 0.01323199251637044 0.020326647564469915
15 0.7777572497661366 0.580593123209169 0.0073386342376052386 0.00588538681948424
15 0.6950818521983162 0.5828968481375358 0.007563143124415342 0.005908309455587393
15 0.052429840972871844 0.5825730659025788 0.008507951356407858 0.006406876790830946
15 0.7773082319925164 0.588375358166189 0.008311506080449017 0.005404011461318052
15 0.6947801683816651 0.5900114613180515 0.00883068288119738 0.006383954154727794
1 0.9596655753040224 0.5905472779369628 0.008199251637043967 0.008601719197707736
15 0.052429840972871844 0.5905931232091691 0.008507951356407858 0.006401146131805158
1 0.9090481758652947 0.5904154727793697 0.006122544434050514 0.01521489971346705
1 0.9444293732460244 0.5911203438395416 0.005790458372310571 0.014332378223495703
20 0.037097754911131896 0.5911060171919771 0.01713283442469598 0.018888252148997135
1 0.9268919550982226 0.5919713467048711 0.02029466791393826 0.013742120343839542
15 0.7775608044901777 0.5959426934097422 0.006945743685687559 0.005638968481375358
15 0.05249064546304957 0.5987621776504297 0.00862956033676333 0.0066934097421203435
20 0.7630963517305893 0.5998051575931233 0.013564078578110383 0.021386819484240687
20 0.8288657623947615 0.6002349570200574 0.015074836295603366 0.019954154727793695
20 0.8439850327408793 0.6012492836676218 0.01537885874649205 0.021982808022922636
15 0.6784424695977549 0.6031518624641834 0.010767072029934517 0.007449856733524355
15 0.77927736202058 0.6042378223495702 0.008507951356407858 0.005037249283667621
1 0.0528133769878391 0.6065902578796561 0.011145930776426565 0.008595988538681949
20 0.03733863423760524 0.6115702005730659 0.017614593077642654 0.017409742120343838
15 0.6657904583723105 0.611785100286533 0.008849391955098223 0.005232091690544413
15 0.053257717492984094 0.6156819484240688 0.009228250701590272 0.008441260744985673
15 0.6663072965388214 0.619865329512894 0.008947614593077642 0.005346704871060172
15 0.0520088868101029 0.6226762177650429 0.007666043030869972 0.006383954154727794
15 0.6661131898971001 0.6278510028653295 0.008559401309635173 0.006418338108882521
15 0.05293264733395697 0.6312693409742121 0.006707202993451824 0.006378223495702006
20 0.03798643592142189 0.6322664756446992 0.017974742750233863 0.017541547277936963
15 0.6660640785781105 0.6353925501432665 0.008461178671655753 0.005455587392550143
15 0.05306594948550047 0.6395845272206304 0.007909260991580918 0.006962750716332378
15 0.05286014967259121 0.6478825214899714 0.005626753975678204 0.00636676217765043
20 0.03761459307764266 0.6514957020057306 0.016295603367633305 0.014739255014326647
15 0.05337698783910197 0.6555501432664756 0.009466791393826005 0.006802292263610315
15 0.05419317118802619 0.6687994269340974 0.009228250701590272 0.006939828080229226
20 0.0388376987839102 0.6734985673352436 0.015935453695042096 0.01633810888252149
1 0.05326941066417212 0.6764097421203439 0.01018709073900842 0.008406876790830945
15 0.04704162768942938 0.6910114613180516 0.008021515434985967 0.007810888252148997
1 0.6039710009354536 0.6927507163323782 0.00588400374181478 0.013581661891117478
1 0.6108910196445276 0.6934670487106017 0.005692235734331151 0.015014326647564469
15 0.6214382600561272 0.7016561604584528 0.009013096351730589 0.006177650429799427
1 0.6362371375116932 0.7016332378223495 0.009611786716557531 0.00498567335243553
1 0.6360617399438728 0.7087449856733524 0.010196445275958841 0.005455587392550143
15 0.6214593077642657 0.7092234957020057 0.009990645463049579 0.006412607449856733
1 0.5132156220767072 0.7132951289398282 0.0049158091674462116 0.012263610315186246
15 0.6213610851262863 0.717243553008596 0.00979420018709074 0.006406876790830946
1 0.6362371375116932 0.7173381088825216 0.009611786716557531 0.005449856733524355
15 0.621244153414406 0.7249054441260745 0.00862488306828812 0.005684813753581662
1 0.6363634237605239 0.7252893982808023 0.008928905519176801 0.0075988538681948424
1 0.6368101028999065 0.7331060171919771 0.007951356407857811 0.006040114613180515
1 0.621955098222638 0.7333209169054441 0.00911131898971001 0.00532378223495702
15 0.6219270346117868 0.7415214899713467 0.009990645463049579 0.005679083094555874
1 0.636831150608045 0.7418538681948424 0.008928905519176801 0.005197707736389685
1 0.6364125350795136 0.7496361031518625 0.009027128157156221 0.004716332378223496
15 0.621711880261927 0.750352435530086 0.00862488306828812 0.006148997134670487
9 0.5671047708138447 0.7504240687679083 0.07434050514499532 0.09339828080229226
1 0.6367048643592143 0.7573467048710602 0.009611786716557531 0.006383954154727794
15 0.6220042095416277 0.7578223495702007 0.00920954162768943 0.007335243553008596
1 0.6364125350795136 0.7655816618911175 0.009027128157156221 0.00566189111747851
15 0.6220042095416277 0.766297994269341 0.00920954162768943 0.007094555873925502
1 0.6369574368568756 0.7738166189111747 0.00824602432179607 0.004939828080229226
15 0.6221024321796071 0.7738997134670487 0.009405986903648269 0.006252148997134671
1 0.6365177736202058 0.7814441260744985 0.007366697848456501 0.0052951289398280805
15 0.6223947614593078 0.7826962750716333 0.009990645463049579 0.007799426934097421
15 0.525023386342376 0.789489971346705 0.010757717492984098 0.006487106017191977
1 0.6370065481758653 0.7899770773638969 0.008344246959775491 0.005169054441260745
15 0.622511693171188 0.7904555873925502 0.011159962581852197 0.006126074498567335
15 0.6225701590271282 0.7968997134670487 0.009405986903648269 0.007553008595988539
1 0.6370065481758653 0.7976045845272206 0.008344246959775491 0.005524355300859599
15 0.6228624883068289 0.8053008595988539 0.009990645463049579 0.009455587392550143
1 0.6371913002806361 0.8058022922636103 0.010584658559401309 0.005873925501432665
15 0.6001987839101964 0.8112234957020058 0.012371375116931711 0.00754727793696275
15 0.5667235734331151 0.8114011461318051 0.00903180542563143 0.007902578796561604
15 0.583956969130028 0.811378223495702 0.009822263797942002 0.006710601719197708
15 0.5214826941066417 0.8119140401146132 0.009289055191768007 0.007782234957020058
15 0.5513026192703461 0.8118567335243553 0.00999532273152479 0.007667621776504299
15 0.534466791393826 0.8122865329512894 0.008129092609915808 0.006234957020057307
1 0.6376403180542564 0.8134641833810887 0.009611786716557531 0.005151862464183381
15 0.6233021515434986 0.8143610315186246 0.010869971936389148 0.006945558739255014
1 0.6379420018709074 0.8216045845272206 0.008344246959775491 0.005386819484240688
15 0.6234962581852199 0.8215329512893983 0.011258185219831619 0.007535816618911175
1 0.5950023386342376 0.8229111747851003 0.006655753040224509 0.01487679083094556
1 0.5674462114125352 0.8233409742120344 0.006735266604303087 0.013444126074498568
1 0.5838891487371375 0.8237593123209169 0.007815715622076707 0.014280802292263611
1 0.5517025257249766 0.824297994269341 0.008924228250701589 0.013065902578796562
1 0.5345369504209542 0.8245358166189112 0.00920486435921422 0.013541547277936963
1 0.521688493919551 0.8253467048710602 0.007829747427502337 0.014017191977077365
1 0.6382249766136576 0.829051575931232 0.01078110383536015 0.0053810888252149
15 0.6233489242282507 0.8293151862464183 0.010963517305893358 0.007054441260744986
1 0.037001870907390086 0.8387220630372493 0.009457436856875584 0.0052378223495702005
1 0.6243334892422825 0.8427020057306591 0.006384471468662302 0.013197707736389685
1 0.6112628624883069 0.8437621776504298 0.005500467726847521 0.011879656160458453
1 0.579211880261927 0.8447421203438396 0.007815715622076707 0.01498567335243553
1 0.5967773620205801 0.8449570200573067 0.00646398503274088 0.014269340974212034
15 0.03664172123479888 0.8455243553008597 0.008737137511693171 0.005088825214899714
1 0.5886459307764266 0.8451948424068768 0.0070392890551917685 0.014744985673352435
1 0.0374087932647334 0.8532636103151862 0.009335827876520113 0.005667621776504299
1 0.5818334892422825 0.8584441260744985 0.010252572497661367 0.0068595988538681955
20 0.5121351730589335 0.8601203438395416 0.01117399438727783 0.020527220630372493
15 0.03635406922357343 0.8612263610315186 0.009097287184284377 0.0066934097421203435
1 0.03722871842843779 0.8703782234957019 0.008975678203928906 0.005512893982808022
15 0.5822310570626754 0.8758108882521489 0.010112254443405052 0.0049169054441260745
15 0.03715622076707203 0.8779999999999999 0.007895229186155284 0.008148997134670488
15 0.5820088868101029 0.8834240687679084 0.010603367633302153 0.007535816618911175
9 0.6116136576239477 0.8851690544412607 0.045491113189897105 0.055724928366762176
1 0.03722871842843779 0.8856848137535817 0.008975678203928906 0.004034383954154728
15 0.05395229186155285 0.8878595988538682 0.008746492048643592 0.006091690544412608
15 0.054338166510757714 0.8956733524355301 0.011389148737137512 0.00681948424068768
1 0.640769410664172 0.8998481375358166 0.009321796071094481 0.006
1 0.582956033676333 0.9068051575931232 0.012497661365762395 0.007306590257879656
1 0.6412067352666043 0.9072951289398281 0.010196445275958841 0.005994269340974212
1 0.09233395696913002 0.9253037249283668 0.012544434050514499 0.008773638968481375
9 0.36769176800748365 0.929461318051576 0.04034144059869037 0.06293409742120343
1 0.09258419083255379 0.9347478510028653 0.009303086997193639 0.008177650429799427
9 0.1528484565014032 0.9370143266475645 0.04096351730589336 0.0642865329512894
9 0.06394059869036482 0.9380458452722064 0.03807764265668849 0.0606189111747851
1 0.09266838166510757 0.9436074498567335 0.011342376052385406 0.006412607449856733
1 0.4692913938260056 0.9488882521489971 0.004064546304957904 0.012389684813753582
1 0.4153391019644528 0.9531805157593123 0.006543498596819458 0.01180515759312321
1 0.45596351730589335 0.9652091690544412 0.004536950420954163 0.011793696275071631
1 0.46878858746492047 0.9653553008595989 0.005865294667913938 0.01208595988538682
1 0.4621047708138447 0.9655616045845272 0.004658559401309635 0.011352435530085959
1 0.09262160898035547 0.966243553008596 0.012184284377923293 0.00698567335243553
1 0.49633536014967256 0.966650429799427 0.010444340505144995 0.006653295128939828
1 0.8981945743685688 0.9699226361031519 0.007801683816651076 0.0074670487106017185
1 0.8866066417212348 0.9702550143266476 0.010818521983161833 0.00698567335243553
1 0.8736997193638915 0.9707707736389685 0.011197380729653882 0.006871060171919771
1 0.860355472404116 0.9711289398280801 0.01070159027128157 0.007587392550143267
1 0.8494667913938261 0.9713438395415472 0.01137511693171188 0.006871060171919771
20 0.917712815715622 0.9728681948424068 0.015032740879326474 0.020234957020057308
20 0.9385430308699719 0.97410888252149 0.015533208606173994 0.019277936962750715
1 0.06278297474275023 0.9787134670487107 0.006763330215154351 0.013587392550143266
1 0.08197848456501404 0.9787134670487107 0.007736202057998129 0.013587392550143266
1 0.070977549111319 0.9790659025787966 0.007249766136576239 0.013146131805157594
1 0.8987511693171187 0.9794813753581662 0.009850327408793264 0.00710028653295129
1 0.17283442469597754 0.9821661891117479 0.005163704396632367 0.0147621776504298
1 0.15633769878391018 0.9823581661891116 0.004911131898971001 0.012853868194842407
20 0.7316136576239476 0.11978223495702006 0.013274087932647333 0.01836103151862464
1 0.32641487371375116 0.14339255014326646 0.005495790458372311 0.012859598853868195
1 0.33403414405986903 0.1444785100286533 0.0067025257249766134 0.01388538681948424
1 0.3422754911131899 0.14461031518624642 0.006347053320860618 0.013002865329512895
1 0.5798409728718429 0.14955300859598855 0.010944808231992516 0.006842406876790831
20 0.7321796071094481 0.15173352435530085 0.013470533208606174 0.020372492836676217
1 0.5799859681945744 0.15886246418338107 0.011234798877455566 0.008269340974212034
20 0.6707857811038354 0.18012320916905444 0.009485500467726848 0.02213753581661891
20 0.7758395696913002 0.18012607449856732 0.013793264733395696 0.016412607449856734
20 0.7979981290926099 0.1807478510028653 0.019756782039289055 0.01307163323782235
20 0.684354536950421 0.18134097421203438 0.014172123479887746 0.019988538681948425
20 0.6312885874649204 0.18130659025787965 0.013746492048643592 0.02106590257879656
20 0.6534073900841908 0.18181948424068767 0.01775958840037418 0.020945558739255014
20 0.735367165575304 0.18186819484240688 0.01610383536014967 0.01760458452722063
20 0.7560149672591207 0.18157306590257882 0.019045837231057062 0.011283667621776504
1 0.8655940130963518 0.20183094555873926 0.006211412535079513 0.011684813753581663
1 0.8660032740879327 0.21731232091690544 0.006094480823199251 0.01284813753581662
15 0.04389850327408793 0.22964469914040114 0.009218896164639851 0.006567335243553009
1 0.8654022450888681 0.23413180515759313 0.004892422825070159 0.012103151862464185
15 0.04465622076707203 0.23772492836676218 0.008863423760523854 0.005535816618911175
9 0.40171889616463985 0.24073352435530085 0.10933115060804491 0.1020974212034384
15 0.04471468662301216 0.24716905444126075 0.008980355472404116 0.004939828080229226
1 0.8657507015902712 0.2508624641833811 0.004653882132834425 0.010034383954154728
9 0.5014943872778297 0.34106303724928366 0.0432132834424696 0.09186819484240688
20 0.03280402245088868 0.34493696275071634 0.015093545369504212 0.02053295128939828
15 0.0491534144059869 0.36488825214899717 0.008503274087932647 0.006567335243553009
20 0.03179607109448083 0.36583954154727794 0.01401309635173059 0.019931232091690544
15 0.04944106641721235 0.3722464183381089 0.00814312441534144 0.0052378223495702005
15 0.04985032740879326 0.38041547277936966 0.008026192703461178 0.005530085959885387
15 0.033234331150608046 0.3811203438395415 0.0075350795135640785 0.00464756446991404
15 0.03426566884939196 0.38871346704871057 0.010533208606173993 0.004934097421203438
15 0.0497310570626754 0.3890085959885387 0.007787652011225443 0.005524355300859599
9 0.4068942937324603 0.3937650429799427 0.10377923292797006 0.12621203438395415
20 0.03415809167446211 0.40453295128939826 0.015930776426566887 0.021673352435530088
20 0.04992282507015903 0.4053696275071633 0.013783910196445275 0.019908309455587393
15 0.6947801683816651 0.4382578796561605 0.00883068288119738 0.005455587392550143
20 0.7746796071094482 0.4392406876790831 0.013344246959775492 0.020028653295128943
15 0.6069621141253507 0.44007163323782233 0.004382600561272217 0.01022922636103152
15 0.6012488306828813 0.4403094555873926 0.004181478016838166 0.010704871060171919
15 0.6139990645463049 0.4405501432664756 0.005360149672591207 0.01118624641833811
15 0.5877478952291861 0.4405243553008596 0.005243217960710945 0.009988538681948425
15 0.5816651075771749 0.44088252148997137 0.005238540692235734 0.010704871060171919
15 0.5747263797942003 0.4413954154727794 0.004457436856875585 0.010584527220630371
15 0.5615271281571562 0.4417908309455587 0.004251637043966324 0.01022922636103152
15 0.5945720299345182 0.4417908309455587 0.004859681945743686 0.01022922636103152
15 0.5685149672591207 0.44202865329512897 0.005130963517305894 0.010704871060171919
15 0.6955893358278765 0.44669627507163323 0.00951356407857811 0.006286532951289399
9 0.04601730589335828 0.4497163323782235 0.037778297474275024 0.0661948424068768
15 0.6231618334892423 0.45488825214899714 0.004976613657623948 0.01120916905444126
15 0.6291183348924229 0.45488825214899714 0.005664172123479887 0.01120916905444126
15 0.6951028999064547 0.4583696275071633 0.008540692235734332 0.005564469914040115
15 0.6948783910196445 0.4663896848137536 0.009027128157156221 0.0055587392550143265
15 0.627422825070159 0.4730057306590258 0.009756782039289055 0.0061833810888252145
1 0.9164031805425631 0.4784842406876791 0.0049298409728718426 0.012555873925501433
15 0.6962137511693172 0.4783839541547278 0.007956033676333022 0.006624641833810889
15 0.6281150608044902 0.48142120343839545 0.009270346117867166 0.0058223495702005735
15 0.6959214218896165 0.48640401146131806 0.007371375116931712 0.0066189111747851
15 0.039448082319925165 0.48857879656160463 0.008737137511693171 0.006383954154727794
15 0.6290902712815715 0.4890716332378223 0.011220767072029934 0.007369627507163324
15 0.053533676333021515 0.49664469914040116 0.007909260991580918 0.004177650429799427
15 0.03965154349859682 0.4965272206303725 0.006337698783910196 0.006234957020057307
1 0.9161155285313377 0.49711174785100287 0.00528999064546305 0.013134670487106018
15 0.6291276894293732 0.49735243553008596 0.008489242282507015 0.009031518624641834
1 0.9096234798877456 0.49815472779369624 0.005402245088868101 0.010636103151862463
15 0.6957249766136576 0.49853008595988535 0.006978484565014032 0.0056561604584527215
15 0.05434985968194574 0.5037679083094556 0.007670720299345182 0.006962750716332378
15 0.040275958840037415 0.5061318051575932 0.009457436856875584 0.0071060171919770775
15 0.6283582787652011 0.5061375358166189 0.009756782039289055 0.007117478510028653
15 0.6957740879326474 0.5061690544412607 0.0070767072029934526 0.0037421203438395417
20 0.8477853133769878 0.5136103151862464 0.013624883068288119 0.01977077363896848
15 0.627422825070159 0.5138366762177651 0.009756782039289055 0.00532378223495702
20 0.8335734331150608 0.5145902578796562 0.014200187090739008 0.017146131805157595
1 0.9214289055191769 0.5178080229226362 0.004691300280636108 0.01326647564469914
15 0.6280168381665108 0.5211289398280803 0.009073900841908325 0.006154727793696275
15 0.6949462114125351 0.5228309455587393 0.005420954162768943 0.006120343839541547
15 0.6280378858746491 0.5300200573065903 0.010051449953227315 0.006744985673352436
15 0.6950327408793264 0.5300630372492837 0.007464920486435922 0.006830945558739255
15 0.6947123479887746 0.5435501432664757 0.007759588400374181 0.005151862464183381
15 0.618133769878391 0.5447793696275072 0.010823199251637045 0.007610315186246418
15 0.7780495790458373 0.5457421203438396 0.00792329279700655 0.004951289398280803
15 0.6947895229186155 0.5514527220630372 0.006978484565014032 0.004911174785100287
15 0.6183091674462113 0.5528825214899713 0.010238540692235735 0.008916905444126075
15 0.7772404115996259 0.5532120343839542 0.007240411599625819 0.006137535816618912
20 0.8438891487371375 0.5573409742120343 0.019864359214218894 0.012103151862464185
15 0.5549672591206736 0.5582664756446991 0.006099158091674462 0.01166189111747851
15 0.5691791393826006 0.5582664756446991 0.005523854069223574 0.01166189111747851
15 0.5947380729653882 0.5582292263610316 0.006127221702525725 0.01273352435530086
15 0.5755355472404116 0.5584813753581661 0.005140318054256314 0.010945558739255016
15 0.5483185219831619 0.5587191977077364 0.005898035547240411 0.011421203438395415
15 0.5817048643592142 0.5587191977077364 0.007188961646398503 0.011421203438395415
15 0.5620533208606174 0.5585644699140402 0.007174929840972872 0.012257879656160459
15 0.5885570626753975 0.5592206303724928 0.005926099158091674 0.013570200573065903
15 0.7769387277829748 0.5613295128939828 0.008507951356407858 0.005180515759312321
15 0.6952291861552854 0.5636017191977077 0.007857811038353603 0.005140401146131806
15 0.6950327408793264 0.5701432664756447 0.007464920486435922 0.0056160458452722065
20 0.036690832553788584 0.5709083094555873 0.01725444340505145 0.018607449856733523
15 0.7780004677268475 0.5708767908309456 0.007825070159027128 0.007083094555873925