1 0.4356244761106455 0.7926554498902706 0.05314333612740989 0.1295683979517191
20 0.8337615255658005 0.7937015362106803 0.06987007544006706 0.15068032187271396
1 0.6288013411567477 0.7967081199707388 0.006974015088013412 0.044038039502560355
15 0.9117958927074602 0.07972567666422824 0.013030176026823135 0.008756400877834676
15 0.8767435037720033 0.0799817117776152 0.014174350377200336 0.010731528895391368
15 0.18731349538977368 0.0802450621799561 0.007485331098072087 0.02735186539868325
9 0.28779756915339477 0.8093928310168252 0.08774937133277452 0.13231894659839064
1 0.14054694048616934 0.809904901243599 0.12434618608549874 0.22405267008046817
1 0.5530783738474434 0.8109144111192392 0.1321416596814753 0.23192392099487932
9 0.6983675607711651 0.8135332845647403 0.0882690695725063 0.12304316020482808
15 0.645152975691534 0.821020482809071 0.006148365465213747 0.02536210680321873
15 0.7736085498742665 0.08589246525237747 0.012430846605196982 0.009385515727871252
9 0.6291932103939648 0.869480614484272 0.027875104777870915 0.035961960497439646
9 0.22295054484492877 0.8713862472567666 0.02343671416596815 0.03245793708851499
1 0.2512384744341995 0.8788807607900513 0.0330720871751886 0.05476225310899781
1 0.6392979882648785 0.9024945135332846 0.007849958088851635 0.025910753474762255
1 0.6629819782062029 0.9029188002926115 0.0317476948868399 0.05309436722750548
1 0.23420578373847445 0.903467446964155 0.006550712489522213 0.026393562545720554
1 0.625083822296731 0.9036759326993417 0.007082984073763621 0.026810534016093634
1 0.22047359597652974 0.9045683979517192 0.007585917854149205 0.025669348939283104
4 0.7778206202849959 0.958054133138259 0.07282481139983235 0.03168983174835406
4 0.374570410729254 0.960753474762253 0.0693419949706622 0.03708851499634236
4 0.6200523889354568 0.9621799561082662 0.06994551550712488 0.03994147768836869
4 0.21857921207041073 0.9665581565471837 0.06917854149203688 0.04577176298463789
4 0.06158214585079631 0.9669202633504024 0.07119446772841576 0.04649597659107535
1 0.6170264040234702 0.09859912216532553 0.05299664710813076 0.09478419897585955
4 0.23778709136630344 0.0983394294074616 0.024610226320201174 0.09719092904169715
4 0.2109576697401509 0.10104974396488661 0.02208298407376362 0.09675932699341624
15 0.8765947191953058 0.10382955376737381 0.013038558256496227 0.008683247988295537
15 0.9125565800502934 0.10385881492318946 0.012875104777870914 0.010204828090709583
15 0.1193105616093881 0.10375640087783468 0.014815590947191953 0.012926115581565473
15 0.7054715004191116 0.10468910021945868 0.016139983235540653 0.01479151426481346
9 0.8176445934618609 0.10622896854425751 0.03763621123218776 0.08956108266276519
15 0.1808151718357083 0.1120848573518654 0.007062028499580889 0.026656912948061447
1 0.1662007544006706 0.11489392831016826 0.02309723386420788 0.038127286027798094
1 0.2819467728415759 0.11810534016093635 0.04587175188600168 0.06064374542794441
15 0.12826487845766976 0.12100585223116313 0.015121542330259849 0.012311631309436721
4 0.7330846605196982 0.12235918068763715 0.024425817267393127 0.1540087783467447
9 0.6652116512992455 0.12383686905632772 0.0362070410729254 0.08966349670811996
15 0.7057187761944678 0.12821872713972202 0.014958088851634533 0.01210680321872714
15 0.8769886839899412 0.12773957571324068 0.012988264878457669 0.009685442574981712
15 0.9118126571668064 0.13019019751280175 0.013901927912824812 0.011660570592538404
15 0.7740213746856665 0.13029261155815655 0.013256496227996647 0.010402340892465252
15 0.3532544006705784 0.13049743964886612 0.01497485331098072 0.015201170446232627
15 0.19199706621961443 0.1342977322604243 0.010984911986588432 0.0696196049743965
15 0.4440926236378877 0.13621799561082662 0.005536462699077955 0.025179224579370888
1 0.4320871751886002 0.13696049743964886 0.006672254819782062 0.02373811265544989
15 0.38917015926236376 0.14161302121433797 0.013880972338642078 0.009634235552304317
15 0.1808151718357083 0.14389539136795904 0.007062028499580889 0.028829553767373808
1 0.11447401508801341 0.15156181419166057 0.029450963956412404 0.04562545720555962
15 0.9126592623637888 0.15266276517922459 0.013080469404861694 0.009787856620336504
15 0.8764752724224644 0.15298829553767374 0.011961441743503772 0.008975859546452084
15 0.7740465213746857 0.15539502560351134 0.013306789606035206 0.010863204096561814
1 0.32180846605196983 0.16145574250182884 0.007405699916177704 0.025910753474762255
1 0.6422422464375525 0.16336503291880028 0.007032690695725063 0.025340160936356985
1 0.8100586756077116 0.17479517190929042 0.013243922883487007 0.010160936356986101
15 0.18151089689857502 0.17580833942940746 0.006777032690695726 0.026817849305047547
15 0.91191743503772 0.17661667885881494 0.014111483654652137 0.010877834674469641
15 0.15369865884325232 0.17634967081199707 0.014019279128248114 0.01180687637161668
15 0.8766806370494552 0.1767190929041697 0.01237217099748533 0.00961960497439649
15 0.774010896898575 0.1782114118507681 0.014073763621123218 0.011141185076810535
15 0.38467518860016764 0.18125822970007316 0.006567476948868399 0.026013167520117047
15 0.39340528080469406 0.18215069495245062 0.005586756077116513 0.023408924652523776
15 0.7899518021793798 0.1910936356986101 0.006559094719195306 0.02373811265544989
15 0.3661525565800503 0.19881858083394296 0.007242246437552389 0.026020482809070957
15 0.15341366303436715 0.19956108266276518 0.015125733445096398 0.014337966349670814
15 0.91191743503772 0.20095830285296268 0.014111483654652137 0.009817117776152158
15 0.8770725062866723 0.20197147037307975 0.012317686504610226 0.008917337234820775
1 0.09683780385582565 0.20962326261887346 0.047824811399832357 0.06811265544989027
1 0.19022212908633696 0.216185076810534 0.006596814752724224 0.025640087783467446
15 0.18160100586756078 0.21664594001463056 0.006957250628667226 0.025098756400877838
1 0.21499790444258174 0.2230029261155816 0.014237217099748532 0.011477688368690562
15 0.15378038558256496 0.22372348207754206 0.015020955574182733 0.012918800292611558
15 0.9132774518021793 0.22455376737381125 0.014316848281642916 0.010190197512801756
15 0.877485331098072 0.22566934893928312 0.01314333612740989 0.00803218727139722
15 0.37549664710813074 0.22945135332845648 0.015033528918692371 0.012670080468178493
15 0.4120515507124895 0.22967812728602782 0.01521793797150042 0.011660570592538404
15 0.39387678122380554 0.23072421360643744 0.014911986588432522 0.012289685442574982
1 0.23372590108968985 0.23149963423555228 0.013973176865046105 0.012377468910021948
15 0.4121689019279128 0.24577907827359183 0.015452640402347024 0.01313825896122897
15 0.3937300922045264 0.24631675201170444 0.013780385582564964 0.012750548646671543
15 0.4576676445934618 0.26000731528895393 0.014245599329421627 0.010870519385515727
15 0.47469404861693204 0.2601865398683248 0.013931265716680638 0.011228968544257497
15 0.6514794635373009 0.2681931236283833 0.012933780385582565 0.011148500365764449
15 0.4426676445934618 0.2698098024871982 0.015259849119865884 0.014381858083394294
1 0.426196563285834 0.2703730797366496 0.015008382229673094 0.012582297000731529
20 0.15195305951383067 0.2722457937088515 0.044056999161777036 0.06753474762253109
1 0.5638390611902766 0.28419166057059253 0.03798826487845767 0.06948061448427213
1 0.5294195305951382 0.2899963423555231 0.015251466890192791 0.012326261887344552
15 0.5000167644593462 0.28959034381858084 0.014283319362950544 0.011514264813460132
15 0.6511043587594301 0.29311631309436725 0.013860016764459346 0.01125091441111924
9 0.8547422464375524 0.29357351865398684 0.03639145012573344 0.07068763716166789
9 0.7996269907795474 0.2930907095830285 0.03764459346186085 0.06825896122896855
9 0.6886525565800503 0.29385881492318944 0.03531014249790444 0.06247988295537674
9 0.7441072925398157 0.29500365764447695 0.03725062866722548 0.06915874177029993
1 0.21286462699077954 0.29749085588880764 0.04014668901927913 0.06096561814191661
15 0.442338642078793 0.299407461594733 0.006219614417435038 0.023833211411850765
15 0.4516282481139983 0.29976591075347475 0.007196144174350378 0.02455010972933431
15 0.10802808046940486 0.30099853694220924 0.02158843252305113 0.0913899049012436
1 0.500138306789606 0.3093489392831017 0.015364626990779546 0.01152889539136796
9 0.4258759430008382 0.31028163862472563 0.018558256496228 0.03534016093635699
15 0.6514522212908633 0.3160497439648866 0.01287929589270746 0.008836869056327724
15 0.34059094719195304 0.32693489392831016 0.008088851634534787 0.02621799561082663
15 0.6514794635373009 0.3399743964886613 0.012933780385582565 0.008405267008046818
4 0.9199622799664712 0.342117776152158 0.03858340318524728 0.041953182150694955
15 0.8733361274098911 0.3465947329919532 0.01322715842414082 0.011404535479151427
1 0.8500167644593463 0.3465179224579371 0.014367141659681476 0.009787856620336504
15 0.817776613579212 0.3463679590343819 0.014430008382229673 0.01095098756400878
1 0.7948826487845767 0.34705559619604975 0.014744341994970663 0.010863204096561814
1 0.7392518860016765 0.34708851499634236 0.014966471081307628 0.012392099487929775
1 0.6843964794635373 0.34901243599122167 0.01338642078792959 0.010387710314557425
15 0.7623323554065381 0.35497073884418434 0.014186923721709975 0.010599853694220921
15 0.7068964794635373 0.35589246525237744 0.013122380553227158 0.008054133138258961
9 0.31233235540653814 0.38844550109729337 0.02617351215423303 0.021953182150694955
1 0.04480930427493714 0.3933211411850768 0.06950125733445096 0.09461594732991953
1 0.9193755238893546 0.40373445501097294 0.037409891031014254 0.0510680321872714
1 0.8525712489522213 0.4105303584491588 0.023667225481978207 0.07051207022677396
1 0.7970054484492874 0.41406364301389903 0.029886839899413244 0.07904169714703731
1 0.7439543168482816 0.41957571324067294 0.02437133277451802 0.07836137527432334
4 0.2120075440067058 0.42019019751280173 0.02250628667225482 0.0781272860277981
1 0.6866282481139984 0.42313094367227505 0.027070410729253983 0.08108266276517923
1 0.2998637887678122 0.42566569129480614 0.04901508801341157 0.05542794440380395
4 0.24862531433361276 0.4273518653986833 0.023654652137468566 0.0646525237746891
9 0.8398700754400671 0.4342794440380395 0.018382229673093043 0.030226773957571323
15 0.7255490360435877 0.45185076810534014 0.0068398994132439234 0.024403803950256035
15 0.1398344509639564 0.45508046817849307 0.014790444258172674 0.08645940014630578
15 0.12544216261525565 0.45558888076079 0.013667225481978205 0.08601316752011705
15 0.33091366303436714 0.4664447695683979 0.015557418273260687 0.011163130943672274
15 0.3118734283319363 0.47065106071689833 0.015196982397317685 0.012260424286759329
15 0.1787049455155071 0.48014996342355526 0.014576697401508801 0.012238478419897586
15 0.11015088013411567 0.4806108266276518 0.007393126571668064 0.02779078273591807
20 0.09239312657166805 0.49573152889539135 0.01881810561609388 0.03754937820043892
1 0.26622170997485334 0.5036283833211412 0.025318524727577535 0.0431016825164594
1 0.937254819782062 0.5070702267739575 0.08574182732606873 0.14654718361375274
4 0.23892497904442583 0.5152048280907096 0.02185666387259011 0.06479151426481346
1 0.7255930427493714 0.5176444769568398 0.039618608549874264 0.07113386978785662
1 0.771081307627829 0.5185040234089247 0.030846605196982395 0.04212874908558888
15 0.30081307627829 0.5210570592538405 0.045884325230511315 0.019436722750548648
9 0.16896269907795472 0.5238039502560351 0.03448868398994133 0.06443306510607169
15 0.06896060352053646 0.5284381858083395 0.04990779547359597 0.02103145574250183
1 0.810758591785415 0.5321726408193124 0.03811399832355406 0.06361375274323336
1 0.44002095557418275 0.5340929041697147 0.025054484492875104 0.057212874908558885
1 0.3495599329421626 0.5357461594732992 0.04279128248113998 0.07222384784198976
15 0.11042539815590949 0.5365544989027067 0.014647946353730094 0.010929041697147037
1 0.3969907795473596 0.5453547915142648 0.029522212908633695 0.0592538405267008
4 0.855859178541492 0.547454279444038 0.03443419949706622 0.04297000731528895
15 0.9117099748533111 0.05470007315288954 0.013696563285834032 0.009912216532553036
15 0.050666387259010896 0.5534967081199708 0.015834031852472757 0.014089246525237749
15 0.877485331098072 0.05607168983174836 0.01314333612740989 0.009729334308705194
15 0.18361902766135793 0.5675530358449159 0.015184409052808046 0.014403803950256037
1 0.16081098072087174 0.5687015362106803 0.01483235540653814 0.013774689100219457
15 0.7878122380553227 0.057051938551572784 0.005632858340318524 0.02339429407461595
1 0.16045264040234702 0.6042757863935625 0.027527242246437555 0.04249451353328457
15 0.12508172673931264 0.6073445501097293 0.021328583403185247 0.11300658376005851
9 0.14722129086336966 0.6632516459400146 0.020343671416596813 0.033160204828090706
15 0.08734492875104778 0.6779114850036577 0.014589270746018441 0.08296269202633504
15 0.6788160100586756 0.6787673738112655 0.014798826487845768 0.011521580102414046
15 0.6789186923721711 0.7126517922457938 0.015004191114836545 0.011989758595464521