20 0.35420194647201947 0.7759348332040341 0.017406326034063262 0.02820791311093871
15 0.15380048661800486 0.7805197827773468 0.014656934306569343 0.014103956555469355
15 0.22787347931873478 0.7889837083010085 0.00805839416058394 0.023273855702094646
20 0.18052311435523116 0.7898991466252909 0.020413625304136256 0.02820791311093871
15 0.23699026763990266 0.7912412723041117 0.005854014598540146 0.024685802948021723
20 0.21295863746958638 0.7916640806826998 0.019104622871046226 0.0317377812257564
15 0.6341313868613139 0.7925096974398759 0.014734793187347932 0.014809930178432894
15 0.15450851581508515 0.7949767261442978 0.015099756690997567 0.011986035686578743
15 0.558330900243309 0.7999844840961986 0.007172749391727494 0.020449961210240498
15 0.5506301703163018 0.8006206361520558 0.005396593673965937 0.023273855702094646
15 0.592712895377129 0.8007602792862685 0.00586374695863747 0.020449961210240498
15 0.5424452554744525 0.8013266097750195 0.008491484184914841 0.024685802948021723
15 0.5763844282238443 0.8013964313421257 0.00629683698296837 0.023273855702094646
15 0.5848369829683698 0.801256788207913 0.007630170316301703 0.026097750193948797
15 0.6018710462287105 0.8013266097750195 0.007635036496350365 0.024685802948021723
15 0.6344403892944039 0.806966640806827 0.01827250608272506 0.01269200930954228
15 0.5105888077858881 0.8077851047323505 0.007065693430656934 0.020535298681148176
15 0.523948905109489 0.8084328937160589 0.004588807785888078 0.018727695888285493
15 0.5314087591240876 0.8092319627618308 0.004909975669099757 0.021877424359968967
15 0.5020462287104622 0.8093134212567882 0.004579075425790754 0.020488750969743987
15 0.1831824817518248 0.8170519782777347 0.006267639902676399 0.020449961210240498
15 0.1502603406326034 0.8174049650892165 0.007576642335766423 0.021155934833204035
15 0.17393430656934306 0.8175484871993793 0.006262773722627736 0.026097750193948797
15 0.1949975669099757 0.8175484871993793 0.00848661800486618 0.026097750193948797
15 0.15906569343065693 0.8180411171450737 0.006695863746958637 0.023979829325058186
20 0.27579075425790756 0.8234018619084562 0.01338199513381995 0.025391776570985257
20 0.21132116788321167 0.824809930178433 0.017776155717761557 0.02820791311093871
20 0.2318515815085158 0.824809930178433 0.016014598540145985 0.02820791311093871
15 0.5510729927007298 0.8284096198603568 0.0062822384428223845 0.026097750193948797
15 0.5420024330900244 0.8292552366175331 0.007605839416058395 0.024685802948021723
15 0.44474209245742097 0.08375872769588828 0.006759124087591241 0.023219550038789758
15 0.43669099756691 0.08396431342125679 0.006228710462287105 0.022079131109387123
15 0.4178102189781022 0.08387897595034911 0.005450121654501216 0.020356865787432118
15 0.4265742092457421 0.08456555469356089 0.006433090024330901 0.02017843289371606
15 0.22667883211678833 0.8522459270752522 0.007615571776155718 0.02256788207913111
15 0.2601751824817518 0.8526687354538401 0.004535279805352798 0.021861908456167572
15 0.2716812652068126 0.8533048875096975 0.00808272506082725 0.024685802948021723
15 0.2780973236009732 0.8527385570209465 0.006316301703163017 0.020449961210240498
15 0.21526277372262775 0.853021722265322 0.007167883211678832 0.02256788207913111
15 0.24495377128953771 0.8537276958882855 0.007182481751824818 0.023979829325058186
15 0.23548418491484185 0.8534445306439099 0.006734793187347932 0.021861908456167572
15 0.253007299270073 0.8540806826997673 0.006744525547445255 0.024685802948021723
15 0.20729683698296839 0.8537276958882855 0.005834549878345499 0.023979829325058186
15 0.6722287104622872 0.8588750969743987 0.007231143552311435 0.021861908456167572
15 0.6539537712895377 0.8596508921644685 0.007664233576642336 0.021861908456167572
15 0.6631143552311436 0.859934057408844 0.009440389294403892 0.023979829325058186
15 0.6888661800486617 0.8600038789759504 0.005469586374695864 0.02256788207913111
15 0.6807688564476886 0.8607098525989139 0.006793187347931874 0.023979829325058186
15 0.6991776155717762 0.8625446082234289 0.008574209245742093 0.026097750193948797
9 0.6742141119221411 0.086722265321955 0.03553284671532846 0.03535298681148177
15 0.482970802919708 0.8752366175329713 0.006330900243309003 0.020449961210240498
15 0.4912019464720194 0.8754499612102404 0.0072214111922141114 0.023979829325058186
15 0.5466058394160584 0.8873700543056633 0.01291970802919708 0.010581846392552366
15 0.5471362530413625 0.9027424359968969 0.012034063260340632 0.013397982932505818
15 0.4354914841849148 0.9215050426687355 0.006749391727493917 0.026097750193948797
15 0.44398783454987834 0.9226338246702871 0.007197080291970802 0.026803723816912334
15 0.4271727493917275 0.9231264546159814 0.007630170316301703 0.024685802948021723
15 0.1577639902676399 0.0932544608223429 0.013824817518248175 0.01117920868890613
15 0.47049391727493917 0.923409619860357 0.007654501216545012 0.026803723816912334
20 0.38350851581508516 0.9250077579519007 0.02054501216545012 0.02844840961986036
15 0.4531922141119221 0.9253103180760278 0.008087591240875913 0.027501939487975177
15 0.4618199513381995 0.9250310318076028 0.005878345498783455 0.025391776570985257
4 0.2605060827250608 0.9350930954228084 0.21444282238442822 0.12154383242823893
15 0.045041362530413624 0.09589604344453065 0.012223844282238444 0.010256012412723042
9 0.2537153284671533 0.10284716834755624 0.050982968369829684 0.11415050426687354
15 0.15842335766423357 0.10771916214119472 0.013197080291970803 0.012179984484096198
15 0.04566909975669099 0.11053141970519782 0.013479318734793187 0.008494957331264546
1 0.046218978102189785 0.12570985259891387 0.014579075425790755 0.010923196276183088
15 0.45294160583941606 0.13997284716834757 0.013425790754257908 0.01152055857253685
4 0.18953284671532847 0.1408611326609775 0.0335669099756691 0.0908766485647789
1 0.045851581508515815 0.15141194724592708 0.012871046228710463 0.011124903025601242
15 0.4543503649635037 0.15185802948021723 0.013323600973236009 0.010465477114041893
15 0.08441362530413625 0.15252521334367727 0.014082725060827252 0.010248254460822344
15 0.06543065693430657 0.15254460822342902 0.012126520681265207 0.010287044220325834
4 0.01805839416058394 0.15693173002327385 0.024437956204379562 0.15404965089216446
15 0.06524817518248176 0.16703258339798294 0.012734793187347934 0.00978277734678045
15 0.4589270072992701 0.16785492629945695 0.014690997566909976 0.011427463149728471
15 0.04662530413625304 0.16782389449185414 0.011498783454987834 0.0082622187742436
20 0.8131678832116788 0.16900310318076028 0.01757664233576642 0.02768813033359193
15 0.4836374695863747 0.16984871993793638 0.013503649635036497 0.010760279286268425
20 0.08470559610705596 0.17505042668735452 0.02050608272506083 0.02892164468580295
15 0.45947688564476885 0.18072924747866564 0.012871046228710463 0.01235065942591156
15 0.04630170316301704 0.18428626842513576 0.011824817518248175 0.007051978277734678
15 0.06472019464720194 0.18576027928626843 0.015571776155717762 0.01
15 0.1991192214111922 0.19235841737781226 0.013810218978102189 0.01078355314197052
1 0.1841995133819951 0.1923467804499612 0.015114355231143552 0.010760279286268425
15 0.45931386861313866 0.1933087664856478 0.012545012165450122 0.009581070597362296
9 0.40217274939172754 0.19594259115593482 0.04132846715328468 0.09863460046547712
15 0.04588564476885645 0.20193173002327386 0.011965936739659367 0.009759503491078356
15 0.06463260340632603 0.20173390224980606 0.013450121654501216 0.01091543832428239
15 0.47572019464720194 0.20612878200155157 0.013240875912408759 0.01039565554693561
15 0.458985401459854 0.20705197827773467 0.012861313868613139 0.012242048099301784
20 0.08469829683698298 0.20766873545384018 0.017571776155717762 0.027439875872769588
15 0.06486131386861313 0.21834367726920093 0.010987834549878344 0.008448409619860358
15 0.47538442822384425 0.21863847944142745 0.01451581508515815 0.009038013964313422
1 0.04592457420924574 0.21901861908456166 0.013017031630170317 0.01134988363072149
9 0.26699756690997567 0.22032583397982933 0.04543065693430657 0.06982156710628394
9 0.11721654501216545 0.22475950349107834 0.03491970802919708 0.03214119472459271
4 0.9798053527980535 0.22924747866563228 0.040389294403892946 0.230411171450737
15 0.06581995133819951 0.2324476338246703 0.012905109489051094 0.008727695888285493
15 0.08404866180048662 0.23353762606671838 0.012379562043795622 0.0078044996121024056
15 0.0459683698296837 0.2341698991466253 0.013104622871046228 0.009069045771916215
20 0.7482457420924574 0.24233126454615983 0.028851581508515814 0.05642358417377812
20 0.6734866180048662 0.24326997672614428 0.03699756690997567 0.047439875872769585
9 0.5518029197080292 0.25091543832428237 0.0641897810218978 0.0565244375484872
15 0.4661581508515815 0.26589604344453066 0.007742092457420925 0.021318851823118698
15 0.4586934306569343 0.26717610550814586 0.007411192214111922 0.017672614429790536
15 0.36495620437956205 0.28970131885182315 0.012637469586374695 0.009968968192397207
15 0.40524817518248174 0.294743987587277 0.005630170316301703 0.023157486423584176
15 0.3802141119221411 0.2951008533747091 0.005197080291970803 0.022319627618308767
15 0.3975304136253041 0.29599689681923974 0.005766423357664233 0.021008533747090767
15 0.3882700729927007 0.2956477889837083 0.0067104622871046226 0.020310318076027928
15 0.41546958637469583 0.29737393328161366 0.005635036496350365 0.02221101629169899
15 0.42278832116788323 0.29713731574864233 0.0076204379562043794 0.0217377812257564
15 0.3647639902676399 0.3024088440651668 0.012253041362530413 0.010558572536850271
15 0.4733698296836983 0.30303335919317304 0.0075669099756691 0.024220325833979827
15 0.4314403892944039 0.304755624515128 0.00545985401459854 0.021458494957331264
15 0.43920194647201943 0.30491854150504266 0.007357664233576642 0.021784328937160587
1 0.4542652068126521 0.30462373933281617 0.005367396593673966 0.021194724592707527
15 0.3647883211678832 0.3134716834755624 0.012301703163017033 0.009410395655546936
15 0.3467420924574209 0.31342513576415826 0.0141654501216545 0.0108688906128782
1 0.36430413625304137 0.3263033359193173 0.011333333333333332 0.010248254460822344
15 0.3456155717761557 0.33106283941039566 0.012885644768856447 0.010457719162141195
15 0.3648345498783455 0.33723041117145075 0.012394160583941605 0.010380139643134213
9 0.6965012165450122 0.34001939487975175 0.04409732360097324 0.04543832428238945
15 0.5410973236009732 0.3448525989138867 0.012608272506082725 0.010108611326609774
15 0.5832165450121655 0.37166408068269974 0.013148418491484185 0.00787432117920869
1 0.5380024330900244 0.373933281613654 0.012257907542579076 0.010861132660977503
4 0.37645742092457424 0.038568657874321184 0.13588321167883213 0.03214119472459271
15 0.5663819951338199 0.38417377812257564 0.01159610705596107 0.01117145073700543
15 0.7291727493917275 0.3856400310318076 0.006277372262773723 0.021861908456167572
15 0.7157201946472019 0.3859231962761831 0.00759610705596107 0.023979829325058186
15 0.7070024330900244 0.3862063615205586 0.006705596107055961 0.026097750193948797
15 0.6108029197080292 0.3862063615205586 0.011873479318734793 0.010581846392552366
15 0.738552311435523 0.3867688130333592 0.008491484184914841 0.02256788207913111
15 0.7471800486618004 0.3866989914662529 0.0062822384428223845 0.023979829325058186
20 0.9332214111922141 0.38739720713731574 0.01632116788321168 0.022273079906904577
1 0.5383357664233577 0.38834367726920094 0.014871046228710461 0.010201706749418154
15 0.7590413625304135 0.3883204034134988 0.0076204379562043794 0.02256788207913111
15 0.5826423357664233 0.39060512024825444 0.0071338199513382 0.020930954228083786
1 0.36281021897810223 0.3946198603568658 0.012238442822384428 0.008789759503491078
15 0.5659391727493918 0.39799844840961984 0.011683698296836983 0.009340574088440651
15 0.9474330900243308 0.4038324282389449 0.005815085158150851 0.019456943366951123
1 0.539323600973236 0.40801008533747085 0.012953771289537713 0.010744763382467028
15 0.933396593673966 0.4089953452288596 0.012778588807785889 0.00961210240496509
15 0.5660000000000001 0.41279674166020175 0.01180535279805353 0.009456943366951125
15 0.5824184914841849 0.4199418153607447 0.005712895377128954 0.022195500387897596
1 0.24141849148418493 0.4207292474786657 0.004978102189781022 0.019115593483320405
15 0.5663795620437957 0.4253607447633824 0.012564476885644769 0.009759503491078356
1 0.5409221411192214 0.42667571761055084 0.013231143552311437 0.009286268425135765
15 0.36455961070559606 0.42846392552366175 0.009897810218978103 0.008207913110938712
15 0.566647201946472 0.4394453064391001 0.011153284671532848 0.006896819239720714
9 0.45340875912408757 0.43987587276958884 0.13017518248175183 0.2017067494181536
1 0.5405742092457422 0.4393793638479441 0.012535279805352798 0.011419705197827774
9 0.6637518248175183 0.44087276958882854 0.04477858880778589 0.05319627618308766
15 0.7392603406326035 0.4462218774243599 0.008934306569343065 0.02820791311093871
15 0.5827834549878345 0.44715283165244374 0.007416058394160584 0.020760279286268425
15 0.7573138686131387 0.44714119472459274 0.00805839416058394 0.025391776570985257
15 0.7298345498783455 0.44763382467028706 0.007600973236009732 0.023273855702094646
15 0.7486861313868612 0.44756400310318073 0.005401459854014599 0.024685802948021723
15 0.7203211678832117 0.44883242823894487 0.008038929440389295 0.03032583397982933
15 0.7112506082725061 0.44953840186190847 0.009362530413625303 0.023979829325058186
1 0.3647347931873479 0.4522032583397983 0.01316788321167883 0.009138867339022498
15 0.5654428223844282 0.45238169123351435 0.011664233576642336 0.007944142746314973
1 0.36503649635036495 0.46681148176881304 0.011824817518248175 0.008875096974398759
9 0.8299805352798053 0.47622575640031034 0.05022871046228711 0.12079906904577192
15 0.36463990267639906 0.48339410395655547 0.012004866180048663 0.009456943366951125
1 0.537956204379562 0.49138867339022496 0.012165450121654502 0.008378588052754073
15 0.36523844282238443 0.5025058184639255 0.013201946472019464 0.008890612878200156
1 0.5388150851581509 0.5037626066718387 0.013883211678832117 0.00830100853374709
15 0.6902262773722627 0.5071373157486424 0.01208272506082725 0.008844065166795966
1 0.36491240875912406 0.5195422808378588 0.011576642335766423 0.00882854926299457
15 0.5390924574209246 0.5198758727695888 0.013464720194647202 0.009495733126454617
15 0.6910194647201947 0.5219317300232739 0.012695863746958637 0.010504266873545384
1 0.542272506082725 0.5422575640031032 0.005226277372262774 0.021675717610550815
1 0.36156204379562046 0.5602598913886734 0.005849148418491484 0.0204422032583398
1 0.353654501216545 0.5610240496508921 0.0046326034063260335 0.01886733902249806
4 0.09317031630170317 0.5617882079131109 0.18536739659367396 0.4889759503491078
1 0.542992700729927 0.5692823894491854 0.006666666666666666 0.019868114817688128
15 0.3371192214111922 0.5715748642358417 0.005625304136253041 0.019798293250581845
15 0.34533819951338196 0.5726532195500388 0.005518248175182481 0.020403413498836308
15 0.2639902676399027 0.5759658650116369 0.0072992700729927005 0.02082234290147401
15 0.2728491484184915 0.5766679596586501 0.005552311435523115 0.022226532195500387
15 0.43139172749391724 0.5829674166020171 0.006335766423357664 0.01930954228083786
1 0.42239902676399027 0.5836850271528317 0.0048953771289537715 0.020744763382467026
1 0.4492214111922141 0.5833087664856478 0.005012165450121655 0.021543832428238943
1 0.45729683698296836 0.5838169123351435 0.0055912408759124085 0.021008533747090767
1 0.4143065693430657 0.5847478665632273 0.006228710462287105 0.019767261442979054
15 0.3831703163017031 0.5893366951124903 0.0072165450121654505 0.019635376260667182
15 0.3614501216545012 0.5906943366951125 0.007571776155717762 0.019247478665632273
15 0.353323600973236 0.5906671838634601 0.00689051094890511 0.019193173002327386
15 0.37400729927007303 0.591132660977502 0.005435523114355231 0.01857253685027153
15 0.5140656934306569 0.5926532195500388 0.014992700729927007 0.013855702094647013
15 0.233683698296837 0.5990496508921644 0.006053527980535279 0.0204422032583398
15 0.2587591240875912 0.6042513576415827 0.006569343065693431 0.02308766485647789
1 0.267301703163017 0.6043250581846392 0.00613625304136253 0.021683475562451513
1 0.4501484184914842 0.610011636927851 0.00589294403892944 0.022195500387897596
15 0.44212165450121654 0.6109891388673391 0.005411192214111921 0.01794414274631497
15 0.42637712895377133 0.6111287820015516 0.006038929440389295 0.019775019394879752
15 0.4180048661800487 0.6111753297129557 0.00583941605839416 0.019868114817688128
15 0.3930754257907543 0.611466252909232 0.005615571776155718 0.020449961210240498
15 0.41020194647201946 0.6115903801396432 0.006778588807785888 0.019146625290923196
15 0.43396350364963504 0.6113227307990691 0.006613138686131387 0.02016291698991466
15 0.40166909975669096 0.6122924747866563 0.007231143552311435 0.018999224204809928
1 0.7022554744525548 0.6154499612102405 0.004997566909975669 0.019107835531419703
1 0.7892384428223844 0.6243211792086889 0.005727493917274939 0.01978277734678045
15 0.8903941605839416 0.632878200155159 0.014364963503649636 0.008968192397207139
15 0.23721411192214112 0.6336811481768814 0.012141119221411192 0.012125678820791312
9 0.3068321167883212 0.6364856477889836 0.06962530413625305 0.07204034134988363
1 0.7894379562043796 0.6504460822342901 0.0061265206812652065 0.022381691233514352
1 0.4461484184914842 0.659534522885958 0.005678832116788321 0.020387897595034912
1 0.39802189781021896 0.6602094647013188 0.006749391727493917 0.020186190845616757
1 0.42231143552311434 0.6619860356865787 0.005693430656934307 0.01908456167571761
1 0.4058686131386861 0.6619123351435221 0.005897810218978102 0.02204034134988363
1 0.41391484184914845 0.6619200930954229 0.0064184914841849145 0.02360744763382467
1 0.6992335766423358 0.6637121799844841 0.005766423357664233 0.01943366951124903
9 0.8536131386861313 0.6819239720713731 0.05369829683698297 0.11636927851047324
15 0.7974452554744526 0.6976144297905353 0.006569343065693431 0.02051978277734678
15 0.8053917274939172 0.6978277734678044 0.00786374695863747 0.019394879751745538
20 0.16724817518248175 0.7020946470131885 0.01819464720194647 0.031031807602792862
20 0.19016788321167885 0.7024476338246703 0.017318734793187348 0.0317377812257564
1 0.6991192214111922 0.7129208688906129 0.005537712895377129 0.018549262994569434
20 0.21132116788321167 0.7546353762606672 0.017776155717761557 0.035259891388673394
20 0.1798588807785888 0.7568929402637704 0.019085158150851583 0.02891388673390225
15 0.2354403892944039 0.7592203258339798 0.0076204379562043794 0.021155934833204035
15 0.22481995133819951 0.7603491078355314 0.005844282238442822 0.021861908456167572
20 0.3141119221411192 0.7744569433669511 0.016058394160583942 0.026803723816912334
20 0.2938905109489051 0.7748797517455392 0.01649148418491484 0.026097750193948797
20 0.3343333333333333 0.7755818463925523 0.01562530413625304 0.027501939487975177