4 0.9143592099219109 0.08181744749596122 0.04185576481396417 0.05701130856219709
1 0.6787161231051907 0.8193699515347335 0.04369774919614148 0.07492730210016156
1 0.37635507579237487 0.8298869143780292 0.029696830500689025 0.07495961227786753
1 0.5439480937069361 0.8395113085621971 0.012103812586127699 0.05705169628432956
1 0.6470693615066606 0.08548061389337641 0.015314653192466698 0.07079967689822295
1 0.6500252641249425 0.8658683360258481 0.020307762976573267 0.06130048465266559
15 0.583849333945797 0.8766357027463652 0.04505282498851631 0.023061389337641357
1 0.37831878732200275 0.8775363489499193 0.05016077170418007 0.03778675282714055
15 0.8427262287551677 0.8890064620355411 0.04833716123105191 0.02680129240710824
1 0.7912057877813504 0.8894507269789985 0.034409738171796045 0.027689822294022618
1 0.633339457969683 0.8968699515347335 0.02735875057418466 0.04575928917609047
1 0.7728295819935691 0.9168820678513732 0.016031235645383553 0.06316639741518579
1 0.6818327974276527 0.0952302100161551 0.023288929719797888 0.06768174474959612
4 0.9143592099219109 0.16510500807754444 0.04185576481396417 0.053957996768982226
1 0.11681672025723473 0.18436187399030696 0.03519522278364722 0.05854604200323102
9 0.0670877354157097 0.18546042003231017 0.034956361966008265 0.1544426494345719
4 0.023663298116674322 0.19952746365105006 0.0344648598989435 0.07595315024232634
15 0.8661782269177768 0.20397011308562196 0.013477262287551677 0.05252827140549273
20 0.46713596692696374 0.20861066235864298 0.07804777216352779 0.2718255250403877
9 0.28163068442811207 0.35857835218093703 0.21783187873220028 0.11618739903069467
15 0.5223426734037667 0.4172415185783521 0.03595774000918695 0.02995961227786753
1 0.5904065227377124 0.4286308562197092 0.04530546623794212 0.04950726978998384
1 0.7586449242076252 0.43968093699515354 0.042783647220946255 0.06676090468497577
1 0.7078732200275608 0.44388529886914374 0.04964630225080386 0.0638610662358643
1 0.8063298116674323 0.4665953150242326 0.04352779053743684 0.06566235864297254
1 0.7945934772622876 0.04737883683360258 0.031998162609095084 0.03175282714054928
1 0.16619889756545705 0.48252019386106626 0.047602204869085896 0.055508885298869146
4 0.2726113918236105 0.4949757673667205 0.1483463481855765 0.06264943457189015
1 0.3807165824529169 0.5214337641357027 0.034745062011943044 0.09133279483037156
9 0.8484382177308222 0.5562439418416801 0.04046853468075333 0.05594507269789984
9 0.7921520440973817 0.5568578352180937 0.03997703261368856 0.05394184168012924
1 0.857542489664676 0.06521809369951535 0.01917317409278824 0.054507269789983846
15 0.36991961414790997 0.6990993537964459 0.020500689021589344 0.08317447495961228
1 0.7143178686265502 0.7084612277867529 0.04140560404225999 0.06958804523424879
1 0.5578617363344051 0.7317245557350566 0.04911805236564079 0.04018578352180937
1 0.5017615985300873 0.7344022617124395 0.023275149288011027 0.045541195476575126
9 0.19908589802480475 0.7536752827140549 0.21351401010564997 0.11639741518578352
1 0.49594166283876895 0.8053029079159936 0.028171796049609555 0.050024232633279486