9 0.6387310003534818 0.5565953307392997 0.09753976670201485 0.06927737632017787
1 0.3167992223400495 0.5577626459143968 0.028437610463061154 0.04048360200111173
15 0.861332626369742 0.5618148971650917 0.027366560622127962 0.0230183435241801
15 0.06537822552138564 0.5705697609783212 0.011986567691763874 0.026075597554196774
1 0.295581477553906 0.5753585325180656 0.024885118416401557 0.047882156753752084
15 0.07449805585012372 0.5868454697053919 0.011845174973488864 0.028610339077265148
1 0.20066808059384944 0.5878154530294608 0.0280593849416755 0.048337965536409115
1 0.1579710144927536 0.5934213451917733 0.028914810887239305 0.039538632573652026
1 0.46060091905266876 0.6109699833240689 0.02972074938140686 0.039060589216231234
1 0.7093071756804525 0.615183435241801 0.03225874867444327 0.055269594219010565
1 0.48947861435136086 0.615644802668149 0.030919052668787556 0.05619232907170651
1 0.45087663485330504 0.6480183435241802 0.03148108872393072 0.04089494163424124
1 0.4768080593849417 0.6540828237909949 0.026786850477200426 0.04413007226236798
15 0.5007387769529869 0.705555864369094 0.01597030752916225 0.027009449694274597
1 0.7349434429126901 0.7059449694274597 0.030509013785790032 0.07003335186214564
15 0.5090173206079887 0.7128960533629795 0.009197596323789324 0.027237354085603113
1 0.5484146341463414 0.747112284602557 0.028607281724991166 0.07232351306281268
9 0.42478791092258744 0.7584963868816009 0.06696712619300106 0.039505280711506385
15 0.3690827147401909 0.7746581434130072 0.015648639095086604 0.020689271817676488
1 0.8327748320961471 0.775408560311284 0.03175680452456699 0.05887715397443024
1 0.592027218098268 0.7790661478599221 0.03453163662071403 0.06396887159533074
1 0.5056857546836339 0.7994886047804336 0.03151997172145635 0.05145080600333519
15 0.380706963591375 0.8088799332962757 0.01698126546482856 0.02020566981656476
1 0.47766171792152706 0.809680377987771 0.023545422410745847 0.027365202890494718
15 0.7454718981972429 0.8188966092273485 0.014803817603393426 0.013557531962201223
1 0.4417108518911276 0.8323679822123402 0.025874867444326616 0.04494719288493607
1 0.41964121597737714 0.8346359088382435 0.029102156238953694 0.04725958866036687
15 0.3758165429480382 0.8385658699277376 0.016390950866030398 0.01509727626459144
1 0.4712106751502298 0.8444080044469149 0.0332661717921527 0.041234018899388554
1 0.21061859314245318 0.8496720400222345 0.018974902792506187 0.030639244024458032
9 0.4363785790031813 0.9003390772651473 0.09226935312831389 0.03858810450250139
15 0.7263326263697419 0.9154474708171206 0.016115235065394133 0.01766536964980545
1 0.30506362672322374 0.9242523624235687 0.027589254153411097 0.025269594219010563
15 0.7259950512548604 0.9277431906614786 0.01685401201838105 0.015575319622012229
9 0.8041710851891127 0.927793218454697 0.07988688582537999 0.047915508615897724
15 0.8594962884411452 0.9330655919955531 0.008847649346058679 0.03177876598110061
1 0.4095846588900671 0.9384046692607004 0.026663131848709793 0.05468593663146192
1 0.5990314598798162 0.9403057254030016 0.029452103216684337 0.04403557531962201
1 0.3586090491339696 0.94215953307393 0.04489572287027218 0.036625903279599775
1 0.5592788971367975 0.9500305725403002 0.0255920820077766 0.041250694830461364
1 0.42873806998939556 0.9532267926625904 0.02255213856486391 0.028743746525847692
1 0.5395351714386709 0.9537326292384659 0.024987628137150934 0.04865480822679266
1 0.5834446800989749 0.9588299055030572 0.035040650406504066 0.042173429683157314
1 0.510440084835631 0.9638493607559755 0.044563449982325906 0.03331295163979989
15 0.3643142453163662 0.16596164535853253 0.012474372569812655 0.02953307392996109
1 0.7163821138211383 0.1720150083379655 0.04640862495581477 0.052757087270705945
15 0.45670908448214914 0.17946637020566983 0.009211735595616825 0.025414118954974984
15 0.4482962177447862 0.18032240133407448 0.009353128313891835 0.023790994997220677
15 0.4851608342170378 0.1982212340188994 0.017334747260516082 0.024013340744858256
15 0.5123877695298692 0.19868538076709283 0.010282785436550018 0.024941634241245136
15 0.5013679745493107 0.20116175653140633 0.014400848356309651 0.026559199555308506
15 0.5203446447507953 0.20864091161756532 0.012057264050901378 0.02261812117843246
20 0.242067868504772 0.2099360755975542 0.05147401908801697 0.10636464702612562
1 0.574346058677978 0.225686492495831 0.03451749734888653 0.052262367982212336
1 0.7190031813361611 0.2298999444135631 0.03963237893248498 0.06291272929405226
1 0.5339749027925061 0.23128960533629797 0.028006362672322378 0.05457476375764314
1 0.6559437963944856 0.23406892718176767 0.04783669141039237 0.04901612006670373
1 0.3957723577235773 0.23911617565314064 0.027317073170731707 0.04576987215119511
15 0.44112230470130787 0.24244580322401335 0.01833510074231177 0.017965536409116176
1 0.5946783315659243 0.24884102279043915 0.03276422764227642 0.04298499166203446
1 0.6768928950159067 0.26138966092273486 0.03105691056910569 0.05362979433018344
15 0.5052120890774124 0.2616175653140634 0.012191587133262637 0.020733740967204
15 0.4777925061859314 0.264905503057254 0.00966772711205373 0.02397443023902168
1 0.30940261576528805 0.30024180100055586 0.022834924001413924 0.06240689271817676
1 0.11602863202545069 0.30274596998332404 0.02633085896076352 0.061856586992773764
1 0.28585719335454224 0.3058449138410228 0.026645457758925413 0.05360200111172874
1 0.23299222340049486 0.3231156197887715 0.060894308943089434 0.09703724291272929
15 0.18498762813715094 0.32514730405780995 0.013665606221279603 0.024391328515842137
15 0.17230116648992577 0.3497609783212896 0.00879462707670555 0.026926070038910503
15 0.16453693884764936 0.3513590883824347 0.00952633439377872 0.023451917732073373
1 0.11894839165782962 0.3546108949416343 0.03782608695652174 0.048854919399666484
1 0.5162937433722163 0.35678710394663704 0.024457405443619653 0.038754863813229574
1 0.1319459172852598 0.3870261256253474 0.04402615765288088 0.052540300166759306
1 0.28585719335454224 0.39568649249583104 0.026645457758925413 0.0331739855475264
1 0.5065694591728526 0.3974902723735409 0.029752562743018737 0.040116731517509725
1 0.18684517497348888 0.40679822123401893 0.019501590668080594 0.038721511951083934
1 0.5012654648285613 0.46792662590327955 0.026214209968186637 0.03868816008893829
1 0.2784906327324143 0.48454697053918844 0.02251679038529516 0.06414674819344081
1 0.5165871332626369 0.4891828793774319 0.02150936726758572 0.03450806003335186
15 0.8533916578296218 0.48957476375764314 0.02633085896076352 0.017504168982768204
1 0.25491693177801344 0.5104808226792663 0.02485683987274655 0.0437520844913841
15 0.8560144927536232 0.5152751528627015 0.02662778366914104 0.01887715397443024
15 0.20030929657122656 0.5275486381322957 0.008253799929303642 0.03119510839355197
15 0.12398904206433368 0.5319483046136743 0.011145281018027572 0.02331851028349083
15 0.8597278190173206 0.5381989994441356 0.028398727465535525 0.020255697609783213
1 0.2001078119476847 0.5442857142857143 0.03188759278897137 0.04465814341300723