15 0.4489480633802817 0.11544532130777904 0.010572183098591549 0.032468996617812856
1 0.5163072183098592 0.1226944757609921 0.02205105633802817 0.013145434047350621
15 0.14731954225352112 0.12319052987598647 0.021751760563380282 0.011882750845546786
4 0.14224911971830986 0.013072153325817362 0.15597711267605632 0.026144306651634724
1 0.4798107394366198 0.12434611048478016 0.031804577464788736 0.01419391206313416
1 0.6267429577464789 0.12996054114994363 0.01580985915492958 0.04797068771138669
1 0.6046038732394367 0.13031003382187148 0.015545774647887324 0.04866967305524239
9 0.18126760563380284 0.13422209695603157 0.03683098591549296 0.03394588500563698
15 0.14748239436619717 0.13516910935738444 0.023838028169014085 0.011037204058624576
15 0.5177332746478873 0.13461668545659528 0.019621478873239437 0.009932356257046224
4 0.7025352112676057 0.014098083427282977 0.1656338028169014 0.028196166854565954
1 0.5709903169014084 0.01503382187147689 0.03810739436619718 0.021048478015783544
15 0.04508802816901408 0.14082863585118377 0.009190140845070423 0.0291206313416009
15 0.060149647887323944 0.14100338218714767 0.009383802816901408 0.029470124013528748
15 0.14786091549295774 0.14704622322435176 0.02283450704225352 0.012243517474633595
1 0.24429137323943662 0.15094701240135286 0.022033450704225355 0.011025930101465613
1 0.7227860915492959 0.15222660653889517 0.030079225352112677 0.018094701240135288
15 0.7523283450704226 0.15237316798196168 0.022262323943661972 0.013878241262683203
1 0.3069322183098592 0.15232243517474636 0.022315140845070424 0.013776775648252537
1 0.10569542253521126 0.15523111612175874 0.00892605633802817 0.028613303269447575
1 0.6756558098591549 0.1550225479143179 0.020325704225352112 0.050744081172491545
1 0.5459991197183098 0.1567023675310034 0.021575704225352113 0.013517474633596392
15 0.1484375 0.15992108229988725 0.02222711267605634 0.01319052987598647
1 0.2452112676056338 0.16464487034949266 0.03971830985915493 0.013618940248027057
4 0.45379841549295774 0.017914317925591883 0.11534330985915493 0.03582863585118377
15 0.19689700704225352 0.16941375422773394 0.00999119718309859 0.02992108229988726
15 0.14813380281690142 0.174543404735062 0.021619718309859155 0.013122886133032695
1 0.5464084507042254 0.17471251409244645 0.02063380281690141 0.011206313416009018
15 0.8195334507042253 0.1765952649379932 0.007024647887323944 0.028500563697857948
1 0.8090008802816901 0.17677001127395714 0.008846830985915493 0.028850056369785795
15 0.7515096830985916 0.17740698985343858 0.02414612676056338 0.012085682074408117
1 0.7226452464788732 0.17759864712514092 0.031558098591549295 0.01923337091319053
15 0.17924735915492956 0.17840473506200677 0.023987676056338027 0.011826381059751973
1 0.14756161971830986 0.18720969560315673 0.020475352112676058 0.011397970687711386
15 0.5468661971830986 0.1926944757609921 0.02330985915492958 0.01560315670800451
1 0.5692957746478874 0.19346674182638104 0.010070422535211267 0.030676437429537767
1 0.7746742957746479 0.19711386696730554 0.008855633802816901 0.02895152198421646
15 0.698274647887324 0.19669109357384443 0.010985915492957746 0.030360766629086808
1 0.7228785211267607 0.20192784667418265 0.03202464788732395 0.020541149943630214
15 0.7527332746478873 0.20147688838782413 0.02307218309859155 0.012874859075535513
4 0.9600264084507042 0.20286358511837654 0.04505281690140845 0.24789177001127397
20 0.30983274647887327 0.20701240135287485 0.024595070422535212 0.04198421645997746
1 0.5458274647887323 0.2145208568207441 0.021232394366197185 0.011905298759864713
1 0.6218177816901408 0.22335400225479143 0.025325704225352113 0.011533258173618941
15 0.597024647887324 0.22330890642615556 0.019753521126760563 0.011443066516347238
15 0.6460299295774647 0.22404171364148814 0.022693661971830988 0.012908680947012401
1 0.5732218309859155 0.22508455467869223 0.021443661971830986 0.012739571589627961
15 0.6209771126760563 0.23726606538895154 0.0236443661971831 0.01455467869222097
15 0.5959947183098591 0.23826944757609922 0.022975352112676057 0.012051860202931228
1 0.7125396126760564 0.23922773393461105 0.021910211267605634 0.016223224351747462
15 0.7132130281690141 0.25720405862457724 0.02325704225352113 0.013844419391206312
15 0.516905809859155 0.2652987598647125 0.009163732394366197 0.03003382187147689
15 0.5268661971830986 0.2656426155580609 0.007957746478873238 0.03072153325817362
15 0.5351716549295775 0.2673337091319053 0.008723591549295775 0.02959413754227734
15 0.8334330985915492 0.2763021420518602 0.010176056338028169 0.03174746335963923
1 0.8199823943661971 0.2839007891770011 0.013204225352112676 0.042435174746335964
15 0.3830413732394366 0.2908793686583991 0.009040492957746478 0.027080045095828634
15 0.3649691901408451 0.2910879368658399 0.008107394366197184 0.02975197294250282
15 0.37448063380281693 0.291826381059752 0.007764084507042254 0.028974069898534384
1 0.8400616197183098 0.2990078917700113 0.021672535211267607 0.011770011273957158
1 0.8535915492957746 0.3142051860202931 0.02408450704225352 0.015107102593010147
1 0.8321478873239437 0.3240022547914318 0.009366197183098592 0.03019165727170237
15 0.8203961267605634 0.3249323562570462 0.01051056338028169 0.02979706877113867
1 0.6180765845070423 0.03434611048478016 0.009040492957746478 0.030360766629086808
9 0.7619146126760563 0.34369785794813984 0.08544894366197182 0.060563697857948136
1 0.6078917253521128 0.03483652762119504 0.008036971830985916 0.026832018038331455
1 0.5985475352112677 0.03608793686583991 0.008714788732394367 0.029334836527621196
1 0.9399823943661971 0.35112175873731677 0.03313380281690141 0.014532130777903045
1 0.7083274647887323 0.35967305524239007 0.008204225352112677 0.027125140924464487
9 0.1880237676056338 0.3618376550169109 0.08379401408450704 0.06527621195039458
15 0.32382482394366197 0.36425028184892894 0.019128521126760563 0.011476888387824126
15 0.9361751760563379 0.36613866967305525 0.021998239436619715 0.012998872604284104
15 0.32422535211267606 0.3763416009019166 0.019929577464788732 0.010856820744081173
9 0.8785299295774648 0.3813641488162345 0.06691901408450704 0.10432919954904173
1 0.323675176056338 0.38899661781285233 0.020589788732394365 0.011364148816234498
1 0.06797095070422536 0.39467305524239005 0.007420774647887323 0.02948139797068771
9 0.10977552816901408 0.39850620067643744 0.05053697183098591 0.10479143179255919
1 0.9573239436619718 0.4036640360766629 0.03436619718309859 0.03393461104847802
1 0.5352728873239437 0.04193348365276212 0.01948943661971831 0.05004509582863585
20 0.7052420774647887 0.4178635851183765 0.030202464788732397 0.03076662908680947
15 0.28871478873239437 0.4178128523111612 0.02285211267605634 0.010372040586245771
15 0.2484419014084507 0.43713641488162347 0.02153169014084507 0.01294250281848929
15 0.2887279929577465 0.43843291995490413 0.02111795774647887 0.013280721533258173
15 0.3245642605633803 0.44343291995490414 0.022367957746478873 0.012006764374295377
1 0.22911531690140843 0.44553551296505073 0.009286971830985915 0.029740698985343855
15 0.2484419014084507 0.45142615558060883 0.02153169014084507 0.012209695603156708
15 0.28967429577464787 0.4518714768883878 0.02125 0.010845546786922209
15 0.3244014084507042 0.4562739571589628 0.02204225352112676 0.012886133032694475
1 0.7779445422535212 0.4656313416009019 0.01011443661971831 0.03160090191657272
1 0.8066725352112676 0.4761894024802706 0.032359154929577465 0.012130777903043968
15 0.32453345070422535 0.47707440811724916 0.022306338028169014 0.013900789177001127
1 0.04867517605633803 0.48165727170236755 0.02340669014084507 0.014047350620067645
4 0.7056822183098591 0.4830045095828636 0.039885563380281694 0.02801578354002255
15 0.02952904929577465 0.4897632468996618 0.009762323943661971 0.030259301014656143
1 0.057323943661971834 0.5006087936865841 0.040704225352112676 0.024892897406989852
15 0.3247403169014084 0.5038387824126268 0.02272007042253521 0.011059751972942504
15 0.2892253521126761 0.5044363021420518 0.02211267605633803 0.012254791431792558
15 0.2422007042253521 0.5075028184892897 0.02313380281690141 0.013878241262683203
9 0.5169014084507043 0.5111894024802706 0.32605633802816897 0.3008455467869222
15 0.28894366197183097 0.5175422773393461 0.02330985915492958 0.013664036076662908
15 0.2420642605633803 0.5195152198421646 0.022860915492957747 0.010845546786922209
15 0.7103697183098592 0.5209075535512965 0.010528169014084508 0.031668545659526495
15 0.6990316901408451 0.5203382187147689 0.01073943661971831 0.03278466741826381
9 0.14184419014084507 0.5220236753100338 0.051294014084507046 0.09027057497181509
15 0.3244894366197183 0.5273731679819617 0.02045774647887324 0.013032694475760992
1 0.24308098591549296 0.532750845546787 0.02313380281690141 0.012514092446448704
15 0.28943221830985916 0.5392671927846674 0.022526408450704225 0.012018038331454341
15 0.5715272887323943 0.0544532130777903 0.011012323943661972 0.036753100338218714
15 0.584225352112676 0.05532130777903044 0.01 0.036234498308906425
15 0.3243661971830986 0.5453776775648252 0.021971830985915493 0.012965050732807215
15 0.2898107394366197 0.5521984216459978 0.02152288732394366 0.010822998872604284
15 0.32496478873239437 0.5582243517474633 0.023169014084507042 0.011600901916572716
1 0.6918882042253521 0.5595603156708004 0.010536971830985916 0.030056369785794814
15 0.32496478873239437 0.5690360766629087 0.023169014084507042 0.010676437429537769
1 0.20264524647887325 0.05825817361894024 0.02148767605633803 0.012795941375422773
1 0.7328829225352113 0.5764768883878241 0.009779929577464787 0.03006764374295378
15 0.3246302816901408 0.5814205186020294 0.0225 0.012897406989853437
15 0.7801320422535212 0.05869222096956032 0.023292253521126762 0.011409244644870349
15 0.02272887323943662 0.5903833145434046 0.017288732394366197 0.048861330326944764
15 0.7273591549295775 0.05937993235625705 0.023380281690140843 0.01278466741826381
15 0.7028961267605633 0.059904171364148814 0.02022887323943662 0.011578354002254791
15 0.7540360915492959 0.060462232243517475 0.02215669014084507 0.012694475760992108
9 0.2320730633802817 0.6073280721533258 0.04689260563380282 0.09177001127395716
15 0.4658670774647887 0.061809470124013534 0.02152288732394366 0.010879368658399098
15 0.7209375 0.6093573844419391 0.008776408450704225 0.02818489289740699
15 0.7324735915492958 0.6093517474633596 0.010721830985915493 0.030428410372040585
15 0.4899603873239437 0.06358511837655016 0.02393485915492958 0.012175873731679821
9 0.1603257042253521 0.6216121758737316 0.08297535211267607 0.05945885005636979
9 0.06027288732394366 0.6250563697857947 0.020193661971830985 0.037034949267192786
15 0.09780809859154929 0.06418827508455469 0.008996478873239438 0.029165727170236754
15 0.10674735915492958 0.06415445321307779 0.007508802816901408 0.026843291995490414
15 0.12617517605633805 0.06488726042841036 0.009392605633802818 0.02830890642615558
15 0.1165580985915493 0.06541149943630213 0.009524647887323944 0.027102593010146562
15 0.1561487676056338 0.06497745208568208 0.007720070422535211 0.026234498308906427
15 0.17547535211267606 0.06571589627959414 0.007640845070422535 0.02545659526493799
15 0.6910431338028169 0.6438275084554679 0.022931338028169015 0.013697857948139797
9 0.8793926056338028 0.6459075535512965 0.045757042253521125 0.10354002254791432
15 0.18495598591549298 0.06589064261555806 0.007235915492957747 0.02580608793686584
15 0.14663292253521126 0.06550169109357384 0.008054577464788732 0.025028184892897407
15 0.6899251760563381 0.6614036076662908 0.02245598591549296 0.010518602029312289
15 0.4273019366197183 0.06692220969560315 0.02361795774647887 0.012085682074408117
15 0.16430457746478874 0.06758737316798197 0.00818661971830986 0.024689966178128523
15 0.01836267605633803 0.6657102593010147 0.008556338028169014 0.03040586245772266
9 0.0614524647887324 0.6673111612175874 0.02079225352112676 0.035862457722660654
15 0.6900616197183098 0.6746674182638105 0.02272887323943662 0.012243517474633595
15 0.2793970070422535 0.6999379932356258 0.009498239436619718 0.028962795941375425
15 0.26960387323943663 0.7008342728297632 0.009278169014084505 0.030755355129650507
4 0.018631161971830984 0.7147519729425028 0.02845950704225352 0.05633596392333709
9 0.7706910211267606 0.7153043968432921 0.12588908450704225 0.15665163472378804
15 0.31022007042253524 0.0728466741826381 0.011285211267605634 0.030698985343855695
15 0.35483714788732396 0.07319616685456595 0.010730633802816901 0.031397970687711385
4 0.9621170774647887 0.7269729425028185 0.043952464788732395 0.17998872604284105
9 0.2419718309859155 0.73076099210823 0.04028169014084507 0.07257046223224352
15 0.3240316901408451 0.07297632468996618 0.01073943661971831 0.03095828635851184
15 0.2986443661971831 0.07388951521984216 0.01102112676056338 0.03052987598647125
15 0.28087147887323943 0.07328635851183765 0.01068661971830986 0.029323562570462234
15 0.3411575704225352 0.07405298759864713 0.011540492957746479 0.03311161217587373
15 0.27501760563380284 0.7575197294250281 0.00954225352112676 0.03138669673055242
9 0.8803741197183099 0.7622998872604284 0.045959507042253524 0.1108455467869222
1 0.5842429577464789 0.7693461104847801 0.008274647887323945 0.02798196166854566
15 0.5751320422535211 0.7691262683201804 0.009419014084507042 0.02979706877113867
15 0.5645378521126762 0.7696448703494926 0.009357394366197183 0.030834272829763247
15 0.38180897887323945 0.772564825253664 0.022420774647887325 0.011871476888387824
15 0.3451232394366197 0.7727339346110484 0.021232394366197185 0.012209695603156708
15 0.21003961267605634 0.07866403607666292 0.03627640845070423 0.01978579481397971
15 0.24704665492957745 0.7836076662908681 0.02930457746478873 0.013664036076662908
9 0.17861355633802817 0.7830947012401354 0.035044014084507046 0.028421645997745208
1 0.8442825704225352 0.07906989853438558 0.02307218309859155 0.01383314543404735
15 0.36746038732394365 0.8176832018038331 0.02189260563380282 0.009661781285231116
1 0.40555897887323944 0.8174915445321308 0.02414612676056338 0.011533258173618941
1 0.3344322183098592 0.8178523111612175 0.020977112676056335 0.009999999999999998
1 0.0558318661971831 0.821099210822999 0.021875000000000002 0.011984216459977453
1 0.8432350352112675 0.8242728297632469 0.010413732394366198 0.029605411499436303
1 0.8256249999999999 0.8269729425028185 0.02272887323943662 0.01245772266065389
4 0.02433098591549296 0.829227733934611 0.04338028169014085 0.1432356257046223
1 0.7964964788732395 0.8305298759864712 0.008485915492957748 0.02633596392333709
15 0.7762852112676056 0.8306595264937993 0.008556338028169014 0.026595264937993236
1 0.7860607394366197 0.8308286358511838 0.010501760563380282 0.02693348365276212
15 0.7379269366197183 0.8317361894024803 0.009304577464788733 0.02874859075535513
1 0.7666857394366198 0.8322604284103721 0.008723591549295775 0.02754227733934611
1 0.727843309859155 0.8320349492671928 0.008503521126760564 0.02934611048478016
1 0.7572227112676057 0.8329481397970688 0.009163732394366197 0.02891770011273957
1 0.7187323943661972 0.8332919954904171 0.009647887323943663 0.029605411499436303
1 0.7472755281690141 0.8329030439684328 0.00863556338028169 0.02882750845546787
1 0.05526408450704225 0.8398027057497182 0.020739436619718308 0.011059751972942504
1 0.6884595070422536 0.8443855693348365 0.038890845070422536 0.022480270574971817
9 0.8830149647887324 0.8499267192784667 0.058283450704225345 0.06287485907553551
15 0.7847359154929577 0.8544983089064262 0.02193661971830986 0.011138669673055244
15 0.4090757042253521 0.8547237880496054 0.020616197183098595 0.009334836527621194
1 0.9444674295774648 0.8594193912063134 0.04034330985915493 0.02323562570462232
1 0.4268838028169014 0.8793686583990981 0.00869718309859155 0.029312288613303268
15 0.8046522887323944 0.8795941375422774 0.04768485915492958 0.022998872604284102
1 0.6529445422535212 0.08926719278466742 0.00835387323943662 0.02746335963923337
1 0.395625 0.8916459977452086 0.02188380281690141 0.013280721533258173
1 0.36817341549295773 0.893032694475761 0.021558098591549293 0.013799323562570463
15 0.5384463028169014 0.010028184892897406 0.022315140845070424 0.013291995490417135
15 0.3979621478873239 0.0911161217587373 0.010713028169014085 0.02890642615558061
1 0.7222271126760563 0.9023957158962795 0.023679577464788732 0.014487034949267192
15 0.7629973591549296 0.9118883878241263 0.010149647887323943 0.028962795941375425
15 0.746205985915493 0.912576099210823 0.010017605633802818 0.030338218714768883
20 0.42151408450704225 0.09217587373167982 0.033169014084507044 0.03553551296505073
1 0.6702112676056338 0.0934272829763247 0.01823943661971831 0.05156708004509583
1 0.7277728873239436 0.09377677564825254 0.02068661971830986 0.052266065388951524
4 0.652662852112676 0.946183765501691 0.1099031690140845 0.09980834272829764
4 0.8614612676056338 0.9472604284103721 0.12433098591549296 0.10196166854565952
1 0.7785519366197182 0.09429537767756482 0.020132042253521127 0.0533032694475761
1 0.7564128521126761 0.09555806087936866 0.019867957746478874 0.05131905298759865
1 0.7019454225352112 0.09516910935738443 0.020088028169014085 0.05054114994363021
9 0.757068661971831 0.9507666290868095 0.0264612676056338 0.03907553551296505
4 0.3544894366197183 0.9608004509582864 0.21954225352112677 0.05237880496054115
1 0.8777640845070422 0.10457158962795941 0.0425 0.026505073280721533
20 0.05157130281690141 0.1069391206313416 0.03272007042253521 0.033494926719278464
15 0.17064700704225352 0.10831454340473506 0.024392605633802817 0.011443066516347238