1 0.7666459276018099 0.9086868231046932 0.028766968325791856 0.008709386281588448
1 0.8001640271493213 0.9086868231046932 0.027929864253393666 0.008709386281588448
1 0.1188235294117647 0.10504061371841156 0.034027149321266964 0.01694043321299639
1 0.12008484162895927 0.12341606498194946 0.032024886877828056 0.008564981949458483
1 0.1182918552036199 0.14083483754512635 0.03070135746606335 0.010911552346570397
1 0.6074095022624435 0.1536101083032491 0.03156108597285068 0.014801444043321298
1 0.6954298642533937 0.15541516245487363 0.03565610859728507 0.012996389891696752
1 0.753116515837104 0.15605595667870037 0.033382352941176474 0.01427797833935018
1 0.1190214932126697 0.15671480144404332 0.0321606334841629 0.011985559566787003
15 0.39516402714932125 0.16084386281588448 0.014309954751131223 0.023853790613718413
15 0.3614366515837104 0.16095216606498194 0.014728506787330316 0.02046028880866426
15 0.3772002262443439 0.16185469314079423 0.014581447963800906 0.024070397111913357
1 0.4502601809954751 0.16317238267148013 0.031742081447963796 0.014070397111913357
1 0.4894513574660634 0.1638086642599278 0.035463800904977374 0.015342960288808664
15 0.4111990950226244 0.16398014440433212 0.014705882352941176 0.02832129963898917
1 0.5318325791855203 0.16444494584837546 0.0365158371040724 0.016615523465703972
1 0.8249717194570135 0.19620036101083033 0.03455882352941177 0.013339350180505414
15 0.7195871040723982 0.20144404332129962 0.016097285067873304 0.023826714801444042
15 0.7346210407239818 0.20186823104693138 0.014490950226244345 0.02467509025270758
1 0.557579185520362 0.2027346570397112 0.015610859728506787 0.0246028880866426
15 0.5912443438914027 0.20282490974729242 0.01506787330316742 0.022978339350180507
15 0.6511255656108598 0.20314079422382672 0.017183257918552037 0.027220216606498194
15 0.5746097285067873 0.2032490974729242 0.01573529411764706 0.022021660649819492
1 0.6263744343891403 0.20310920577617328 0.021979638009049774 0.02354693140794224
1 0.6935690045248869 0.20337093862815886 0.02062217194570136 0.025875451263537907
15 0.7840554298642534 0.20436371841155235 0.016074660633484165 0.02605595667870036
1 0.7630316742081448 0.20401173285198554 0.017013574660633482 0.027157039711191336
15 0.6682918552036199 0.20415162454873645 0.01757918552036199 0.02743682310469314
15 0.7977601809954752 0.2040974729241877 0.016334841628959276 0.02552346570397112
15 0.3635067873303167 0.22226083032490973 0.014343891402714932 0.02394404332129964
15 0.3812047511312217 0.22226083032490973 0.01580316742081448 0.025749097472924188
15 0.4887839366515837 0.22353339350180507 0.03186651583710407 0.01746389891696751
15 0.5284389140271493 0.2239034296028881 0.029728506787330317 0.014593862815884479
15 0.44999434389140275 0.22432761732851986 0.033472850678733033 0.013637184115523466
15 0.2984106334841629 0.24970216606498197 0.015373303167420815 0.02287003610108303
1 0.2610180995475113 0.2671570397111913 0.015248868778280543 0.025288808664259928
15 0.24484162895927603 0.2683619133574007 0.014570135746606335 0.024088447653429605
1 0.27945701357466063 0.26879963898916964 0.015927601809954752 0.02496389891696751
15 0.13863122171945702 0.27087996389891694 0.01255656108597285 0.0219043321299639
15 0.18746606334841628 0.2717554151624549 0.01746606334841629 0.02365523465703971
15 0.17231900452488688 0.2724638989169675 0.014321266968325792 0.025072202166064983
15 0.15535633484162897 0.2719720216606498 0.014332579185520363 0.024088447653429605
1 0.8084954751131223 0.2815658844765343 0.02875565610859729 0.012590252707581226
15 0.705712669683258 0.28646209386281585 0.015497737556561085 0.024187725631768953
9 0.7548755656108597 0.29012184115523465 0.06178733031674208 0.03511732851985559
9 0.8656108597285068 0.2903429602888086 0.06832579185520361 0.03555956678700361
15 0.2582013574660634 0.28981046931407944 0.03223981900452489 0.012833935018050541
15 0.8093156108597285 0.29483303249097476 0.030395927601809956 0.012048736462093862
15 0.23308823529411765 0.29692238267148013 0.01595022624434389 0.023447653429602887
15 0.10099547511312218 0.3015749097472924 0.014208144796380091 0.021922382671480143
15 0.1709841628959276 0.30307761732851984 0.013914027149321268 0.02312274368231047
15 0.1561425339366516 0.3034882671480144 0.013642533936651585 0.02213898916967509
1 0.8082579185520362 0.308677797833935 0.030542986425339366 0.01446750902527076
15 0.744643665158371 0.32331227436823107 0.030011312217194573 0.013050541516245488
1 0.26780542986425343 0.3305595667870036 0.03334841628959276 0.014909747292418772
1 0.31006787330316743 0.3316245487364621 0.029638009049773754 0.01523465703971119
1 0.3441685520361991 0.3317599277978339 0.032228506787330316 0.013700361010830324
1 0.7443721719457014 0.33827617328519854 0.029468325791855203 0.012292418772563176
15 0.39109728506787333 0.3382716606498195 0.015226244343891403 0.026723826714801443
15 0.0751866515837104 0.3507626353790614 0.014626696832579186 0.022824909747292416
15 0.09239253393665157 0.3514169675090253 0.01736425339366516 0.024133574007220215
15 0.11055429864253394 0.35163808664259927 0.01748868778280543 0.024575812274368232
15 0.24704751131221717 0.35151173285198556 0.014457013574660633 0.024323104693140793
15 0.2649377828054299 0.35143050541516246 0.014038461538461538 0.022355595667870036
15 0.3367420814479638 0.35143050541516246 0.0151131221719457 0.022355595667870036
15 0.7448868778280543 0.35148916967509025 0.02823529411764706 0.01164259927797834
15 0.28292986425339367 0.3516471119133574 0.016085972850678733 0.02278880866425993
15 0.31823529411764706 0.35186823104693143 0.014298642533936652 0.023231046931407942
15 0.30239819004524887 0.352716606498195 0.014298642533936652 0.02312274368231047
15 0.3544570135746606 0.35274368231046926 0.016606334841628958 0.024981949458483754
1 0.4105486425339367 0.36486462093862815 0.017929864253393664 0.025758122743682308
1 0.44646493212669686 0.3662906137184116 0.01736425339366516 0.024999999999999998
1 0.744643665158371 0.36711191335740073 0.030011312217194573 0.012202166064981949
1 0.389185520361991 0.36913357400722024 0.018190045248868775 0.023465703971119134
9 0.20717194570135744 0.37175992779783396 0.04556561085972851 0.052184115523465704
1 0.3727036199095023 0.3750451263537906 0.014638009049773755 0.024458483754512636
1 0.26433257918552033 0.37870938628158846 0.01735294117647059 0.02456678700361011
1 0.24554864253393666 0.37933664259927796 0.015984162895927603 0.02401624548736462
20 0.10020361990950226 0.37995036101083035 0.02846153846153846 0.02885379061371841
1 0.31778280542986426 0.38070397111913357 0.017918552036199097 0.026750902527075814
1 0.28380090497737553 0.38062274368231047 0.015565610859728506 0.024783393501805057
1 0.2990723981900452 0.3805415162454874 0.01669683257918552 0.022815884476534296
20 0.06774321266968325 0.38071750902527074 0.024626696832579186 0.02677797833935018
1 0.33670814479638006 0.3812003610108303 0.015045248868778281 0.024133574007220215
1 0.35548642533936653 0.3820442238267148 0.016402714932126698 0.02401624548736462
1 0.5675509049773756 0.38880415162454873 0.031029411764705882 0.012265342960288809
15 0.09137443438914028 0.4171254512635379 0.015328054298642535 0.020171480144404334
15 0.17942873303167423 0.4180009025270758 0.012703619909502263 0.021922382671480143
15 0.0738631221719457 0.4180009025270758 0.0142420814479638 0.021922382671480143
15 0.16516968325791853 0.41830324909747296 0.01585972850678733 0.024332129963898916
15 0.1945418552036199 0.41830324909747296 0.013518099547511311 0.024332129963898916
15 0.22463235294117645 0.4183303249097473 0.01487556561085973 0.0261913357400722
15 0.20910633484162897 0.4191516245487365 0.013235294117647059 0.024223826714801444
15 0.12798076923076923 0.4188763537906137 0.016142533936651583 0.02367328519855596
15 0.10919683257918553 0.4188763537906137 0.014773755656108598 0.02367328519855596
15 0.1469004524886878 0.4192870036101083 0.0132579185520362 0.022689530685920577
1 0.2619230769230769 0.42149819494584834 0.030633484162895925 0.012671480144404331
1 0.5032861990950226 0.4286552346570397 0.031459276018099544 0.014350180505415163
1 0.26216628959276017 0.43914259927797833 0.02885746606334842 0.013664259927797835
1 0.5041063348416289 0.4457806859205776 0.03309954751131222 0.012499999999999999
15 0.16338235294117648 0.4474368231046931 0.01680995475113122 0.026642599277978338
20 0.04008484162895928 0.44964350180505414 0.0258710407239819 0.027445848375451262
20 0.07319570135746606 0.4505731046931408 0.024219457013574662 0.02569494584837545
1 0.5040045248868779 0.46071750902527075 0.030633484162895925 0.013492779783393501
15 0.25865950226244344 0.46281588447653427 0.03089366515837104 0.014079422382671479
1 0.22449095022624432 0.4634702166064982 0.028167420814479635 0.015388086642599278
1 0.7737613122171946 0.4683754512635379 0.03168552036199095 0.014368231046931407
15 0.20104638009049774 0.48032490974729247 0.031052036199095023 0.012996389891696752
15 0.07977941176470589 0.4831272563176895 0.014762443438914028 0.02582129963898917
15 0.06082579185520361 0.48389440433212993 0.015316742081447962 0.023745487364620937
15 0.25865950226244344 0.48417870036101085 0.03089366515837104 0.011678700361010829
15 0.8938914027149322 0.4932716606498195 0.029864253393665156 0.01361913357400722
1 0.14877828054298645 0.4950947653429603 0.03285067873303167 0.013655234657039711
1 0.5043495475113122 0.49556859205776177 0.026798642533936653 0.014602888086642599
15 0.1990610859728507 0.49567238267148017 0.027081447963800905 0.013005415162454874
1 0.26083144796380087 0.4991651624548737 0.02845022624434389 0.01457581227436823
9 0.3802036199095023 0.5015388086642599 0.1834841628959276 0.19441335740072202
15 0.572697963800905 0.5048420577617329 0.014174208144796379 0.024124548736462095
15 0.18757918552036199 0.5091290613718412 0.02900452488687783 0.011037906137184117
1 0.505 0.5103971119133573 0.030361990950226243 0.011768953068592058
1 0.14716628959276018 0.5119449458483755 0.03188914027149321 0.014864620938628158
15 0.0610972850678733 0.5138763537906137 0.01585972850678733 0.022337545126353792
15 0.0787839366515837 0.5145893501805053 0.01503393665158371 0.023763537906137184
1 0.2576074660633484 0.5158528880866426 0.031052036199095023 0.011850180505415163
20 0.8903619909502263 0.5157851985559567 0.029592760180995475 0.031570397111913354
1 0.5945588235294118 0.5208754512635378 0.026221719457013574 0.012870036101083032
1 0.1876809954751131 0.5237364620938628 0.03147058823529412 0.014981949458483756
1 0.14699660633484163 0.5274593862815884 0.033812217194570136 0.015207581227436824
15 0.595656108597285 0.5349097472924187 0.028416289592760182 0.010252707581227436
15 0.1861368778280543 0.5397698555956679 0.0306447963800905 0.01094765342960289
1 0.4989649321266968 0.5426263537906137 0.03186651583710407 0.014855595667870036
1 0.2597341628959276 0.5425541516245487 0.026255656108597286 0.011101083032490975
1 0.6922567873303168 0.543826714801444 0.03157239819004525 0.013646209386281588
1 0.14785067873303165 0.5442283393501806 0.028733031674208143 0.014449458483754514
1 0.7731787330316742 0.544264440433213 0.028257918552036198 0.014521660649819494
20 0.8735690045248868 0.5483935018050542 0.027680995475113122 0.02819494584837545
1 0.6075113122171946 0.5482897111913357 0.029502262443438912 0.013546931407942239
1 0.8983880090497737 0.5492960288808665 0.018495475113122172 0.024584837545126352
15 0.18668552036199096 0.5545983754512636 0.031742081447963796 0.011723826714801443
1 0.25877262443438914 0.5614846570397112 0.02885746606334842 0.01286101083032491
1 0.18637443438914025 0.5690974729241877 0.02885746606334842 0.01184115523465704
4 0.9552658371040724 0.5699052346570398 0.08926470588235294 0.1127346570397112
15 0.49074660633484163 0.5729873646209386 0.015429864253393665 0.02503610108303249
1 0.8993834841628958 0.5770667870036101 0.013699095022624433 0.02416967509025271
15 0.8658257918552036 0.5782671480144405 0.01671945701357466 0.02296028880866426
15 0.8831391402714933 0.5782671480144405 0.012884615384615385 0.02296028880866426
15 0.49074660633484163 0.6055415162454875 0.015429864253393665 0.025162454873646208
1 0.8836821266968325 0.606028880866426 0.013970588235294117 0.02252707581227437
15 0.8652092760180996 0.6066110108303249 0.015486425339366516 0.025496389891696752
1 0.901131221719457 0.6070938628158844 0.014932126696832578 0.022851985559566787
1 0.45842760180995473 0.612572202166065 0.016402714932126698 0.026588447653429603
1 0.3109785067873303 0.6262725631768953 0.017884615384615384 0.021498194945848377
1 0.36876696832579187 0.6277030685920577 0.018076923076923077 0.026164259927797834
1 0.3882692307692308 0.6275090252707581 0.018619909502262444 0.027581227436823102
1 0.4341628959276018 0.6274277978339351 0.01764705882352941 0.025613718411552345
15 0.8263857466063348 0.6680234657039711 0.02833710407239819 0.012942238267148014
1 0.0770475113122172 0.6728429602888086 0.061334841628959275 0.044241877256317695
15 0.7257296380090498 0.6751353790613718 0.014807692307692308 0.023555956678700363
15 0.708314479638009 0.6752707581227437 0.016176470588235296 0.022021660649819492
20 0.8621662895927602 0.6763628158844766 0.032024886877828056 0.0242057761732852
1 0.7986255656108597 0.678307761732852 0.018065610859728506 0.02629061371841155
15 0.8266572398190045 0.6833709386281588 0.028880090497737557 0.012951263537906137
1 0.6216742081447963 0.6856678700361011 0.014841628959276017 0.021155234657039713
1 0.6043325791855204 0.6878564981949459 0.016357466063348418 0.02553249097472924
15 0.11836538461538462 0.6885514440433212 0.01501131221719457 0.025117328519855594
9 0.7631787330316742 0.6897608303249098 0.046719457013574654 0.058222021660649825
4 0.9548472850678733 0.6911416967509025 0.0590158371040724 0.11152527075812274
15 0.8254920814479638 0.6969945848375451 0.026549773755656106 0.01131768953068592
15 0.6374038461538462 0.6994810469314079 0.016889140271493214 0.025315884476534295
15 0.7265837104072398 0.7011236462093863 0.018778280542986428 0.024990974729241878
15 0.6906674208144796 0.7015478339350181 0.014819004524886877 0.024034296028880867
15 0.7087613122171945 0.7017509025270757 0.014807692307692308 0.02444043321299639
20 0.667081447963801 0.7033664259927799 0.03099547511312217 0.029476534296028877
20 0.862816742081448 0.7036958483754513 0.031063348416289594 0.022915162454873645
15 0.609326923076923 0.7051759927797834 0.0308710407239819 0.011435018050541515
1 0.798868778280543 0.7064305054151625 0.016289592760180997 0.02477436823104693
15 0.8261425339366515 0.711768953068592 0.030113122171945703 0.011985559566787003
1 0.054468325791855204 0.7147833935018051 0.045588235294117645 0.03967509025270758
1 0.12282239819004526 0.7186958483754513 0.01940045248868778 0.027644404332129963
15 0.6625565610859729 0.7253925992779784 0.026470588235294117 0.010351985559566788
1 0.6621097285067873 0.7408212996389892 0.027839366515837103 0.012328519855595669
9 0.6186425339366516 0.7455460288808665 0.04950226244343891 0.05607400722021661
1 0.05361990950226244 0.7529196750902527 0.01900452488687783 0.029305054151624547
15 0.6623868778280543 0.7544990974729242 0.028393665158371044 0.010803249097472925
15 0.10705882352941176 0.7553294223826714 0.01502262443438914 0.026904332129963897
15 0.09067307692307693 0.7557400722021661 0.013925339366515837 0.02592057761732852
15 0.6615950226244344 0.7668637184115523 0.02907239819004525 0.013871841155234656
15 0.6610463800904978 0.7809792418772563 0.027975113122171946 0.01322202166064982
15 0.053761312217194566 0.7830685920577617 0.014762443438914028 0.024620938628158846
15 0.08800339366515837 0.7834792418772564 0.013110859728506787 0.023637184115523468
15 0.07117081447963801 0.7833980144404332 0.01338235294117647 0.021669675090252707
15 0.5873303167420815 0.7916741877256317 0.014027149321266969 0.02197653429602888
15 0.6026866515837104 0.7921389891696752 0.013065610859728507 0.02471119133574007
20 0.6261934389140271 0.79293321299639 0.02840497737556561 0.028104693140794224
1 0.6603619909502262 0.7958889891696751 0.031131221719457012 0.012355595667870036
15 0.07144796380090497 0.8116877256317689 0.013936651583710408 0.024097472924187725
1 0.0517024886877828 0.812125451263538 0.015169683257918553 0.024972924187725634
15 0.08800904977375565 0.8122608303249098 0.015384615384615384 0.023438628158844763
9 0.7920871040723982 0.8130460288808664 0.16562217194570136 0.13331227436823107
1 0.6590950226244344 0.8225090252707582 0.03085972850678733 0.013249097472924187
15 0.658512443438914 0.8381317689530686 0.02743212669683258 0.010198555956678701
15 0.07065610859728506 0.840658844765343 0.014615384615384615 0.022472924187725632
15 0.08800339366515837 0.8410965703971118 0.013110859728506787 0.023348375451263538
15 0.05331447963800905 0.8415342960288809 0.016131221719457012 0.024223826714801444
15 0.6293156108597285 0.8633258122743683 0.014287330316742083 0.022680505415162453
15 0.6679411764705883 0.8875631768953068 0.012352941176470587 0.020613718411552347
15 0.6305486425339366 0.8882761732851986 0.012228506787330317 0.022039711191335742
15 0.6487839366515837 0.8877797833935018 0.0125 0.021046931407942237