1 0.6540149253731343 0.22751700680272108 0.06026865671641791 0.033265306122448976
1 0.24365174129353234 0.23356009070294784 0.07735323383084576 0.18140589569160998
1 0.426726368159204 0.23388888888888892 0.07733333333333334 0.14578231292517008
1 0.4907562189054726 0.23549886621315191 0.04817910447761194 0.19435374149659862
1 0.9045373134328357 0.24052154195011335 0.014049751243781093 0.09555555555555556
1 0.8886915422885572 0.24409297052154194 0.016189054726368158 0.08909297052154194
15 0.5291592039800994 0.2571768707482993 0.0274726368159204 0.024557823129251703
15 0.634865671641791 0.2771315192743764 0.012019900497512438 0.05993197278911565
15 0.5846716417910448 0.275702947845805 0.015114427860696517 0.06614512471655329
15 0.5989701492537314 0.27967120181405897 0.013860696517412936 0.06954648526077098
22 0.3274278606965174 0.28620181405895695 0.07376119402985074 0.21866213151927438
15 0.5303233830845772 0.289875283446712 0.02582089552238806 0.026462585034013605
15 0.7117512437810944 0.31568027210884353 0.010567164179104476 0.05993197278911565
15 0.726910447761194 0.3210544217687075 0.011034825870646766 0.06614512471655329
1 0.4324129353233831 0.3224829931972789 0.05885572139303483 0.0372562358276644
1 0.5459154228855722 0.3681065759637188 0.013223880597014924 0.07408163265306122
1 0.581726368159204 0.3764172335600907 0.013203980099502487 0.06349206349206349
15 0.6373134328358209 0.37905895691609975 0.010945273631840797 0.06424036281179138
15 0.6094427860696517 0.3777437641723356 0.010925373134328358 0.06614512471655329
15 0.6227164179104479 0.3792517006802721 0.0076218905472636815 0.05102040816326531
15 0.5952636815920398 0.38038548752834467 0.008437810945273632 0.06235827664399093
15 0.7806766169154229 0.38246031746031744 0.025034825870646767 0.03929705215419501
15 0.7042686567164179 0.4130725623582766 0.013512437810945273 0.06424036281179138
1 0.7202736318407961 0.4130725623582766 0.007711442786069652 0.06424036281179138
15 0.2538905472636816 0.43326530612244896 0.02618905472636816 0.05020408163265306
1 0.28387562189054727 0.44655328798185945 0.030437810945273633 0.04049886621315193
1 0.37063681592039804 0.46015873015873016 0.08654726368159205 0.13120181405895692
15 0.779681592039801 0.4746825396825397 0.03100497512437811 0.07861678004535148
1 0.6997611940298507 0.4799659863945578 0.036338308457711445 0.030226757369614513
15 0.5027611940298508 0.4852607709750567 0.03437810945273632 0.04081632653061224
22 0.2674825870646766 0.5102040816326531 0.09516417910447761 0.09070294784580499
1 0.7004278606965174 0.5185147392290249 0.031701492537313435 0.034761904761904765
15 0.5026218905472637 0.5281859410430839 0.03608955223880597 0.04049886621315193
15 0.7766965174129353 0.572936507936508 0.027024875621890546 0.034761904761904765
9 0.5967661691542289 0.576530612244898 0.12885572139303483 0.2777777777777778
1 0.6993830845771144 0.5758049886621316 0.037572139303482584 0.04049886621315193
1 0.5043283582089553 0.5882766439909297 0.03751243781094528 0.05183673469387755
1 0.3495323383084577 0.5978344671201814 0.0702089552238806 0.13444444444444445
1 0.4093681592039801 0.6171088435374149 0.04460696517412935 0.055079365079365075
15 0.0781592039800995 0.631031746031746 0.026965174129353234 0.04210884353741497
15 0.11034825870646767 0.6334580498866214 0.027661691542288556 0.04696145124716553
15 0.8108805970149253 0.6563038548752834 0.02972139303482587 0.0291609977324263
1 0.27721890547263683 0.6606235827664398 0.08080597014925373 0.17839002267573698
1 0.5104129353233832 0.6613718820861678 0.015850746268656717 0.075578231292517
1 0.8577064676616916 0.6724943310657596 0.03183084577114428 0.03886621315192744
22 0.1599452736318408 0.6874036281179138 0.053223880597014925 0.16845804988662133
15 0.3586318407960199 0.6874036281179138 0.014776119402985075 0.07775510204081633
1 0.1886865671641791 0.6893424036281179 0.01518407960199005 0.06802721088435375
1 0.20360696517412935 0.691609977324263 0.011194029850746268 0.07256235827664399
15 0.3758308457711443 0.691938775510204 0.013353233830845771 0.07775510204081633
1 0.21852736318407961 0.6923696145124716 0.01118407960199005 0.07408163265306122
22 0.4232189054726368 0.721734693877551 0.062358208955223884 0.1554875283446712
1 0.11274626865671641 0.7399886621315193 0.026487562189054726 0.037800453514739235
15 0.8108059701492537 0.7429591836734694 0.027582089552238804 0.02106575963718821
1 0.6150796019900497 0.7635260770975056 0.016228855721393032 0.07126984126984127
15 0.5493134328358208 0.7664399092970522 0.010069651741293532 0.06802721088435375
15 0.5916318407960199 0.7669274376417233 0.009134328358208954 0.05993197278911565
1 0.5790547263681592 0.7670861678004536 0.009850746268656717 0.06478458049886622
1 0.7028407960199006 0.7683786848072562 0.012646766169154229 0.0809750566893424
15 0.6650348258706468 0.7688662131519274 0.012656716417910448 0.0728798185941043
15 0.855502487562189 0.07742630385487527 0.025432835820895523 0.055079365079365075
15 0.49672636815920396 0.7719501133786848 0.018328358208955224 0.0745124716553288
1 0.5193930348258706 0.7719501133786848 0.021870646766169153 0.0745124716553288
15 0.5647412935323384 0.7713492063492065 0.015054726368159205 0.06424036281179138
1 0.6308557213930348 0.7711337868480725 0.011960199004975124 0.0728798185941043
15 0.536542288557214 0.7711678004535147 0.008407960199004975 0.05480725623582767
15 0.6836567164179105 0.7729138321995466 0.014079601990049751 0.0809750566893424
1 0.6471293532338308 0.7748639455782312 0.012666666666666666 0.07126984126984127
1 0.13543283582089555 0.7954308390022676 0.024099502487562187 0.030770975056689343
1 0.19797014925373135 0.7981859410430839 0.029771144278606967 0.04081632653061224
1 0.16413930348258707 0.8250680272108843 0.029771144278606967 0.03562358276643991
15 0.6221144278606966 0.8351133786848073 0.028308457711442785 0.04210884353741497
1 0.5921990049751243 0.834954648526077 0.02618905472636816 0.0372562358276644
1 0.6516766169154228 0.8386734693877551 0.02972139303482587 0.03562358276643991
15 0.5501442786069651 0.8562018140589569 0.011731343283582088 0.06614512471655329
15 0.16385572139303484 0.8602154195011338 0.03119402985074627 0.04696145124716553
1 0.5359900497512438 0.8589229024943311 0.01128358208955224 0.07612244897959183
15 0.5654875621890548 0.8611111111111112 0.012567164179104478 0.06235827664399093
20 0.6520199004975125 0.1103514739229025 0.1020497512437811 0.19802721088435374
1 0.28793034825870645 0.13378684807256236 0.02262686567164179 0.06802721088435375
15 0.5383681592039801 0.15948979591836737 0.035940298507462685 0.06047619047619048
1 0.5810646766169154 0.16175736961451248 0.0198407960199005 0.07408163265306122
15 0.8504577114427861 0.16537414965986397 0.033253731343283584 0.04049886621315193