15 0.7979822834645669 0.11972027972027972 0.01328740157480315 0.004009324009324009
15 0.7236072834645669 0.12348484848484849 0.014143700787401575 0.006876456876456877
1 0.8283169291338583 0.1343881118881119 0.01687007874015748 0.010034965034965034
15 0.6877066929133858 0.13841491841491843 0.013208661417322834 0.006433566433566433
15 0.7954724409448819 0.13962121212121212 0.020078740157480315 0.008846153846153846
15 0.7227608267716535 0.1415850815850816 0.01048228346456693 0.008111888111888111
15 0.6635236220472441 0.14247668997668997 0.0061811023622047245 0.01921911421911422
15 0.6506840551181102 0.14525641025641026 0.00609251968503937 0.02477855477855478
1 0.6364419291338582 0.14703379953379953 0.007135826771653544 0.02134032634032634
1 0.6062992125984252 0.15585664335664334 0.015748031496062992 0.011013986013986014
1 0.8285629921259843 0.1582867132867133 0.021299212598425196 0.013543123543123542
1 0.7952805118110237 0.15882867132867134 0.013789370078740157 0.0076340326340326335
15 0.6889271653543307 0.15979020979020978 0.01761811023622047 0.0072261072261072265
1 0.7557529527559056 0.1621794871794872 0.017411417322834646 0.009673659673659674
1 0.7228100393700787 0.16234848484848483 0.02042322834645669 0.010011655011655012
15 0.7964074803149606 0.17886946386946387 0.016043307086614174 0.008088578088578088
1 0.827490157480315 0.1786888111888112 0.02112204724409449 0.017051282051282052
1 0.6880413385826771 0.18371794871794872 0.019783464566929136 0.010792540792540791
15 0.6665255905511811 0.19166666666666665 0.006279527559055118 0.019696969696969695
15 0.7952755905511811 0.19265734265734266 0.011811023622047244 0.005361305361305361
1 0.6088976377952756 0.19243589743589745 0.018976377952755908 0.011911421911421912
15 0.6871948818897639 0.20070512820512823 0.020059055118110236 0.007470862470862471
1 0.8270127952755906 0.206486013986014 0.02213582677165354 0.01203962703962704
15 0.7942765748031496 0.21226107226107227 0.01375 0.004941724941724942
1 0.6381348425196851 0.21481351981351982 0.024301181102362207 0.01703962703962704
15 0.6872933070866142 0.2171969696969697 0.022224409448818896 0.010151515151515153
15 0.7560334645669291 0.21952797202797203 0.01797244094488189 0.00782051282051282
1 0.7193897637795276 0.22086247086247085 0.01751968503937008 0.01048951048951049
1 0.8276131889763779 0.22537296037296037 0.017431102362204725 0.010186480186480187
15 0.7949360236220472 0.22674242424242422 0.013100393700787402 0.0059324009324009325
15 0.6655856299212598 0.2291958041958042 0.004399606299212598 0.024825174825174826
15 0.7159694881889763 0.23557109557109557 0.018553149606299214 0.009603729603729605
15 0.6881299212598425 0.23529137529137528 0.016023622047244095 0.009044289044289043
15 0.7560383858267716 0.23618298368298368 0.021919291338582676 0.008496503496503497
15 0.7979970472440945 0.24506410256410255 0.011348425196850392 0.00527972027972028
1 0.8261958661417322 0.24796620046620046 0.01853346456692913 0.011083916083916083
1 0.6872145669291339 0.25450466200466204 0.018129921259842523 0.007843822843822843
4 0.9008120078740157 0.2634965034965035 0.06146653543307087 0.2565967365967366
15 0.827765748031496 0.26827505827505826 0.01576771653543307 0.005081585081585082
1 0.7167175196850393 0.270990675990676 0.018080708661417325 0.00818181818181818
9 0.7607234251968503 0.27177738927738926 0.025383858267716535 0.02141025641025641
1 0.8022047244094488 0.27295454545454545 0.005984251968503937 0.019102564102564102
15 0.685625 0.27354895104895105 0.014950787401574803 0.008636363636363636
1 0.6082037401574802 0.28047202797202797 0.02349409448818898 0.02015151515151515
1 0.6504576771653543 0.2831526806526806 0.0253248031496063 0.01851981351981352
15 0.8335629921259843 0.28707459207459207 0.011614173228346457 0.007715617715617715
15 0.7139566929133858 0.28833333333333333 0.020433070866141732 0.007902097902097902
15 0.685718503937008 0.29142773892773893 0.013169291338582677 0.007097902097902098
15 0.7639812992125985 0.30213869463869464 0.016151574803149608 0.009871794871794872
15 0.8302263779527559 0.3036829836829837 0.01281496062992126 0.005967365967365967
4 0.30028051181102366 0.3041491841491841 0.26788385826771655 0.08848484848484849
1 0.7286811023622047 0.3053088578088578 0.01641732283464567 0.009219114219114219
15 0.6803001968503937 0.31876456876456877 0.006269685039370079 0.017482517482517484
1 0.6076673228346456 0.31856643356643355 0.02045275590551181 0.019417249417249417
1 0.6499360236220473 0.32020396270396273 0.02034448818897638 0.0156993006993007
1 0.8039074803149606 0.3286130536130536 0.0074212598425196855 0.02319347319347319
15 0.8350639763779527 0.3290734265734266 0.008710629921259842 0.024114219114219116
1 0.7859153543307087 0.33166666666666667 0.00687007874015748 0.024638694638694638
15 0.8188041338582677 0.3324592074592075 0.005718503937007874 0.023892773892773892
1 0.7149557086614173 0.33484848484848484 0.03030511811023622 0.02634032634032634
1 0.6080068897637796 0.35393939393939394 0.019163385826771653 0.017902097902097902
1 0.6508415354330709 0.3541200466200466 0.018218503937007875 0.015932400932400934
1 0.8227509842519685 0.3907284382284382 0.021486220472440944 0.009895104895104895
1 0.7945423228346457 0.39405011655011657 0.018218503937007875 0.009545454545454544
15 0.8260777559055118 0.41293706293706295 0.01829724409448819 0.012354312354312355
1 0.8015649606299212 0.42125874125874124 0.006673228346456693 0.019673659673659673
1 0.8250000000000001 0.42730186480186483 0.01811023622047244 0.00844988344988345
15 0.6431446850393701 0.047482517482517486 0.016604330708661418 0.006386946386946387
15 0.7950147637795276 0.048187645687645685 0.015226377952755906 0.007797202797202797
1 0.8242913385826772 0.04802447552447552 0.022598425196850395 0.014463869463869464
15 0.7668110236220473 0.04914918414918415 0.011968503937007874 0.0073892773892773895
1 0.6993356299212599 0.049924242424242427 0.020718503937007873 0.01127039627039627
15 0.7348080708661417 0.050256410256410255 0.014891732283464567 0.007272727272727273
15 0.4299261811023622 0.5338344988344988 0.015364173228346456 0.011724941724941726
15 0.37073818897637795 0.5409965034965035 0.015098425196850394 0.012062937062937063
15 0.05334645669291339 0.5418939393939394 0.01811023622047244 0.009195804195804196
1 0.15110236220472442 0.5450524475524475 0.032519685039370076 0.015512820512820514
15 0.39327755905511813 0.5522144522144522 0.012933070866141733 0.013519813519813519
15 0.0883267716535433 0.5655594405594405 0.007362204724409449 0.026223776223776224
15 0.15366633858267717 0.5687529137529138 0.01796259842519685 0.00696969696969697
15 0.4805954724409449 0.571037296037296 0.006466535433070866 0.02319347319347319
15 0.4975590551181102 0.5713694638694639 0.006929133858267717 0.019195804195804196
15 0.5118503937007873 0.5713694638694639 0.004015748031496063 0.019195804195804196
1 0.532755905511811 0.571037296037296 0.01826771653543307 0.0162004662004662
9 0.055885826771653546 0.5714452214452215 0.021220472440944882 0.03333333333333333
15 0.4663484251968504 0.5732051282051283 0.0075 0.0251981351981352
15 0.4489025590551181 0.5871911421911422 0.0060728346456692915 0.018205128205128204
15 0.43554625984251966 0.588525641025641 0.006919291338582678 0.020874125874125873
15 0.8304675196850394 0.5923776223776224 0.007391732283464567 0.019254079254079254
15 0.816126968503937 0.5933216783216783 0.006269685039370079 0.023473193473193474
15 0.4174606299212598 0.5962937062937063 0.010118110236220472 0.010769230769230769
1 0.3957135826771654 0.596520979020979 0.00796259842519685 0.020547785547785545
15 0.3379330708661417 0.5981293706293707 0.01248031496062992 0.016771561771561774
15 0.36187992125984253 0.5986771561771561 0.011161417322834646 0.013205128205128204
1 0.3810482283464567 0.5981293706293707 0.008159448818897637 0.019102564102564102
1 0.6323179133858268 0.6026048951048951 0.018572834645669292 0.009405594405594407
1 0.5127952755905512 0.6137121212121213 0.005905511811023622 0.019965034965034965
1 0.5285433070866141 0.6147086247086246 0.005905511811023622 0.019627039627039627
15 0.5673917322834646 0.6172144522144523 0.016673228346456695 0.024638694638694638
1 0.2980561023622047 0.6174475524475525 0.0075295275590551184 0.022773892773892773
1 0.31572342519685037 0.618560606060606 0.009399606299212599 0.024999999999999998
9 0.05423720472440945 0.6232750582750582 0.019891732283464567 0.03675990675990676
15 0.7885728346456693 0.6257983682983682 0.006279527559055118 0.020827505827505827
15 0.8020226377952756 0.625576923076923 0.00562007874015748 0.022715617715617715
1 0.8172047244094488 0.6278613053613054 0.006456692913385826 0.01796037296037296
1 0.8328543307086613 0.6280827505827505 0.00625984251968504 0.0184032634032634
1 0.6653100393700788 0.06337995337995338 0.013690944881889764 0.03585081585081585
1 0.7047834645669291 0.6307517482517482 0.007992125984251967 0.02141025641025641
15 0.6402854330708662 0.06519230769230769 0.018759842519685037 0.006841491841491841
1 0.10164370078740156 0.6437179487179486 0.02809055118110236 0.012377622377622377
1 0.5862303149606299 0.6508508158508158 0.005137795275590551 0.01965034965034965
1 0.7964960629921259 0.652004662004662 0.012283464566929135 0.005641025641025641
15 0.7655462598425197 0.06535547785547786 0.013375984251968504 0.007167832167832168
1 0.5726870078740157 0.6536829836829837 0.005610236220472441 0.02298368298368298
1 0.15555118110236218 0.6563927738927738 0.01779527559055118 0.007424242424242424
1 0.5448966535433071 0.6560139860139861 0.007116141732283465 0.018321678321678324
1 0.529478346456693 0.6583449883449883 0.0038385826771653543 0.018321678321678324
15 0.8185187007874016 0.6597902097902099 0.007116141732283465 0.023543123543123542
15 0.7953494094488189 0.06640442890442891 0.013927165354330709 0.006934731934731935
9 0.7457529527559055 0.66502331002331 0.04268700787401575 0.05032634032634033
15 0.09946850393700787 0.6651923076923077 0.019803149606299215 0.008706293706293706
1 0.6973818897637795 0.665885780885781 0.01681102362204724 0.010093240093240093
15 0.2956889763779528 0.6657051282051282 0.010669291338582677 0.016724941724941725
15 0.7963090551181102 0.670437062937063 0.011909448818897637 0.00754079254079254
15 0.7381791338582677 0.06796620046620046 0.015728346456692913 0.007727272727272727
15 0.15639271653543307 0.6768240093240093 0.013572834645669291 0.008659673659673659
15 0.5951377952755905 0.6762703962703963 0.01901574803149606 0.009883449883449883
15 0.5658464566929133 0.6776573426573426 0.011614173228346457 0.005664335664335665
15 0.7952755905511811 0.685483682983683 0.013779527559055118 0.009662004662004661
15 0.5384350393700787 0.6849300699300699 0.017814960629921262 0.008554778554778555
15 0.697755905511811 0.6849242424242424 0.017559055118110237 0.006212121212121212
1 0.8260433070866141 0.06951631701631701 0.020196850393700786 0.013158508158508157
15 0.29591535433070865 0.6887587412587413 0.011122047244094489 0.016212121212121212
15 0.8182824803149606 0.6956002331002331 0.006643700787401575 0.0229020979020979
15 0.02800196850393701 0.7021386946386946 0.006791338582677166 0.021993006993006995
15 0.6996309055118111 0.7020804195804196 0.013435039370078741 0.005559440559440559
1 0.7978051181102362 0.7029137529137529 0.014901574803149607 0.0072261072261072265
15 0.5887844488188977 0.7078496503496504 0.016151574803149608 0.024090909090909093
9 0.15803149606299213 0.7107925407925408 0.022755905511811024 0.0393006993006993
15 0.29587598425196854 0.7155710955710957 0.011043307086614175 0.016223776223776222
15 0.8162696850393701 0.725944055944056 0.018366141732283466 0.008997668997668998
1 0.7819192913385826 0.7285081585081584 0.014625984251968503 0.009463869463869463
15 0.7605511811023622 0.7317890442890443 0.007322834645669292 0.020687645687645688
15 0.7456003937007873 0.7311829836829837 0.006948818897637795 0.02413752913752914
15 0.7324311023622047 0.7337354312354312 0.008169291338582678 0.022249417249417248
1 0.7161712598425197 0.7341783216783216 0.007145669291338582 0.02546620046620047
1 0.6915698818897638 0.7345104895104896 0.007155511811023621 0.02146853146853147
9 0.4230905511811024 0.7363636363636363 0.17295275590551182 0.20233100233100232
4 0.9052854330708662 0.7394755244755246 0.05663385826771653 0.2621678321678322
1 0.5426082677165354 0.7417074592074592 0.006476377952755906 0.021876456876456875
1 0.5586811023622047 0.7412062937062938 0.00515748031496063 0.020874125874125873
15 0.2968996062992126 0.7423892773892774 0.011122047244094489 0.016247086247086248
15 0.02763287401574803 0.7425233100233101 0.006053149606299213 0.02350815850815851
15 0.5896259842519684 0.7448776223776225 0.015866141732283467 0.025885780885780887
15 0.7805659448818897 0.747488344988345 0.01388779527559055 0.007797202797202797
1 0.15488681102362206 0.7530885780885781 0.024340551181102364 0.014335664335664336
9 0.08960629921259841 0.7560722610722611 0.021732283464566928 0.0645920745920746
1 0.7786417322834646 0.7672027972027972 0.01791338582677165 0.009930069930069929
15 0.2969192913385827 0.7694638694638695 0.009192913385826772 0.016783216783216783
15 0.20461614173228346 0.7751165501165501 0.013562992125984252 0.007109557109557109
15 0.23526574803149605 0.7776107226107227 0.015807086614173228 0.005104895104895105
1 0.1168503937007874 0.7811655011655012 0.005354330708661418 0.021538461538461538
15 0.5860629921259843 0.7859615384615385 0.016614173228346456 0.02413752913752914
15 0.20353838582677164 0.7900466200466201 0.015344488188976378 0.006666666666666666
15 0.23245570866141732 0.791934731934732 0.016092519685039372 0.008111888111888111
15 0.7150246062992126 0.07946969696969697 0.006820866141732283 0.02141025641025641
4 0.32278543307086616 0.08004662004662005 0.10423228346456694 0.05286713286713287
15 0.2956988188976378 0.7931818181818181 0.006751968503937008 0.012937062937062937
15 0.6937106299212598 0.0804020979020979 0.015374015748031496 0.009289044289044288
15 0.23268700787401575 0.8080361305361304 0.012618110236220472 0.0076806526806526805
15 0.20302657480314962 0.8088694638694639 0.016289370078740158 0.009347319347319347
1 0.6409891732283465 0.08123543123543124 0.01623031496062992 0.008624708624708625
15 0.16127952755905514 0.818409090909091 0.019409448818897636 0.007447552447552447
15 0.11638287401574804 0.8186713286713286 0.020167322834645666 0.007972027972027972
15 0.5877509842519685 0.8256002331002331 0.018021653543307085 0.02882284382284382
15 0.23545275590551182 0.8260780885780885 0.01421259842519685 0.004137529137529137
15 0.2048572834645669 0.8270804195804196 0.02388779527559055 0.008473193473193473
15 0.08168307086614172 0.8265909090909092 0.005885826771653543 0.02148018648018648
15 0.031343503937007876 0.8283449883449884 0.005600393700787402 0.02498834498834499
15 0.28189468503937004 0.8290034965034965 0.014576771653543307 0.012319347319347319
15 0.046107283464566926 0.8293997668997669 0.005600393700787402 0.027097902097902096
15 0.3083759842519685 0.8374417249417249 0.01832677165354331 0.008216783216783216
15 0.7950885826771653 0.08410839160839162 0.011437007874015748 0.007377622377622377
15 0.764138779527559 0.08512237762237762 0.014498031496062993 0.009405594405594407
15 0.23325295275590552 0.8428438228438228 0.017687007874015746 0.007365967365967366
15 0.2037253937007874 0.8459498834498835 0.015718503937007876 0.006585081585081585
15 0.28039370078740156 0.8472668997668998 0.0115748031496063 0.006888111888111888
15 0.3113287401574803 0.8557634032634033 0.020295275590551182 0.009895104895104895
15 0.7389763779527558 0.08762237762237764 0.01732283464566929 0.007412587412587413
15 0.5896751968503937 0.8634032634032633 0.01793307086614173 0.025174825174825177
1 0.5372047244094488 0.8652039627039627 0.007480314960629921 0.021783216783216784
15 0.27894192913385824 0.8648659673659673 0.014576771653543307 0.011783216783216782
1 0.5262401574803149 0.8657575757575758 0.0052362204724409455 0.02055944055944056
1 0.3090748031496063 0.8715268065268065 0.017755905511811023 0.006456876456876457
1 0.280634842519685 0.8843531468531468 0.019931102362204724 0.011130536130536132
1 0.42371062992125985 0.8856293706293706 0.016712598425196852 0.006689976689976691
15 0.45956200787401574 0.8959615384615385 0.02345472440944882 0.022692307692307692
15 0.4891338582677165 0.8992424242424242 0.023543307086614174 0.026923076923076925
1 0.42891240157480315 0.9023368298368298 0.01530511811023622 0.007470862470862471
15 0.5889222440944882 0.903986013986014 0.01642716535433071 0.017762237762237763
15 0.528115157480315 0.9049009324009324 0.008986220472440945 0.024254079254079252
15 0.5154625984251969 0.905565268065268 0.009271653543307086 0.02325174825174825
1 0.8285187007874015 0.09232517482517483 0.021210629921259844 0.014487179487179487
15 0.3639173228346457 0.9148426573426572 0.02311023622047244 0.02548951048951049
15 0.3955954724409449 0.9151689976689977 0.0234744094488189 0.02148018648018648
15 0.2968602362204725 0.9184498834498834 0.022854330708661417 0.025710955710955708
15 0.3271751968503937 0.9183333333333332 0.022460629921259842 0.023146853146853146
15 0.7962450787401575 0.10265151515151516 0.01375 0.007167832167832168
1 0.7234202755905512 0.10660839160839161 0.015738188976377954 0.008088578088578088
9 0.6723523622047244 0.10761655011655012 0.045492125984251966 0.02175990675990676
15 0.611638779527559 0.10804778554778555 0.01658464566929134 0.0063053613053613055
15 0.634753937007874 0.11094988344988344 0.009665354330708661 0.023764568764568766
1 0.758759842519685 0.11177738927738928 0.0312992125984252 0.023088578088578088
1 0.8260137795275591 0.11350815850815851 0.018169291338582676 0.010233100233100232