1 0.20139372280919826 0.2417191011235955 0.01372591671845867 0.05197752808988764
1 0.18310285891858297 0.24297752808988765 0.013812927284027348 0.05898876404494382
1 0.6035518955873214 0.24480898876404494 0.013816034804226227 0.0491685393258427
1 0.9058545680546923 0.2551460674157303 0.006239900559353635 0.09680898876404494
1 0.8101880049720322 0.2546292134831461 0.006951522684897452 0.10026966292134831
1 0.3890428837787446 0.2671348314606742 0.007420758234928527 0.09831460674157304
1 0.18300341827221875 0.29874157303370785 0.013614045991298944 0.0491685393258427
15 0.19228091982597886 0.2991573033707865 0.004201367308887508 0.05898876404494382
1 0.9550217526413922 0.30112359550561796 0.005755127408328154 0.02247191011235955
1 0.8649673710379118 0.30423595505617973 0.006504039776258546 0.024202247191011234
1 0.7566951522684897 0.3064831460674157 0.006864512119328776 0.024202247191011234
1 0.6618707271597266 0.30702247191011234 0.00615288999378496 0.025280898876404494
1 0.5533001864512119 0.3089213483146067 0.00653822249844624 0.02458426966292135
1 0.46110006215040394 0.31151685393258427 0.006724673710379118 0.025280898876404494
1 0.3474114356743319 0.31425842696629214 0.006817899316345557 0.021775280898876405
1 0.4444422001243008 0.3170674157303371 0.007591671845866998 0.027393258426966292
1 0.2568132380360472 0.31825842696629214 0.007100683654443754 0.025280898876404494
1 0.1484928527035426 0.3181685393258427 0.005500310752019888 0.016112359550561797
1 0.9480158483530143 0.32108988764044943 0.0047949036668738345 0.05791011235955056
15 0.046821006836544436 0.3219101123595506 0.006631448104412679 0.028089887640449437
1 0.7441780609073959 0.3237640449438202 0.0048259788688626475 0.058764044943820225
1 0.6494266625233064 0.3233820224719101 0.004881914232442511 0.06249438202247191
1 0.03604878806712244 0.32402247191011235 0.008082660037290242 0.032314606741573035
1 0.5862616532007457 0.32331460674157303 0.004095711622125544 0.05337078651685393
1 0.5717386575512741 0.32465168539325845 0.0030174021131137356 0.0470561797752809
15 0.7274052206339341 0.32523595505617975 0.007327532628962088 0.030247191011235956
1 0.5811124922311995 0.3265505617977528 0.0031199502796768175 0.046359550561797754
1 0.5407100683654444 0.32717977528089887 0.00497513983840895 0.061101123595505624
1 0.9550699192044748 0.330685393258427 0.006472964574269732 0.027662921348314606
1 0.8654568054692355 0.33249438202247195 0.006861404599129894 0.026786516853932584
1 0.3378029832193909 0.33301123595505616 0.004381603480422622 0.054786516853932585
1 0.24231199502796769 0.33286516853932585 0.004201367308887508 0.05898876404494382
15 0.9949751398384089 0.332752808988764 0.0036233685518955875 0.058764044943820225
1 0.7568023617153511 0.33344943820224715 0.007700435052827844 0.024202247191011234
1 0.6619965817277812 0.3357415730337079 0.007026103169670603 0.028786516853932586
1 0.1334058421379739 0.3361011235955056 0.0039154754505904285 0.05197752808988764
1 0.5537072715972654 0.3365842696629214 0.00673088875077688 0.025977528089887642
15 0.02344002486016159 0.33701123595505617 0.003996270975761342 0.05829213483146068
1 0.3475077688004972 0.33813483146067413 0.007010565568676196 0.02458426966292135
1 0.4611979490366687 0.3417865168539326 0.006920447482908639 0.027393258426966292
15 0.933924798011187 0.3439887640449438 0.004580484773151026 0.058764044943820225
1 0.2567153511497825 0.344876404494382 0.0069049098819142325 0.02458426966292135
1 0.14892013673088875 0.3444831460674157 0.005733374766935985 0.014808988764044944
15 0.9658530142945928 0.3449438202247191 0.005043505282784338 0.056179775280898875
15 0.960902734617775 0.3458988764044944 0.0038440024860161588 0.05359550561797753
9 0.9737321317588564 0.349438202247191 0.008993163455562461 0.056179775280898875
15 0.04677284027346177 0.35021348314606743 0.006535114978247359 0.021775280898876405
1 0.8486124922311995 0.35220224719101123 0.012949036668738347 0.052719101123595506
9 0.9252346177750156 0.35289887640449435 0.010195773772529523 0.06310112359550561
15 0.9818598508390305 0.35246067415730337 0.0034959602237414544 0.0622247191011236
1 0.44185985083903045 0.36082022471910113 0.013614045991298944 0.05197752808988764
15 0.0525419515226849 0.36657303370786515 0.004400248601615911 0.05898876404494382
15 0.05790397762585457 0.3677640449438202 0.0051802361715351155 0.05687640449438202
15 0.55797234307023 0.36840449438202244 0.007802983219390926 0.026696629213483147
1 0.9938517712865134 0.3757078651685393 0.0069701678060907395 0.023325842696629216
15 0.5909726538222498 0.3783033707865168 0.004195152268489745 0.05548314606741573
15 0.5767386575512741 0.37949438202247193 0.004316345556246116 0.05337078651685393
15 0.5859493474207582 0.37879775280898875 0.004092604101926662 0.05197752808988764
15 0.5721923555003108 0.3792808988764045 0.003924798011187073 0.04844943820224719
15 0.5970229956494717 0.3805505617977528 0.004487259167184587 0.05548314606741573
15 0.5815661901802361 0.37879775280898875 0.004027346177750156 0.05197752808988764
1 0.03601926662523306 0.39452808988764043 0.007402113113735239 0.09692134831460675
15 0.5578744561839653 0.39986516853932585 0.007607209446861405 0.026696629213483147
15 0.880419515226849 0.4142584269662921 0.007576134244872591 0.02851685393258427
15 0.8897560596643879 0.4170224719101123 0.006982597886886264 0.0250561797752809
1 0.1399627097576134 0.42380898876404494 0.004599129894344313 0.061101123595505624
1 0.1166702921068987 0.42430337078651686 0.004005593536357987 0.05759550561797753
1 0.15463952765692976 0.423247191011236 0.004120571783716594 0.05548314606741573
1 0.11195929148539466 0.42359550561797754 0.0039061528899937852 0.056179775280898875
1 0.13536824114356744 0.42534831460674155 0.0041112492231199504 0.059685393258426964
15 0.9106836544437539 0.4258426966292135 0.004089496581727781 0.056179775280898875
1 0.12138129272840274 0.42430337078651686 0.004105034182722188 0.05759550561797753
1 0.13075512740832815 0.425 0.0042075823492852705 0.05898876404494382
1 0.14957893101305159 0.42430337078651686 0.005186451211932878 0.05759550561797753
1 0.0932411435674332 0.4246516853932584 0.004381603480422622 0.05829213483146068
1 0.10263362336855189 0.42619101123595504 0.0038999378495960225 0.05687640449438202
1 0.10729645742697326 0.42534831460674155 0.003903045369794904 0.059685393258426964
1 0.12614045991298944 0.42534831460674155 0.004300807955251709 0.059685393258426964
1 0.14481044126786824 0.4254943820224719 0.0037290242386575512 0.05548314606741573
1 0.09802050963331262 0.425 0.003996270975761342 0.05898876404494382
1 0.9940661901802362 0.4273932584269663 0.005534493474207582 0.06826966292134831
15 0.04207116221255438 0.43258426966292135 0.004589807333747669 0.056179775280898875
1 0.05213486637663145 0.43497752808988766 0.013530142945929148 0.05197752808988764
15 0.6171006836544437 0.43686516853932583 0.007973896830329397 0.028786516853932586
1 0.20964574269732753 0.4427640449438202 0.003505282784338098 0.054067415730337076
1 0.607433188315724 0.44396629213483146 0.0029334990677439402 0.05197752808988764
1 0.21310285891858297 0.4455056179775281 0.0023399627097576135 0.05056179775280899
1 0.611047234307023 0.44810112359550563 0.003325046612802983 0.05125842696629213
9 0.18930857675574891 0.44887640449438204 0.028088875077688005 0.19662921348314608
1 0.1681696706028589 0.4502808988764045 0.0063206960845245495 0.019662921348314606
1 0.6248990055935364 0.4502134831460674 0.0043039154754505905 0.05548314606741573
15 0.6296286513362337 0.4507752808988764 0.0038191423244251085 0.061101123595505624
15 0.21912678682411435 0.451752808988764 0.0081727781230578 0.031595505617977526
1 0.7996410814170292 0.45747191011235955 0.013203853325046613 0.04752808988764044
15 0.8120245494095711 0.458685393258427 0.008138595400870106 0.031977528089887644
15 0.8898461777501554 0.45833707865168544 0.007784338098197638 0.026786516853932584
15 0.6171006836544437 0.46938202247191013 0.007973896830329397 0.03089887640449438
15 0.2811730888750777 0.46924719101123596 0.0036140459912989437 0.05759550561797753
15 0.25317899316345555 0.4699438202247191 0.00418272218769422 0.05898876404494382
15 0.26265071472964574 0.4707865168539326 0.004481044126786824 0.056179775280898875
15 0.2483032939714108 0.47184269662921346 0.00437538844002486 0.05829213483146068
15 0.27630671224362957 0.4712808988764045 0.005068365444375388 0.052674157303370786
15 0.2858654443753884 0.47029213483146065 0.004297700435052828 0.059685393258426964
15 0.3141314481044127 0.4723370786516854 0.004894344313238036 0.054786516853932585
20 0.2309089496581728 0.4721910112359551 0.004390926041019267 0.05898876404494382
15 0.9797933499067744 0.470438202247191 0.007442510876320696 0.02851685393258427
15 0.30026103169670604 0.47253932584269664 0.004499689247980112 0.059685393258426964
15 0.30477781230578 0.47184269662921346 0.0042106898694841514 0.05829213483146068
15 0.3095571783716594 0.47113483146067414 0.0038253573648228717 0.05687640449438202
15 0.25764760720944685 0.47162921348314607 0.00379738968303294 0.05337078651685393
15 0.26739900559353635 0.4730337078651685 0.0034120571783716595 0.056179775280898875
15 0.27146985705407084 0.4714943820224719 0.004095711622125544 0.05759550561797753
15 0.29518955873213176 0.4721910112359551 0.004300807955251709 0.05898876404494382
15 0.2905282784338098 0.47338202247191014 0.004300807955251709 0.05687640449438202
1 0.1687228091982598 0.4762696629213483 0.006805469235550031 0.026696629213483147
1 0.9937445618396519 0.47597752808988764 0.006134244872591671 0.021617977528089884
15 0.13985550031075203 0.4828651685393258 0.003141702921068987 0.05337078651685393
15 0.13087165941578618 0.4840561797752809 0.0038191423244251085 0.05125842696629213
15 0.11212399005593536 0.4851123595505618 0.0036140459912989437 0.05337078651685393
15 0.14956960845245493 0.4837078651685393 0.003924798011187073 0.05056179775280899
15 0.12637352392790555 0.48392134831460676 0.003523927905531386 0.05548314606741573
15 0.1447622747047856 0.48489887640449436 0.003632691112492231 0.04844943820224719
15 0.10768489745183343 0.4851123595505618 0.004679925419515227 0.05337078651685393
15 0.11673865755127409 0.48441573033707863 0.0035208203853325046 0.05197752808988764
15 0.13524238657551274 0.4852584269662921 0.003238036047234307 0.0491685393258427
1 0.9570571783716594 0.48600000000000004 0.011068986948415164 0.17200000000000001
15 0.15418427594779366 0.48489887640449436 0.003831572405220634 0.04844943820224719
15 0.12154599129894345 0.4851123595505618 0.003812927284027346 0.05337078651685393
15 0.10282784338098197 0.4861685393258427 0.004288377874456184 0.05548314606741573
15 0.09806867619639527 0.4861685393258427 0.004092604101926662 0.05548314606741573
1 0.720577998756992 0.4880674157303371 0.006724673710379118 0.023325842696629216
1 0.06842448725916718 0.48651685393258426 0.005090118085767557 0.056179775280898875
1 0.7330717837165942 0.48850561797752806 0.006852082038533251 0.024202247191011234
1 0.8599891236793039 0.4875505617977528 0.00649160969546302 0.09420224719101124
1 0.8679987569919204 0.4889325842696629 0.006973275326289621 0.09247191011235954
15 0.09333747669359851 0.4896067415730337 0.004574269732753263 0.05337078651685393
15 0.9675854568054693 0.49351685393258427 0.005400870105655687 0.06568539325842697
15 0.08430546923555003 0.49725842696629213 0.008262896208825357 0.037213483146067414
15 0.2173772529521442 0.49965168539325844 0.004673710379117464 0.05548314606741573
15 0.2223896830329397 0.5 0.003511497824735861 0.056179775280898875
1 0.24406152889993785 0.505123595505618 0.002728402734617775 0.04844943820224719
15 0.8532566811684277 0.5058764044943821 0.004213797389683033 0.054449438202247194
15 0.6229956494717216 0.5127865168539326 0.008576755748912368 0.032314606741573035
15 0.0567775015537601 0.5166404494382022 0.0047917961466749535 0.06249438202247191
1 0.8002019888129274 0.5175505617977528 0.013082660037290243 0.05532584269662921
15 0.8121441889372281 0.5180674157303371 0.008377874456183966 0.02939325842696629
1 0.06116842759477937 0.5212134831460674 0.00362958359229335 0.0491685393258427
15 0.9950823492852704 0.5233370786516853 0.004459291485394655 0.05791011235955056
15 0.8410037290242386 0.5248089887640449 0.007675574891236793 0.02939325842696629
15 0.23052983219390927 0.5280224719101123 0.007983219390926041 0.035820224719101124
1 0.9447933499067743 0.5293820224719101 0.008293971410814172 0.09247191011235954
15 0.3092743940335612 0.529561797752809 0.004502796768178993 0.05687640449438202
15 0.2953060907395898 0.5307640449438202 0.003912367930391548 0.054786516853932585
15 0.299541640770665 0.5311123595505618 0.0043039154754505905 0.05548314606741573
1 0.9345711622125543 0.5317191011235956 0.006494717215661901 0.0881573033707865
15 0.2625714729645743 0.5313258426966292 0.0037010565568676196 0.06040449438202247
15 0.2907224984462399 0.5307640449438202 0.004689247980111871 0.054786516853932585
15 0.3045633934120572 0.5300561797752809 0.0044033561218147915 0.05337078651685393
15 0.2532271597265382 0.5318089887640449 0.00427905531385954 0.05687640449438202
15 0.2857489123679304 0.5311123595505618 0.00468614045991299 0.05548314606741573
15 0.25784182722187693 0.5321685393258427 0.004185829707893101 0.05759550561797753
15 0.2673617153511498 0.5306179775280899 0.004580484773151026 0.05898876404494382
15 0.2813191423244251 0.5313258426966292 0.0039061528899937852 0.06040449438202247
15 0.31429614667495337 0.5318089887640449 0.004602237414543194 0.05687640449438202
15 0.2485161591050342 0.5318089887640449 0.004179614667495338 0.05687640449438202
15 0.27215972653822246 0.5326516853932585 0.003610938471100062 0.054067415730337076
15 0.2765894965817278 0.5323033707865169 0.004390926041019267 0.05337078651685393
15 0.9791827221876943 0.5374269662921348 0.006842759477936606 0.027662921348314606
15 0.6228495960223741 0.545932584269663 0.008284648850217527 0.026696629213483147
15 0.8853868862647608 0.5493483146067416 0.0038377874456183964 0.06049438202247191
15 0.9067868241143567 0.5525505617977527 0.009347420758234928 0.03543820224719101
15 0.8325637041640771 0.5624943820224719 0.0038471100062150406 0.05532584269662921
15 0.8799114356743318 0.5611011235955056 0.004073958980733375 0.0795056179775281
15 0.8747467371037911 0.5646516853932585 0.0043101305158483524 0.0821123595505618
1 0.8403107520198881 0.5665505617977529 0.008154133001864511 0.031977528089887644
1 0.7176009944064635 0.5694044943820225 0.006364201367308888 0.024202247191011234
1 0.9794577377252952 0.5681123595505618 0.00552827843380982 0.021617977528089884
15 0.8481525792417651 0.5714831460674157 0.004571162212554382 0.05532584269662921
15 0.6224906774394033 0.5798426966292134 0.008188315724052207 0.031595505617977526
1 0.858339030453698 0.5811573033707865 0.01127097576134245 0.04321348314606742
15 0.9950823492852704 0.5834943820224718 0.004459291485394655 0.06137078651685393
1 0.8001429459291486 0.5945505617977528 0.012964574269732753 0.04752808988764044
1 0.8223896830329397 0.5968876404494382 0.012088253573648228 0.04321348314606742
15 0.9790506525792417 0.6012921348314606 0.007200124300807955 0.0250561797752809
1 0.7334058421379739 0.6082134831460674 0.005655686761963953 0.0838426966292135
15 0.6225870105655686 0.6151011235955057 0.008380981976382847 0.030202247191011236
1 0.9137569919204475 0.6142584269662922 0.005885643256681169 0.07346067415730337
9 0.5777843380981976 0.617 0.05053449347420758 0.36658426966292135
15 0.9075761342448726 0.6185842696629213 0.004089496581727781 0.059640449438202243
15 0.9217433188315725 0.6203932584269662 0.004456183965195774 0.058764044943820225
15 0.5410425730267246 0.6219101123595505 0.008747669359850838 0.03932584269662921
15 0.7399689247980111 0.6217752808988763 0.003865755127408328 0.05703370786516854
15 0.9277688004972032 0.6241123595505619 0.004698570540708514 0.052719101123595506
1 0.6074829086389062 0.6308314606741574 0.0030329397141081417 0.052674157303370786
1 0.6111932877563704 0.6334269662921348 0.003617153511497825 0.05337078651685393
15 0.8850170913610939 0.6496966292134831 0.0037197016780609075 0.054449438202247194
15 0.9905515848353014 0.6491797752808989 0.004098819142324425 0.05791011235955056
15 0.6228977625854568 0.6514044943820225 0.008380981976382847 0.03089887640449438
1 0.9432862026103169 0.6521123595505618 0.0059011808576755745 0.09074157303370788
1 0.8 0.6551460674157303 0.01392169049098819 0.05186516853932584
1 0.9532924176507148 0.6547977528089888 0.0060254816656308266 0.0916179775280899
15 0.9122980111870728 0.670876404494382 0.007318210068365445 0.02939325842696629
1 0.9203433809819763 0.6750224719101123 0.006006836544437538 0.024202247191011234
1 0.8106852082038533 0.6824494382022472 0.006702921068986949 0.034561797752808994
15 0.8691096954630205 0.682191011235955 0.007330640149160969 0.0250561797752809
15 0.6227035425730267 0.6844157303370787 0.007992541951522684 0.02950561797752809
1 0.8268614045991299 0.690752808988764 0.006115599751398384 0.0916179775280899
1 0.8187678682411436 0.6906629213483146 0.006709136109384711 0.09593258426966292
1 0.8350854568054692 0.6895393258426967 0.005161591050341827 0.08469662921348314
9 0.7521302050963331 0.6915280898876405 0.010786202610316967 0.09766292134831461
1 0.7667510876320697 0.6920449438202246 0.007088253573648228 0.09420224719101124
1 0.8429039776258546 0.6922247191011236 0.005882535736482287 0.08557303370786516
1 0.9278340584213798 0.6913595505617977 0.0042075823492852705 0.06137078651685393
15 0.8613983840894965 0.7049213483146067 0.0043380981976382845 0.05703370786516854
15 0.9124782473586078 0.7063146067415731 0.007678682411435675 0.03285393258426966
1 0.9207628962088253 0.7091573033707865 0.006845866998135488 0.0250561797752809
15 0.8756370416407707 0.7097640449438203 0.004226227470478558 0.0622247191011236
1 0.8572141081417028 0.7100224719101124 0.0021845866998135488 0.04925842696629214
1 0.7729909881914233 0.7167640449438202 0.0027874456183965197 0.04925842696629214
15 0.6225901180857675 0.7176292134831461 0.008387197016780609 0.03301123595505618
1 0.8687399005593537 0.7176292134831461 0.007212554381603481 0.02851685393258427
15 0.8104226227470479 0.7197977528089887 0.007420758234928527 0.03285393258426966
1 0.5448492852703543 0.7260561797752809 0.0033095090118085767 0.04986516853932584
1 0.5409742075823493 0.7264044943820225 0.0030174021131137356 0.05056179775280899
15 0.7307660037290242 0.733191011235955 0.0034835301429459293 0.059640449438202243
15 0.6228511497824736 0.749438202247191 0.008287756370416408 0.033707865168539325
15 0.9121783716594157 0.7541011235955056 0.007078931013051585 0.0250561797752809
15 0.9260954008701057 0.7566966292134832 0.007566811684275948 0.030247191011235956
1 0.7821737103791174 0.7603258426966293 0.006858297078931013 0.09593258426966292
1 0.7898850217526414 0.7598988764044943 0.006743318831572405 0.09507865168539327
9 0.8936855189558732 0.7600674157303371 0.02105655686761964 0.10889887640449439
15 0.9195183343691735 0.7700898876404494 0.0037352392790553136 0.05703370786516854
15 0.8568194530764449 0.774247191011236 0.003259788688626476 0.05186516853932584
15 0.861219701678061 0.7764044943820225 0.003980733374766936 0.056179775280898875
15 0.8754459291485395 0.7759775280898876 0.004465506525792418 0.05532584269662921
15 0.8705562461155997 0.7790786516853933 0.0033871970167806092 0.05703370786516854
15 0.9119390926041019 0.783314606741573 0.006600372902423865 0.0250561797752809
1 0.7611684275947794 0.7854831460674158 0.003380981976382847 0.05186516853932584
15 0.6229676817899317 0.7839887640449438 0.007899316345556247 0.03089887640449438
15 0.7526802361715351 0.7853932584269663 0.008157240522063394 0.033707865168539325
15 0.93655531385954 0.7930898876404494 0.0036264760720944684 0.05359550561797753
1 0.9323586078309509 0.8021573033707865 0.002069608452454941 0.04925842696629214
15 0.6228231821006837 0.8187528089887641 0.007610316967060286 0.03301123595505618
15 0.6090770665009323 0.8186067415730336 0.004978247358607831 0.059685393258426964
15 0.613205407085146 0.8213483146067416 0.003912367930391548 0.056179775280898875
15 0.8698508390304537 0.8363820224719101 0.004462399005593536 0.04579775280898876
15 0.8649487259167186 0.8380337078651686 0.003980733374766936 0.05359550561797753
1 0.8748119950279677 0.8437303370786516 0.005062150403977625 0.06049438202247191
1 0.9058064014916097 0.8476179775280899 0.0024145431945307642 0.04579775280898876
15 0.9196379738968303 0.8541910112359551 0.003974518334369173 0.054449438202247194
15 0.9370929148539465 0.8537640449438203 0.004701678060907396 0.05359550561797753
15 0.915275015537601 0.8562696629213483 0.004571162212554382 0.06310112359550561
15 0.9101817899316346 0.8559213483146068 0.004328775637041641 0.05791011235955056
1 0.9324067743940336 0.8588539325842697 0.0027874456183965197 0.04579775280898876
15 0.6264558732131759 0.865876404494382 0.007417650714729646 0.023887640449438204
1 0.5719033561218148 0.8739438202247191 0.0027252952144188936 0.04002247191011236
1 0.5755174021131138 0.8768988764044945 0.0031168427594779366 0.04143820224719101
15 0.5995773772529521 0.8811123595505619 0.004002486016159105 0.04986516853932584
15 0.6332256059664388 0.8835730337078652 0.004798011187072715 0.054786516853932585
15 0.5619779366065879 0.8823707865168539 0.004005593536357987 0.05687640449438202
15 0.5577423865755128 0.8842696629213483 0.0036140459912989437 0.056179775280898875
15 0.6061730888750777 0.8891123595505618 0.0035208203853325046 0.05687640449438202
15 0.6200637041640771 0.8877078651685393 0.0033343691733996273 0.054067415730337076
15 0.6109322560596644 0.8906629213483147 0.0037165941578620265 0.05548314606741573
15 0.8853449347420758 0.8966292134831461 0.0037538844002486015 0.06741573033707865
15 0.6262896208825358 0.8989438202247191 0.007706650093225606 0.031595505617977526
15 0.9086824114356743 0.9032808988764045 0.007545059042883779 0.026786516853932584
1 0.5729723430702299 0.9222584269662921 0.007970789310130516 0.028786516853932586
1 0.19778899937849598 0.19962921348314605 0.005894965817277812 0.021730337078651685
1 0.6003169670602859 0.20540449438202246 0.006724673710379118 0.028786516853932586