1 0.7733552631578947 0.235807962529274 0.0035256410256410253 0.059437939110070254
1 0.6943572874493926 0.2414871194379391 0.0034244264507422404 0.05674473067915691
1 0.8786268556005398 0.24121779859484777 0.0028677462887989206 0.0468384074941452
1 0.5323414304993253 0.2411241217798595 0.003279352226720648 0.05133489461358314
1 0.7614136302294197 0.24338407494145198 0.0032591093117408905 0.05585480093676815
15 0.8742408906882592 0.24158079625292742 0.0028677462887989206 0.052248243559718965
15 0.8702547233468286 0.24202576112412177 0.0029925775978407554 0.05313817330210773
15 0.8832085020242915 0.24346604215456677 0.0032591093117408905 0.05133489461358314
1 0.5852580971659919 0.24382903981264636 0.0025 0.05674473067915691
1 0.7460981781376518 0.24436768149882904 0.0029925775978407554 0.05313817330210773
1 0.10191801619433198 0.24572599531615924 0.003431174089068826 0.05585480093676815
1 0.7548717948717949 0.24617096018735363 0.0029959514170040486 0.05674473067915691
1 0.09619433198380567 0.24580796252927403 0.0027800269905533066 0.05133489461358314
1 0.363974358974359 0.24724824355971897 0.0032523616734143053 0.049531615925058545
1 0.544971322537112 0.2481498829039813 0.002898110661268556 0.05133489461358314
1 0.7107641700404858 0.24634660421545668 0.0031747638326585694 0.047728337236533955
15 0.20533569500674764 0.24736533957845433 0.002439271255060729 0.049765807962529274
15 0.20931174089068824 0.24810304449648712 0.002968960863697706 0.05124121779859485
15 0.20183535762483132 0.24846604215456675 0.002860998650472335 0.0519672131147541
1 0.42560222672064774 0.2489695550351288 0.0030263157894736843 0.05765807962529274
1 0.19779183535762482 0.24905152224824356 0.002871120107962213 0.05313817330210773
1 0.7981325910931174 0.2505854800936768 0.0031477732793522267 0.0468384074941452
1 0.25853576248313087 0.25094847775175644 0.0029014844804318486 0.052248243559718965
1 0.2444618758434548 0.25065573770491806 0.003093792172739541 0.056346604215456675
1 0.25325573549257757 0.2519086651053864 0.0024628879892037788 0.05416861826697892
1 0.786192645074224 0.25185011709601873 0.0028846153846153848 0.054051522248243555
15 0.8020529689608636 0.2514871194379391 0.0028913630229419705 0.048641686182669785
1 0.7939541160593793 0.2510304449648712 0.0028879892037786776 0.047728337236533955
1 0.3802378542510122 0.2532903981264637 0.003390688259109312 0.052248243559718965
15 0.21837044534412955 0.2524121779859485 0.0028677462887989206 0.05049180327868852
1 0.21392543859649124 0.25427400468384076 0.002749662618083671 0.049531615925058545
1 0.48700404858299595 0.28039812646370027 0.003022941970310392 0.05494145199063232
1 0.48126686909581645 0.2817564402810305 0.003019568151147098 0.05765807962529274
1 0.49919197031039136 0.2993208430913349 0.007830634278002698 0.02252927400468384
1 0.030620782726045886 0.3114754098360656 0.007935222672064778 0.0234192037470726
15 0.24816295546558703 0.3960070257611241 0.00847165991902834 0.0285480093676815
15 0.2141211201079622 0.3956440281030445 0.0038157894736842108 0.05124121779859485
1 0.7952918353576248 0.43649882903981263 0.006912955465587044 0.025222482435597188
15 0.8022604588394062 0.43721311475409835 0.002631578947368421 0.059437939110070254
1 0.7037938596491228 0.44379391100702575 0.0034041835357624833 0.0585480093676815
1 0.6958383940620784 0.44343091334894613 0.003012820512820513 0.05313817330210773
1 0.6996929824561403 0.44423887587822014 0.0026248313090418353 0.059437939110070254
15 0.7756528340080971 0.44640515222482435 0.006771255060728745 0.02161592505854801
15 0.7851535087719299 0.4483021077283373 0.007553981106612686 0.02072599531615925
1 0.7765350877192982 0.47172131147540985 0.006511470985155196 0.02072599531615925
15 0.9866632928475033 0.48324355971896954 0.0030161943319838057 0.05313817330210773
15 0.4512921727395412 0.48339578454332555 0.007847503373819164 0.015971896955503512
1 0.4411605937921727 0.48387587822014055 0.007152496626180837 0.02161592505854801
15 0.7912533738191633 0.48324355971896954 0.0028846153846153848 0.05313817330210773
1 0.79556342780027 0.4823419203747073 0.0034075573549257757 0.05133489461358314
15 0.8944112685560054 0.4874824355971897 0.0033974358974358976 0.052248243559718965
15 0.8981359649122806 0.4874824355971897 0.002749662618083671 0.052248243559718965
15 0.9019905533063428 0.4894613583138173 0.0023616734143049934 0.0468384074941452
1 0.5277209851551957 0.4955854800936768 0.008208502024291497 0.02161592505854801
15 0.8011825236167341 0.499824355971897 0.0025 0.04414519906323185
9 0.49305836707152495 0.5111709601873536 0.048195006747638325 0.34318501170960186
1 0.9924139676113359 0.5157611241217799 0.00574561403508772 0.09007025761124123
15 0.769318488529015 0.5165690866510538 0.002874493927125506 0.049531615925058545
1 0.7653340080971659 0.5170257611241218 0.0030026990553306343 0.050444964871194375
15 0.7811943319838057 0.5170257611241218 0.00300944669365722 0.050444964871194375
1 0.7768724696356276 0.5188290398126464 0.0031376518218623486 0.054051522248243555
15 0.7731730769230769 0.5189110070257611 0.0024865047233468287 0.049531615925058545
1 0.761283738191633 0.5221545667447307 0.0029993252361673415 0.05133489461358314
15 0.7864001349527665 0.5221545667447307 0.0026248313090418353 0.05133489461358314
1 0.5278744939271255 0.522248243559719 0.007840755735492578 0.0234192037470726
15 0.8302058029689608 0.5231498829039812 0.0025168690958164643 0.048641686182669785
15 0.9055600539811066 0.5231498829039812 0.0027530364372469634 0.048641686182669785
15 0.4347402159244264 0.524695550351288 0.0030836707152496626 0.05641686182669789
1 0.4600067476383266 0.5248594847775175 0.00300944669365722 0.05674473067915691
15 0.43832995951417003 0.5259718969555035 0.002165991902834008 0.054285714285714284
15 0.4460610661268556 0.5265105386416862 0.002783400809716599 0.05536299765807963
15 0.45385290148448043 0.5265105386416862 0.002172739541160594 0.05536299765807963
15 0.44265519568151146 0.5301288056206089 0.0033940620782726048 0.05323185011709602
15 0.6748397435897435 0.5413466042154567 0.0035256410256410253 0.052248243559718965
1 0.9830161943319837 0.5404449648711944 0.003144399460188934 0.050444964871194375
15 0.9869365721997302 0.5445901639344262 0.0028879892037786776 0.054051522248243555
15 0.8215485829959515 0.5492740046838407 0.0034210526315789475 0.054051522248243555
15 0.8253390688259109 0.5549414519906324 0.0029048582995951414 0.05133489461358314
15 0.7734851551956815 0.5771896955503513 0.007159244264507422 0.016206088992974238
15 0.8942813765182187 0.5890866510538642 0.0031376518218623486 0.054051522248243555
15 0.8981224696356275 0.5908899297423887 0.0033974358974358976 0.05765807962529274
1 0.5245006747638327 0.6009718969555036 0.007840755735492578 0.02161592505854801
1 0.5472165991902834 0.608536299765808 0.005364372469635627 0.08826697892271662
9 0.7969669365721997 0.6098009367681498 0.01431174089068826 0.095480093676815
1 0.8249493927125506 0.6133138173302107 0.012246963562753035 0.03693208430913349
1 0.8353323211875844 0.6147540983606558 0.006022267206477733 0.08196721311475409
1 0.8161487854251013 0.6167330210772834 0.0034176788124156547 0.05313817330210773
1 0.8418876518218623 0.6151990632318501 0.005637651821862349 0.08285714285714287
1 0.848363697705803 0.6151990632318501 0.0057692307692307696 0.08285714285714287
15 0.7798448043184886 0.6257377049180328 0.00300944669365722 0.047728337236533955
15 0.7759379217273954 0.6294379391100702 0.0026180836707152496 0.050444964871194375
1 0.5245006747638327 0.6290749414519906 0.007840755735492578 0.02161592505854801
1 0.7648144399460188 0.6381733021077284 0.005337381916329285 0.08196721311475409
1 0.7710188933873146 0.6381733021077284 0.005600539811066127 0.08196721311475409
1 0.5245006747638327 0.65807962529274 0.007840755735492578 0.0234192037470726
15 0.8168016194331984 0.6582552693208431 0.007422402159244264 0.01440281030444965
1 0.45931848852901486 0.6661007025761124 0.007031039136302294 0.02072599531615925
1 0.8643454790823212 0.6751053864168618 0.00601889338731444 0.08557377049180327
1 0.8712904858299596 0.6755503512880562 0.006413630229419704 0.08646370023419205
15 0.44629048582995956 0.6883138173302108 0.0032422402159244263 0.05110070257611241
15 0.44250168690958164 0.6881030444964871 0.0030870445344129555 0.05536299765807963
15 0.951163967611336 0.703384074941452 0.0028677462887989206 0.05313817330210773
15 0.9548127530364373 0.7052810304449648 0.0027429149797570853 0.052248243559718965
1 0.8502462887989204 0.7084309133489461 0.00616059379217274 0.08196721311475409
1 0.8249881916329285 0.7293325526932084 0.006926450742240216 0.02072599531615925
1 0.8165384615384614 0.73211943793911 0.00757085020242915 0.02161592505854801
15 0.47051788124156546 0.7326580796252928 0.007162618083670715 0.01800936768149883
15 0.49096153846153845 0.7331147540983607 0.007564102564102565 0.018922716627634662
15 0.5016295546558704 0.7340983606557376 0.007307692307692308 0.016206088992974238
15 0.7814676113360324 0.7422131147540983 0.0028812415654520915 0.05585480093676815
1 0.7679554655870444 0.7469789227166276 0.0035222672064777324 0.05133489461358314
15 0.7767425775978407 0.7469789227166276 0.0028778677462887987 0.05133489461358314
1 0.7726804993252362 0.74788056206089 0.0035256410256410253 0.05313817330210773
15 0.47652834008097167 0.7579742388758781 0.00703778677462888 0.01711943793911007
15 0.4957624831309042 0.7579742388758781 0.007044534412955465 0.01711943793911007
15 0.5111437246963563 0.7579742388758781 0.007442645074224021 0.01711943793911007
15 0.8165283400809716 0.7584192037470726 0.007550607287449392 0.01800936768149883
15 0.8251079622132254 0.7598594847775175 0.007165991902834007 0.016206088992974238
15 0.4649881916329284 0.7606791569086652 0.0068994601889338725 0.02252927400468384
15 0.485639338731444 0.7612997658079625 0.007041160593792173 0.01440281030444965
1 0.5710205802968962 0.7612177985948478 0.005738866396761134 0.08918032786885245
1 0.8166160593792172 0.7860772833723653 0.0070512820512820505 0.01711943793911007
15 0.8620344129554657 0.7932786885245902 0.0034210526315789475 0.05494145199063232
15 0.8699392712550608 0.7923770491803279 0.003036437246963563 0.05313817330210773
15 0.8661622807017544 0.7942740046838407 0.0029048582995951414 0.052248243559718965
1 0.822638326585695 0.8050819672131148 0.0029014844804318486 0.050444964871194375
1 0.7843758434547908 0.8225526932084309 0.005998650472334683 0.09007025761124123
1 0.7775742240215925 0.8244496487119438 0.005215924426450742 0.08918032786885245
15 0.8064304993252362 0.8675058548009368 0.002874493927125506 0.04414519906323185
15 0.8112854251012146 0.8673185011709602 0.0031376518218623486 0.05313817330210773
15 0.8788427800269905 0.8710187353629977 0.0032995951417004047 0.05585480093676815
15 0.8749358974358974 0.8720023419203747 0.0029082321187584343 0.05313817330210773
1 0.8830229419703105 0.8738056206088993 0.003562753036437247 0.05674473067915691
15 0.6724915654520918 0.8761475409836066 0.0028778677462887987 0.05674473067915691
15 0.6769433198380567 0.8762412177985948 0.00300944669365722 0.052248243559718965
15 0.8394247638326585 0.878583138173302 0.0034109311740890685 0.052248243559718965
15 0.8471997300944669 0.8794847775175645 0.0027665317139001348 0.054051522248243555
1 0.8355954790823211 0.8814637002341921 0.0025 0.048641686182669785
15 0.8433451417004049 0.881288056206089 0.0031545209176788123 0.05765807962529274
1 0.8694854925775979 0.8885831381733021 0.005502699055330634 0.09098360655737706
4 0.5063967611336032 0.9346018735362998 0.11738191632928476 0.10807962529274004
1 0.7933046558704453 0.17978922716627635 0.008336707152496627 0.027025761124121778
1 0.912557354925776 0.1874473067915691 0.007300944669365722 0.018922716627634662
1 0.8001585695006748 0.193384074941452 0.0031511470985155195 0.049531615925058545
1 0.7863866396761133 0.193384074941452 0.003272604588394062 0.049531615925058545
1 0.8437567476383265 0.1956440281030445 0.0033029689608636975 0.054051522248243555
1 0.8726045883940621 0.19627634660421547 0.007017543859649123 0.02252927400468384
1 0.2033535762483131 0.2026463700234192 0.007921727395411606 0.021217798594847775
1 0.7932928475033739 0.20608899297423888 0.008987854251012145 0.0234192037470726
15 0.8278947368421053 0.2134777517564403 0.003292847503373819 0.052248243559718965
1 0.9111420377867746 0.21743559718969555 0.007169365721997301 0.01800936768149883
15 0.6258518893387315 0.22230679156908664 0.003390688259109312 0.05585480093676815
15 0.6213090418353576 0.22320843091334897 0.004426450742240216 0.05765807962529274
1 0.031165654520917678 0.22672131147540983 0.007675438596491228 0.02252927400468384
1 0.922304318488529 0.23175644028103046 0.002503373819163293 0.05133489461358314