15 0.03308529308529309 0.23690156599552573 0.008606528606528606 0.021901565995525726
1 0.4591295191295191 0.416510067114094 0.008466128466128467 0.023176733780760624
15 0.8604668304668304 0.42205816554809844 0.00383994383994384 0.056644295302013425
15 0.029206739206739208 0.43853467561521253 0.006465426465426466 0.018008948545861297
15 0.0320937170937171 0.46970917225950787 0.00872937872937873 0.022192393736017897
15 0.41293085293085297 0.47069351230425055 0.002414882414882415 0.042058165548098436
15 0.39901895401895404 0.4703691275167785 0.0026711126711126713 0.041409395973154364
15 0.4037065637065637 0.47117449664429534 0.0029203229203229202 0.04302013422818792
15 0.40813969813969814 0.4735346756152125 0.0026605826605826605 0.0432662192393736
15 0.4180537030537031 0.47394854586129753 0.003534573534573535 0.057516778523489936
15 0.42703931203931206 0.4735906040268456 0.0032537732537732534 0.05232662192393736
15 0.4364391014391014 0.47293064876957497 0.003099333099333099 0.05100671140939597
15 0.3597086697086697 0.47536912751677857 0.0026746226746226748 0.042460850111856824
15 0.4317585117585117 0.47328859060402684 0.0035661635661635663 0.05172259507829978
15 0.42255352755352754 0.47445190156599554 0.0034082134082134086 0.05404921700223714
15 0.3717760617760618 0.47435123042505595 0.002941382941382942 0.040425055928411634
15 0.4411091611091611 0.4747651006711409 0.0026114426114426117 0.0502013422818792
15 0.388041418041418 0.48889261744966445 0.008796068796068795 0.02476510067114094
15 0.2710863460863461 0.4903914988814318 0.00795015795015795 0.023288590604026847
1 0.2598718848718849 0.49074944071588367 0.010091260091260091 0.03295302013422819
15 0.3012899262899263 0.49145413870246085 0.007985257985257985 0.02093959731543624
15 0.31836960336960335 0.49248322147651 0.008448578448578449 0.022997762863534676
15 0.280995085995086 0.49326621923937364 0.008111618111618112 0.024563758389261746
1 0.050135135135135137 0.4956040268456376 0.008308178308178309 0.020290827740492172
15 0.38821516321516325 0.5227628635346756 0.008441558441558443 0.025391498881431766
9 0.49444892944892943 0.525234899328859 0.05383292383292383 0.334586129753915
15 0.3098122148122148 0.5361185682326622 0.003267813267813268 0.05210290827740492
1 0.3160617760617761 0.5375055928411633 0.003832923832923833 0.05935123042505593
1 0.32166023166023167 0.5376510067114094 0.003095823095823096 0.05069351230425056
15 0.29883467883467885 0.5385794183445191 0.0030747630747630745 0.05255033557046979
1 0.3042962442962443 0.5367897091722595 0.0034678834678834682 0.053445190156599556
15 0.294013689013689 0.5390044742729306 0.0032607932607932604 0.053400447427293066
1 0.33945770445770446 0.5391498881431768 0.003590733590733591 0.053691275167785234
1 0.33377500877500876 0.539351230425056 0.0034573534573534574 0.05409395973154362
15 0.28043875043875044 0.5386577181208053 0.008402948402948404 0.02586129753914989
15 0.32792207792207795 0.5392505592841162 0.0036855036855036856 0.05389261744966443
1 0.25988767988767986 0.5395413870246085 0.010824850824850825 0.03210290827740492
1 0.4605107055107055 0.5404809843400448 0.007718497718497718 0.020559284116331095
15 0.2708020358020358 0.5416666666666666 0.008083538083538084 0.022930648769574943
15 0.06766760266760266 0.5429977628635346 0.0033590733590733593 0.05243847874720358
15 0.04682871182871182 0.5429753914988814 0.0023973323973323973 0.043445190156599554
15 0.0521990171990172 0.5473042505592841 0.0026079326079326078 0.04315436241610738
1 0.08391189891189892 0.5500447427293065 0.002853632853632854 0.04863534675615212
1 0.10045103545103545 0.5516778523489932 0.0036398736398736394 0.056375838926174496
1 0.08928746928746929 0.5514317673378076 0.003776763776763777 0.055883668903803134
1 0.09494559494559494 0.5529082774049218 0.003159003159003159 0.05883668903803132
1 0.12237451737451736 0.5516442953020134 0.0032607932607932604 0.05630872483221477
1 0.11672341172341173 0.5525167785234899 0.0031905931905931904 0.053579418344519014
1 0.0786030186030186 0.5521812080536912 0.0034678834678834682 0.0529082774049217
1 0.10570024570024569 0.5525727069351231 0.0036082836082836083 0.053691275167785234
1 0.13335731835731837 0.5531991051454139 0.003464373464373464 0.05494407158836689
1 0.14410670410670412 0.5540380313199105 0.0032011232011232007 0.052147651006711405
1 0.11148297648297649 0.5534787472035794 0.00323973323973324 0.05102908277404922
1 0.13834854334854335 0.5548210290827741 0.0029168129168129168 0.05371364653243848
15 0.42329413829413826 0.554082774049217 0.0027834327834327832 0.04328859060402685
1 0.12756756756756757 0.555592841163311 0.0031168831168831173 0.0552572706935123
15 0.43237978237978236 0.5562751677852349 0.002702702702702703 0.04319910514541387
1 0.14945068445068446 0.5556599552572706 0.0033590733590733593 0.05539149888143177
15 0.4417251667251667 0.5574720357941835 0.003141453141453141 0.04559284116331096
15 0.05972446472446472 0.5599776286353467 0.006426816426816426 0.014809843400447428
15 0.4368269568269568 0.5600782997762863 0.002471042471042471 0.04185682326621924
15 0.44635135135135134 0.559351230425056 0.002565812565812566 0.04040268456375839
15 0.4280642330642331 0.5605369127516778 0.002495612495612496 0.04277404921700224
1 0.45343804843804847 0.5610402684563758 0.0026991926991926994 0.04825503355704698
15 0.387972972972973 0.5600335570469799 0.00865917865917866 0.019395973154362416
1 0.2035679185679186 0.562248322147651 0.0034854334854334855 0.05514541387024608
1 0.4123692523692523 0.5635346756152125 0.003397683397683398 0.05324384787472036
15 0.20903299403299402 0.5643847874720358 0.0038855738855738857 0.05494407158836689
15 0.19822920322920323 0.563255033557047 0.00404001404001404 0.05715883668903803
15 0.24137592137592137 0.5789485458612976 0.003987363987363987 0.05275167785234899
15 0.30146016146016147 0.5816890380313199 0.008325728325728326 0.022438478747203578
15 0.03218146718146718 0.587427293064877 0.0067988767988767995 0.016017897091722594
1 0.06518778518778519 0.5904809843400447 0.008227448227448229 0.022125279642058168
1 0.3789329589329589 0.5905592841163312 0.005321165321165321 0.06702460850111858
1 0.38914706914706915 0.6016107382550336 0.010305370305370305 0.03543624161073825
1 0.4603896103896104 0.605 0.008178308178308178 0.02431767337807606
1 0.3478764478764479 0.6082662192393735 0.0035802035802035797 0.05322147651006711
15 0.03166023166023166 0.6171364653243848 0.006458406458406458 0.01727069351230425
15 0.07846788346788347 0.6208389261744967 0.0031976131976131973 0.051521252796420586
15 0.0840979290979291 0.6203914988814317 0.0032256932256932254 0.05062639821029082
15 0.07317830817830819 0.6209395973154362 0.003148473148473149 0.05619686800894855
15 0.1108932958932959 0.6207158836689037 0.003464373464373464 0.0512751677852349
15 0.1438101088101088 0.6209843400447427 0.0033099333099333096 0.05628635346756152
15 0.12177430677430677 0.6222595078299776 0.003464373464373464 0.05436241610738255
15 0.1003053703053703 0.6204586129753915 0.003348543348543348 0.050760626398210294
15 0.09506669006669008 0.6219574944071588 0.003401193401193401 0.0492841163310962
15 0.10552825552825552 0.6228635346756153 0.0032643032643032647 0.05557046979865772
15 0.11667076167076167 0.6221812080536913 0.003085293085293085 0.05420581655480985
15 0.13279747279747278 0.6225615212527965 0.0030466830466830464 0.050492170022371365
15 0.13866795366795368 0.62165548098434 0.003555633555633556 0.05315436241610739
15 0.1492137592137592 0.6219686800894855 0.0035872235872235875 0.058255033557046976
15 0.1276009126009126 0.6235346756152126 0.003183573183573184 0.056912751677852355
1 0.2873218673218673 0.6282550335570469 0.010235170235170236 0.035033557046979864
1 0.3059161109161109 0.6290044742729307 0.010217620217620217 0.0365324384787472
1 0.06190593190593191 0.632158836689038 0.0142997542997543 0.0383668903803132
15 0.408020358020358 0.6318232662192395 0.00873990873990874 0.024272930648769574
15 0.22198315198315197 0.6389709172259508 0.003811863811863812 0.0519910514541387
1 0.24133906633906635 0.6445637583892617 0.003913653913653913 0.054228187919463086
15 0.19969989469989471 0.6439485458612976 0.0034713934713934717 0.05299776286353468
1 0.18843278343278344 0.6539261744966444 0.01393120393120393 0.041633109619686796
15 0.4464531414531414 0.6552125279642058 0.0027693927693927694 0.044205816554809846
15 0.42771674271674276 0.6568344519015661 0.0025026325026325028 0.04297539149888143
15 0.43693401193401193 0.6584563758389261 0.002685152685152685 0.04174496644295302
15 0.4228694278694279 0.6581208053691275 0.002636012636012636 0.04554809843400447
15 0.4416128466128466 0.6590268456375838 0.0029168129168129168 0.042885906040268464
15 0.417009477009477 0.6592953020134228 0.0035521235521235517 0.05684563758389262
15 0.4321130221130221 0.6608165548098434 0.002871182871182871 0.04646532438478747
15 0.407958932958933 0.6670917225950783 0.0072130572130572135 0.018747203579418347
1 0.2869287469287469 0.6851789709172259 0.010150930150930151 0.0325503355704698
1 0.3058845208845209 0.6850335570469798 0.010154440154440154 0.0367337807606264
1 0.2741084591084591 0.6858948545861299 0.003464373464373464 0.05187919463087248
1 0.3601561951561952 0.6978187919463088 0.004973674973674974 0.06677852348993289
1 0.36645840645840644 0.6986129753914988 0.0035380835380835383 0.05494407158836689
1 0.35233766233766234 0.6984004474272931 0.005482625482625483 0.06794183445190156
15 0.40804668304668307 0.700917225950783 0.007388557388557389 0.019284116331096196
15 0.26664970164970164 0.7012192393736018 0.008202878202878204 0.01988814317673378
15 0.2553861003861004 0.703076062639821 0.008841698841698843 0.02360178970917226
15 0.22197613197613197 0.7060850111856823 0.003095823095823096 0.05646532438478747
1 0.4604650754650755 0.7085570469798658 0.008329238329238329 0.025615212527964205
15 0.18288522288522288 0.7161856823266219 0.0035380835380835383 0.054295302013422815
15 0.19927167427167428 0.717069351230425 0.004018954018954019 0.05606263982102908
1 0.20547560547560548 0.7165548098434005 0.003790803790803791 0.05503355704697987
15 0.40841172341172344 0.7300894854586131 0.00882063882063882 0.023937360178970916
15 0.5333485433485433 0.7313870246085011 0.00808002808002808 0.022058165548098432
1 0.5666251316251316 0.7332997762863536 0.008645138645138644 0.02588366890380313
15 0.5471551421551422 0.7491498881431767 0.003401193401193401 0.05310961968680089
1 0.4975974025974026 0.7549888143176734 0.00396981396981397 0.051364653243847876
1 0.2723622323622324 0.7596420581655481 0.008395928395928396 0.024876957494407156
1 0.5331028431028431 0.7657046979865771 0.008290628290628292 0.023579418344519015
1 0.5667304317304317 0.7672483221476509 0.00674973674973675 0.017718120805369126
1 0.25085117585117583 0.773814317673378 0.008195858195858196 0.026375838926174493
1 0.19802562302562302 0.805178970917226 0.003632853632853633 0.053310961968680085
15 0.20357318357318357 0.8042281879194632 0.0034959634959634963 0.055883668903803134
15 0.20868550368550368 0.8062527964205816 0.0038925938925938926 0.050984340044742726
15 0.21394524394524395 0.8048657718120805 0.0031800631800631804 0.05715883668903803
1 0.2718954018954019 0.8178859060402686 0.008164268164268166 0.025033557046979866
1 0.28376798876798875 0.8189597315436241 0.008743418743418744 0.022706935123042508
1 0.39159178659178656 0.8215100671140939 0.006068796068796068 0.09492170022371364
1 0.383006318006318 0.8394630872483222 0.005043875043875044 0.06818791946308725
1 0.37691997191997195 0.8451901565995525 0.003401193401193401 0.052796420581655484
1 0.36965426465426465 0.8446979865771812 0.0050157950157950154 0.06523489932885906
15 0.18142681642681643 0.8454697986577181 0.009045279045279046 0.026510067114093958
1 0.08568620568620569 0.14098434004474272 0.009912249912249912 0.03588366890380313
1 0.05035977535977536 0.14365771812080538 0.008757458757458756 0.023333333333333334
1 0.07132678132678133 0.1453579418344519 0.008571428571428572 0.026733780760626397
1 0.20486837486837486 0.14614093959731544 0.008894348894348895 0.0238255033557047
1 0.25864513864513866 0.15127516778523492 0.010445770445770447 0.034093959731543624
1 0.24446823446823446 0.15206935123042503 0.008767988767988769 0.026733780760626397
1 0.031377676377676376 0.15232662192393737 0.007999297999298 0.022774049217002237
1 0.22305019305019305 0.1533221476510067 0.008753948753948755 0.02923937360178971
1 0.3763373113373113 0.15359060402684563 0.007851877851877851 0.025302013422818792
1 0.4304931554931555 0.15885906040268458 0.010161460161460162 0.035838926174496646
1 0.39515970515970517 0.16053691275167786 0.008290628290628292 0.025771812080536912
1 0.41612144612144614 0.16257270693512305 0.008796068796068795 0.025369127516778524
1 0.5481923481923482 0.16228187919463088 0.008283608283608284 0.024787472035794185
1 0.6023394173394173 0.16916107382550336 0.011277641277641278 0.038545861297539154
1 0.7207037557037557 0.17061521252796422 0.008624078624078624 0.02355704697986577
1 0.5666075816075816 0.17140939597315438 0.00861003861003861 0.029619686800894857
1 0.5882467532467532 0.17025727069351232 0.009066339066339066 0.02731543624161074
1 0.7746560196560196 0.176744966442953 0.010526500526500527 0.0358165548098434
1 0.7387908037908039 0.17788590604026847 0.008294138294138293 0.029149888143176733
1 0.8917936117936117 0.17972035794183444 0.00892944892944893 0.028344519015659955
1 0.7612829062829063 0.1782662192393736 0.00835029835029835 0.025436241610738253
1 0.9466374166374165 0.18130872483221477 0.01050895050895051 0.03599552572706935
1 0.9104861354861354 0.18289709172259508 0.008406458406458405 0.025749440715883667
1 0.9321586521586521 0.18508948545861298 0.008227448227448229 0.025659955257270696
1 0.032988767988767986 0.2051006711409396 0.008413478413478413 0.02093959731543624
1 0.04325552825552825 0.20696868008948546 0.008588978588978589 0.024675615212527962