1 0.904350509102129 0.2392688679245283 0.006788028386300524 0.09646226415094339
1 0.3903208886146251 0.24185141509433963 0.005572354211663066 0.0921933962264151
1 0.8082597963591485 0.24325471698113207 0.00652267818574514 0.095
15 0.9928170317803147 0.26222877358490565 0.0035297747608762724 0.05275943396226415
1 0.18551527306386917 0.27055424528301886 0.01249922863313792 0.045825471698113206
15 0.19443073125578525 0.27364386792452833 0.003795124961431657 0.05200471698113208
1 0.6610583153347731 0.2916391509433962 0.005239123727244678 0.017240566037735848
1 0.9527707497685899 0.29308962264150945 0.005510644862696698 0.020141509433962264
1 0.3484696081456341 0.29258254716981136 0.005794507867941993 0.019127358490566036
1 0.7549444615859303 0.29226415094339625 0.0054149953717988275 0.02320754716981132
1 0.5535513730330145 0.29232311320754717 0.004973773526689294 0.018608490566037736
1 0.46155970379512495 0.2926650943396226 0.005501388460351743 0.01929245283018868
1 0.862810860845418 0.2936674528301887 0.005165072508485035 0.021297169811320755
1 0.2589663684048133 0.292063679245283 0.005745140388768899 0.018089622641509435
1 0.1514517124344338 0.29399764150943397 0.005464362850971923 0.021957547169811322
1 0.050047824745448936 0.29534198113207544 0.005063252082690528 0.019929245283018867
1 0.848913915458192 0.29549528301886796 0.00699166923788954 0.024952830188679245
1 0.44525300833076215 0.2975825471698113 0.007445232952792348 0.029127358490566038
1 0.03901727861771058 0.29566037735849054 0.006451712434433817 0.025283018867924528
15 0.5859225547670471 0.30836084905660377 0.002452946621413144 0.041249999999999995
1 0.6487025609379822 0.3096108490566038 0.00336007405121876 0.053183962264150945
15 0.5806896019746992 0.3095165094339623 0.0024776303609996913 0.038844339622641506
15 0.7056309780931811 0.3094811320754717 0.00675717371181734 0.02462264150943396
15 0.7139231718605368 0.309375 0.006680037025609379 0.029127358490566038
1 0.9454119099043505 0.3113797169811321 0.003751928417155199 0.05672169811320755
1 0.5409472385066337 0.31014150943396224 0.0032150570811477937 0.049528301886792456
1 0.7427244677568652 0.3110731132075472 0.0038074668312249307 0.056108490566037734
15 0.02652267818574514 0.3112028301886792 0.003677877198395557 0.05636792452830188
1 0.3388043813637766 0.31145047169811324 0.00312557852514656 0.05214622641509434
1 0.24409750077136685 0.31201650943396225 0.0037766121567417463 0.05327830188679245
15 0.7257775377969762 0.3131132075471698 0.006322122801604443 0.03188679245283019
1 0.13635143474236347 0.31349056603773584 0.003650107991360691 0.05150943396226415
15 0.5980067880283864 0.3142570754716981 0.006874421474853441 0.02474056603773585
1 0.8628139463128665 0.3169457547169811 0.005788336933045357 0.02068396226415094
1 0.6610305461277384 0.31830188679245286 0.005183585313174946 0.01867924528301887
1 0.7319746991669238 0.3188443396226415 0.0026720148102437518 0.03863207547169811
1 0.7198873804381365 0.3185849056603774 0.0025640234495526073 0.04283018867924528
1 0.9527830916383832 0.3185259433962264 0.005535328602283247 0.023844339622641507
1 0.5532813946312867 0.3206132075471698 0.005668003702560939 0.01858490566037736
1 0.6995356371490281 0.31933962264150945 0.002588707189139155 0.04433962264150944
1 0.46134372107374266 0.3188207547169811 0.005686516507250848 0.01971698113207547
1 0.7550570811477938 0.32020047169811316 0.0056402344955260725 0.022476415094339623
1 0.15160907127429807 0.32066037735849057 0.005779080530700401 0.01867924528301887
1 0.34839247145942615 0.32024764150943397 0.005023141005862389 0.017853773584905662
1 0.2591931502622647 0.3203891509433962 0.005581610614008022 0.02285377358490566
15 0.9926720148102437 0.32242924528301886 0.0032397408207343412 0.05523584905660378
1 0.05000925640234496 0.3234787735849057 0.005603208886146251 0.019599056603773587
15 0.9308778154890466 0.33639150943396223 0.003687133600740512 0.05014150943396227
15 0.9630515273063869 0.33779481132075473 0.0032397408207343412 0.052948113207547165
15 0.9582952792348041 0.3383962264150943 0.0036007405121875964 0.05415094339622642
1 0.44262110459734655 0.33950471698113205 0.012054921320580067 0.04693396226415094
1 0.8465627892625733 0.34147405660377356 0.013397099660598582 0.05087264150943396
15 0.05580684973773527 0.3428655660377358 0.0036223387843258253 0.05837264150943396
15 0.06098889231718605 0.3442216981132075 0.00349583461894477 0.05165094339622641
15 0.7056957729095957 0.3448231132075472 0.00626966985498303 0.02455188679245283
15 0.7139694538722616 0.3448820754716981 0.006772601049058932 0.029386792452830192
15 0.7260459734649799 0.34524764150943393 0.006858994137611848 0.030117924528301886
15 0.9791823511261957 0.34739386792452825 0.003412526997840173 0.05327830188679245
15 0.5577090404196235 0.35489386792452826 0.007118173403270596 0.030542452830188676
15 0.5855924097500771 0.36312500000000003 0.0036439370564640547 0.051721698113207544
15 0.5764100586238815 0.3639504716981132 0.003174946004319654 0.05337264150943396
15 0.5811354520209812 0.36324292452830187 0.003369330453563715 0.051957547169811324
15 0.5716754088244369 0.3637382075471698 0.0035791422400493675 0.048231132075471694
15 0.5903810552298673 0.36392688679245283 0.0033477321814254857 0.053325471698113205
15 0.5963159518667078 0.36512971698113206 0.003492749151496452 0.05101415094339622
1 0.03873804381363777 0.3670518867924528 0.005276149336624499 0.0925943396226415
1 0.8782798518975625 0.3729245283018868 0.005248380129589634 0.019433962264150943
1 0.886889848812095 0.3760731132075472 0.005189756248071583 0.021014150943396228
15 0.5577846343721073 0.38438679245283014 0.007269361308238197 0.028207547169811324
1 0.1570379512496143 0.4030188679245283 0.003677877198395557 0.05132075471698114
1 0.10980870101820425 0.4028301886792453 0.003017587164455415 0.0509433962264151
1 0.15208577599506326 0.4052240566037736 0.003647022523912373 0.055731132075471694
1 0.1334294970688059 0.4041745283018868 0.00336007405121876 0.05363207547169811
1 0.13815026226473312 0.40437500000000004 0.0029281086084541807 0.054033018867924526
1 0.12883060783708733 0.4060141509433962 0.0034186979327368097 0.05731132075471698
1 0.11931039802530083 0.40399764150943396 0.0035081764887380435 0.05327830188679245
1 0.12409750077136686 0.40432783018867924 0.0032088861462511572 0.05393867924528302
1 0.10565411909904351 0.4046344339622642 0.0033477321814254857 0.049834905660377356
1 0.10087781548904659 0.4057783018867925 0.0030515273063869176 0.052122641509433965
1 0.14284942918852206 0.40622641509433965 0.003070040111076828 0.053018867924528305
1 0.1474992286331379 0.40514150943396227 0.003113236655353286 0.055566037735849054
1 0.11442610305461277 0.40537735849056605 0.00361308238198087 0.05132075471698114
1 0.09592564023449553 0.40721698113207544 0.003020672631903733 0.055
15 0.8785806849737735 0.4086556603773585 0.007084233261339093 0.024858490566037734
15 0.8873912372724467 0.4102122641509434 0.006809626658438753 0.023254716981132073
15 0.04527306386917618 0.4088915094339623 0.0035359456957729097 0.048915094339622635
1 0.05539648256710891 0.41505896226415095 0.01267510027769207 0.04238207547169811
9 0.19084233261339092 0.4158726415094339 0.01883369330453564 0.1525
15 0.9081656896019746 0.4218867924528302 0.0033107065720456652 0.05132075471698114
1 0.9914424560320888 0.4240212264150943 0.004483184202406665 0.060306603773584905
1 0.21181271212588706 0.4269693396226415 0.0021505708114779387 0.04261792452830189
15 0.6165720456649182 0.4262735849056604 0.006362233878432583 0.02707547169811321
1 0.21530083307621103 0.426438679245283 0.0023387843258253624 0.04155660377358491
1 0.17056618327676643 0.4306721698113207 0.005433508176488738 0.017004716981132074
15 0.22109688367787722 0.43336084905660377 0.006525763653193458 0.022382075471698112
1 0.6108515890157359 0.4359905660377359 0.002326442456032089 0.041792452830188676
1 0.6074976858994138 0.43606132075471693 0.0024066646096883677 0.04193396226415095
15 0.6289925948781241 0.44050707547169815 0.003434125269978402 0.05554245283018868
1 0.6244214748534404 0.4424056603773585 0.004165381055229868 0.05933962264150944
1 0.7982304844183894 0.4530778301886792 0.011147793890774454 0.04294811320754717
15 0.8096204875038568 0.4539740566037736 0.006775686516507251 0.025872641509433962
15 0.30134834927491516 0.4531603773584905 0.0028818265967294043 0.04783018867924529
15 0.3155600123418698 0.4543985849056604 0.0029188522061092256 0.0503066037735849
15 0.2922554767047208 0.4551179245283019 0.0032088861462511572 0.051745283018867924
15 0.25983647022523915 0.45499999999999996 0.003165689601974699 0.05150943396226415
15 0.2970148102437519 0.45604952830188683 0.002854057389694539 0.04889150943396227
15 0.30611076828139466 0.45476415094339623 0.0031502622647331074 0.051037735849056604
15 0.250445850046282 0.4539622641509434 0.003514347423634681 0.05415094339622642
15 0.8873310706572046 0.4559787735849057 0.006689293427954335 0.02516509433962264
15 0.26458500462820117 0.45548349056603776 0.0034063560629435355 0.052476415094339625
15 0.28756710891700094 0.4545400943396226 0.0030885529157667385 0.05058962264150943
15 0.25505245294662143 0.4545990566037736 0.0034711508793582226 0.055424528301886794
15 0.2780468991052144 0.4561084905660377 0.003178031471767973 0.053726415094339626
15 0.27363313792039495 0.4552122641509434 0.002989817957420549 0.051933962264150944
15 0.83104597346498 0.4555424528301887 0.004578833693304535 0.05731132075471698
15 0.26906356062943537 0.4556721698113208 0.003107065720456649 0.05285377358490566
15 0.28318111693921627 0.45662735849056607 0.0029558778154890465 0.05476415094339623
15 0.31098426411601354 0.45811320754716983 0.003640851589015736 0.057735849056603776
1 0.17073588398642395 0.46005896226415094 0.0057729095958037645 0.023891509433962267
15 0.6166692378895403 0.46096698113207546 0.006556618327676643 0.025707547169811322
15 0.14282628818265966 0.46639150943396224 0.003023758099352052 0.055424528301886794
15 0.13829990743597656 0.46834905660377363 0.003227398950941068 0.04990566037735849
15 0.11467294045047824 0.4684198113207548 0.0028725701943844496 0.05004716981132075
15 0.156763344646714 0.4686674528301887 0.0037457574822585622 0.050542452830188676
15 0.12367324899722308 0.4689268867924528 0.0035945695772909595 0.05577830188679245
15 0.1520688059240975 0.4679834905660378 0.0029959888923171865 0.049174528301886795
15 0.11925331687750694 0.4681014150943396 0.003394014193150262 0.05412735849056603
15 0.10065874730021598 0.4694339622641509 0.003230484418389386 0.052075471698113204
15 0.12876118481950016 0.46833726415094334 0.003279851897562481 0.04988207547169811
15 0.10536099969145327 0.46950471698113205 0.00337858685590867 0.05221698113207547
15 0.11017278617710582 0.46974056603773584 0.003128663992594878 0.05268867924528302
15 0.09606294353594569 0.4700471698113208 0.003295279234804073 0.04858490566037736
15 0.9772045664918235 0.46872641509433965 0.006862079605060166 0.022358490566037736
15 0.13350663375501387 0.4701297169811321 0.003514347423634681 0.05346698113207547
15 0.14753162604134526 0.4716037735849057 0.003795124961431657 0.05641509433962265
1 0.9912496143165689 0.4740801886792453 0.005331687750694231 0.01891509433962264
1 0.7314763961740204 0.4795872641509434 0.005377969762419006 0.020495283018867924
1 0.7191838938599198 0.48086084905660376 0.0054767047207651956 0.018325471698113206
15 0.2243875347115088 0.48224056603773585 0.0032335698858377043 0.04938679245283019
1 0.8654196235729712 0.48420990566037736 0.006062943535945695 0.09577830188679246
15 0.21972539339709965 0.4832900943396226 0.003165689601974699 0.05148584905660377
1 0.8575563097809319 0.48548349056603773 0.0057636531934588085 0.09360849056603773
15 0.05970996605985807 0.49747641509433965 0.0034063560629435355 0.051556603773584904
1 0.06408515890157358 0.503183962264151 0.002900339401419315 0.04410377358490566
15 0.8458670163529775 0.5028183962264151 0.0033662449861153964 0.052806603773584905
15 0.6221937673557544 0.5059905660377358 0.007115087935822276 0.026132075471698112
15 0.85087164455415 0.5070636792452831 0.003502005553841407 0.05186320754716981
1 0.7980268435668004 0.5119929245283019 0.011357605677260105 0.04285377358490566
15 0.2324544893551373 0.5135495283018868 0.007025609379821043 0.027099056603773587
15 0.8103100894785561 0.5151061320754717 0.006920703486578216 0.025495283018867925
15 0.2643397099660599 0.5177948113207547 0.003532860228324591 0.05445754716981132
15 0.3015658747300216 0.5165212264150943 0.0026997840172786176 0.0471933962264151
15 0.3062650416538106 0.5162735849056604 0.002841715519901265 0.051415094339622644
1 0.725473619253317 0.5171816037735849 0.002628818265967294 0.03908018867924529
15 0.2922277074976859 0.5173349056603773 0.0031533477321814257 0.04882075471698113
15 0.2782104288799753 0.518183962264151 0.0035050910212897253 0.0505188679245283
15 0.29683431039802527 0.5183136792452829 0.0031101511879049674 0.05077830188679246
15 0.2738012958963283 0.5172169811320755 0.003326133909287257 0.05330188679245283
15 0.26900030854674484 0.5173584905660378 0.003597655044739278 0.05358490566037736
15 0.2829666769515582 0.5185966981132075 0.00314409132983647 0.05134433962264151
15 0.3154952175254551 0.5181132075471698 0.0034063560629435355 0.050377358490566036
15 0.2504643628509719 0.5176768867924528 0.0035513730330145018 0.054221698113207546
15 0.3109518667078062 0.5191037735849057 0.002958963282937365 0.05235849056603773
15 0.25963900030854675 0.5192570754716981 0.0033878432582536257 0.05266509433962264
15 0.28763036099969147 0.518808962264151 0.0032150570811477937 0.0517688679245283
15 0.255280777537797 0.5207429245283018 0.0033107065720456652 0.05563679245283019
15 0.8383338475779081 0.5232075471698113 0.006812712125887071 0.027547169811320753
15 0.9922770749768589 0.527063679245283 0.0030669546436285096 0.04941037735849056
1 0.942190681888306 0.5295047169811321 0.009034248688676335 0.10146226415094341
1 0.9318651650725085 0.5335259433962264 0.00689601974699167 0.10478773584905661
15 0.9766152422091947 0.5399174528301887 0.006300524529466215 0.023231132075471696
15 0.6222585621721691 0.5417452830188679 0.006627584078987967 0.02216981132075472
15 0.8825300833076212 0.5489740566037735 0.003258253625424252 0.05077830188679246
15 0.9039278000617094 0.5564740566037736 0.008410984264116014 0.032759433962264155
15 0.8307158284480098 0.5629716981132076 0.0033014501697007093 0.05047169811320754
1 0.7159703795124962 0.5656957547169811 0.0052206109225547675 0.018183962264150942
1 0.8380607837087319 0.5688797169811322 0.008734958346189448 0.033985849056603776
1 0.9769253316877508 0.5714740566037736 0.005686516507250848 0.020306603773584904
15 0.8457528540573898 0.5752712264150943 0.0037550138846035174 0.0467688679245283
15 0.6221166306695465 0.5765094339622642 0.006343721073742672 0.02566037735849057
1 0.8560953409441531 0.5794221698113208 0.011481024375192841 0.04091981132075472
15 0.9920950323974083 0.5871698113207547 0.00331996297439062 0.05169811320754717
1 0.7981194075902499 0.5949292452830188 0.01154273372415921 0.04363207547169811
1 0.8202653502005554 0.5974646226415095 0.011403887688984881 0.04398584905660377
1 0.7321428571428571 0.6014622641509434 0.0054767047207651956 0.08971698113207546
15 0.9763622338784326 0.6080424528301887 0.006411601357605678 0.02740566037735849
15 0.622025609379821 0.612311320754717 0.007395865473619253 0.02179245283018868
15 0.540775995063252 0.615188679245283 0.007192224622030237 0.022830188679245283
1 0.9111277383523604 0.6198231132075472 0.004915149645171243 0.06511792452830188
15 0.905328602283246 0.625188679245283 0.0031903733415612466 0.056981132075471695
15 0.9247824745448935 0.6273349056603774 0.0032212280160444306 0.05183962264150944
15 0.919273372415921 0.6272995283018868 0.0033107065720456652 0.0517688679245283
1 0.6075038568343104 0.626816037735849 0.0024190064794816415 0.04136792452830188
1 0.6109441530391854 0.6286438679245283 0.0025115705029311944 0.04502358490566038
9 0.5749197778463437 0.6352240566037736 0.04030546127738352 0.3223349056603773
15 0.6219129898179574 0.6480542452830188 0.007170626349892008 0.02724056603773585
15 0.9876673866090714 0.655129716981132 0.003103980253008331 0.05554245283018868
15 0.8830314717679729 0.6562735849056603 0.0036439370564640547 0.05311320754716981
1 0.7979281086084542 0.6581603773584905 0.01177722925023141 0.04273584905660378
1 0.8784989200863932 0.6595400943396226 0.002601049058932428 0.045495283018867926
1 0.9409919777846344 0.660495283018868 0.006636840481332922 0.09929245283018868
1 0.9509302684356681 0.6591981132075472 0.006149336624498612 0.09669811320754718
15 0.9763344646713977 0.6698820754716981 0.00697315643319963 0.023726415094339624
15 0.9103933970996606 0.6769693396226416 0.006531934588090096 0.02375
1 0.9180253008330762 0.680683962264151 0.005751311323665536 0.01702830188679245
15 0.6219546436285097 0.6824056603773584 0.007253933970996607 0.02990566037735849
15 0.8670209811786486 0.6871344339622643 0.007414378278309164 0.025212264150943395
1 0.8090203640851589 0.6885141509433963 0.005575439679111386 0.018537735849056606
1 0.8404597346497994 0.6929481132075471 0.005510644862696698 0.08872641509433962
1 0.8249460043196545 0.6945047169811321 0.005337858685590867 0.09183962264150942
1 0.8331749460043197 0.6948584905660378 0.005751311323665536 0.08783018867924529
1 0.8167216908361616 0.6951061320754718 0.005550755939524837 0.09304245283018868
1 0.7655677260104906 0.6963443396226415 0.005063252082690528 0.08608490566037735
15 0.9251851280468991 0.6981603773584906 0.0034094415303918546 0.0519811320754717
15 0.8592409750077137 0.7142806603773585 0.0035791422400493675 0.05120283018867925
15 0.9100416538105524 0.7139150943396226 0.00644554149953718 0.02216981132075472
15 0.8734634372107374 0.7156014150943397 0.0036377661215674173 0.058561320754716976
1 0.9180576982412836 0.719304245283019 0.005199012650416539 0.018797169811320753
1 0.8553532860228324 0.718313679245283 0.002591792656587473 0.040400943396226414
15 0.6221629126812712 0.7187617924528302 0.006436285097192225 0.02714622641509434
1 0.7715134217834002 0.7208490566037735 0.0021443998765813023 0.040754716981132075
1 0.8668574514038877 0.7262264150943396 0.0064702252391237265 0.02792452830188679
15 0.808517432891083 0.7273466981132075 0.006420857759950632 0.02544811320754717
1 0.5442178340018513 0.7279716981132076 0.002351126195618636 0.04084905660377359
1 0.5413684048133293 0.7270047169811321 0.0022061092255476708 0.04363207547169811
1 0.7291052144399878 0.7401297169811321 0.003721073742672015 0.055731132075471694
15 0.6223171860536871 0.75625 0.0067448318420240665 0.026650943396226416
15 0.9235097192224622 0.7648231132075473 0.0068466522678185746 0.024929245283018868
15 0.910087935822277 0.7679009433962264 0.006538105522986733 0.021650943396226415
1 0.7881456340635606 0.7684433962264151 0.005171243443381673 0.08877358490566038
1 0.7802067263190373 0.7701415094339623 0.005954952175254552 0.08745283018867925
9 0.8910290033940141 0.7689622641509435 0.016553532860228325 0.1369811320754717
15 0.9171166306695464 0.7817216981132076 0.0033168775069423017 0.054009433962264146
15 0.8682135143474237 0.7861792452830189 0.003011416229558778 0.053490566037735846
15 0.8736624498611539 0.7877240566037736 0.0034186979327368097 0.05658018867924528
15 0.8545603208886147 0.7883844339622641 0.0034742363468065413 0.053183962264150945
15 0.6224251774143783 0.7881485849056604 0.00757790805307004 0.024410377358490564
15 0.8591684665226782 0.7885613207547171 0.003434125269978402 0.058254716981132076
15 0.9098472693613082 0.796804245283019 0.006056772601049059 0.01813679245283019
15 0.9341206417772293 0.8085141509433962 0.003384757790805307 0.05099056603773585
1 0.9299105214439988 0.8105306603773585 0.002369639000308547 0.04087264150943396
15 0.6221737118173403 0.8260849056603773 0.007074976858994137 0.02481132075471698
15 0.6127892625732798 0.8275943396226415 0.0031163221228016043 0.051415094339622644
15 0.6083029929034248 0.8280424528301886 0.004017278617710583 0.057028301886792455
15 0.8630145016970071 0.8511556603773585 0.003721073742672015 0.05136792452830189
1 0.924427645788337 0.8503066037735848 0.006214131440913298 0.09212264150943397
15 0.8675362542425177 0.8508018867924528 0.0035081764887380435 0.05066037735849057
1 0.768643937056464 0.8573231132075472 0.011832767664301143 0.044834905660377365
1 0.8729728478864548 0.8590094339622643 0.005124961431656896 0.06235849056603774
1 0.903576056772601 0.8640212264150944 0.0027707497685899416 0.044080188679245284
15 0.9079126812712126 0.8717688679245283 0.003421783400185128 0.05014150943396227
15 0.9126457883369331 0.8705424528301887 0.0036315951866707804 0.052405660377358484
15 0.9344261030546127 0.872252358490566 0.00337858685590867 0.05110849056603774
15 0.9173480407281703 0.8719221698113208 0.0031626041345263808 0.05044811320754717
1 0.9302252391237272 0.8749056603773584 0.00238198087010182 0.04226415094339623
15 0.625794507867942 0.8759080188679245 0.006911447084233261 0.025400943396226415
1 0.5716908361616785 0.8883372641509434 0.0023758099352051837 0.0408254716981132
1 0.5752684356680037 0.8891627358490566 0.0021258870718913916 0.04247641509433962
1 0.788053070040111 0.8887382075471698 0.005603208886146251 0.08879716981132076
1 0.7804736192533168 0.8908962264150944 0.00525455106448627 0.08839622641509433
15 0.5887380438136377 0.8926297169811321 0.0037642702869484725 0.05412735849056603
15 0.5995217525455107 0.8935849056603773 0.0031163221228016043 0.05132075471698114
15 0.5793906201789571 0.8935966981132075 0.0035822277074976858 0.05134433962264151
15 0.5930777537796976 0.8954009433962263 0.003804381363776612 0.050235849056603776
15 0.6325362542425178 0.8952830188679246 0.0037334156124652885 0.049999999999999996
15 0.5837658130206727 0.8982783018867925 0.003076211045973465 0.05599056603773585
15 0.6103517432891084 0.8981132075471698 0.003178031471767973 0.0509433962264151
15 0.6057142857142856 0.9001179245283019 0.0031595186670780625 0.050235849056603776
15 0.6197346497994446 0.9014858490566038 0.003431039802530083 0.05297169811320755
15 0.8831039802530083 0.9102948113207546 0.003171860536871336 0.051721698113207544
15 0.6260968836778772 0.912311320754717 0.0068991052144399875 0.027452830188679247
1 0.7733107065720457 0.9122641509433963 0.002653502005553841 0.046226415094339626
1 0.769427645788337 0.9149882075471698 0.0022925023141005863 0.04224056603773585
15 0.9065519901265042 0.9212028301886792 0.006871336007405122 0.026367924528301886
15 0.8705692687442147 0.9212382075471699 0.0064887380438136385 0.02643867924528302
1 0.5984588090095649 0.9363679245283019 0.005310089478556002 0.018962264150943393
15 0.572693613082382 0.9381367924528301 0.006849737735266892 0.02721698113207547
15 0.5797007096575131 0.938254716981132 0.0054365936439370564 0.027452830188679247
1 0.20088398642394326 0.16933962264150942 0.005593952483801295 0.022641509433962263
1 0.1891823511261956 0.1702358490566038 0.0056402344955260725 0.01971698113207547
1 0.599757790805307 0.18409198113207548 0.005439679111385374 0.019127358490566036
1 0.18573896945387228 0.21139150943396226 0.012329527923480408 0.0454245283018868
1 0.20394014193150264 0.21106132075471698 0.011706263498920086 0.044764150943396225
1 0.6026781857451404 0.22481132075471696 0.011897562480715829 0.03924528301886793