15 0.1955798215933559 0.24404126213592234 0.004201784066441095 0.06575242718446601
1 0.15226084281759458 0.2575970873786408 0.007997539218701938 0.03461165048543689
1 0.6604229467856044 0.2594174757281553 0.008634266379575515 0.02854368932038835
15 0.3488034450938173 0.2590776699029126 0.0067425407566902495 0.027864077669902915
15 0.46181021224238694 0.26233009708737864 0.00697939095662873 0.01980582524271845
1 0.7546354967702246 0.2602912621359223 0.006348815749000308 0.025436893203883496
1 0.9511934789295601 0.26041262135922333 0.006354967702245463 0.03053398058252427
1 0.2593586588741925 0.262997572815534 0.00687480775146109 0.025995145631067963
1 0.8617087050138419 0.26324029126213594 0.007022454629344817 0.02162621359223301
15 0.4443017533066749 0.2654368932038835 0.006413411258074439 0.026019417475728158
1 0.05105352199323285 0.264745145631068 0.006136573362042448 0.02463592233009709
15 0.5528514303291295 0.267002427184466 0.007579206398031375 0.029150485436893202
1 0.847636111965549 0.2658373786407767 0.0071762534604737 0.036529126213592236
1 0.04100276837896032 0.2687257281553398 0.008182097816056598 0.027742718446601942
1 0.580196862503845 0.27777912621359224 0.0032113195939710857 0.0458495145631068
1 0.5851215010765918 0.27777912621359224 0.0032174715472162415 0.0458495145631068
15 0.7042509996924023 0.2784223300970874 0.006471854813903414 0.02286407766990291
1 0.9438249769301753 0.2774393203883495 0.003921870193786527 0.0645873786407767
1 0.7419963088280529 0.27854368932038837 0.004447862196247309 0.052233009708737864
15 0.5403844970778222 0.2803640776699029 0.004177176253460473 0.05587378640776699
15 0.3392786834820055 0.28234223300970873 0.004918486619501692 0.06953883495145631
1 0.2449430944324823 0.2829004854368932 0.004497077822208551 0.0658009708737864
15 0.7129160258382037 0.28285194174757283 0.005346047370039987 0.022014563106796118
1 0.6481282682251615 0.28411407766990293 0.003731159643186712 0.06337378640776699
15 0.027154721624115658 0.28434466019417476 0.005093817286988618 0.06383495145631068
1 0.13721316517994464 0.2830946601941748 0.004355582897569979 0.061334951456310675
1 0.6604613964933866 0.2876577669902913 0.005635189172562289 0.031626213592233006
1 0.7544294063365119 0.28855582524271844 0.005321439557059366 0.023713592233009707
1 0.73108581974777 0.28961165048543686 0.00292832974469394 0.05009708737864078
15 0.4617702245462934 0.2890776699029126 0.00689941556444171 0.024757281553398056
1 0.7190956628729622 0.2892718446601942 0.0023254383266687172 0.044563106796116504
1 0.8621362657643802 0.29121359223300974 0.0066471854813903416 0.0241747572815534
15 0.5528422023992617 0.2900121359223301 0.0069455552137803744 0.026626213592233012
1 0.6985127653029837 0.29148058252427184 0.0036081205782836053 0.04412621359223301
15 0.3492294678560443 0.29310679611650486 0.00697939095662873 0.032815533980582526
1 0.9514103352814518 0.2928155339805825 0.0067886804060289145 0.03223300970873786
1 0.2595478314364811 0.2936165048543689 0.006637957551522608 0.02412621359223301
15 0.9912826822516149 0.29365291262135923 0.004712396185788988 0.058179611650485435
1 0.05135342971393417 0.29691747572815536 0.005505998154414026 0.02587378640776699
1 0.1518578898800369 0.2950485436893204 0.006576438019071055 0.022135922330097084
15 0.9299231005844355 0.3066019417475728 0.003801907105505998 0.05009708737864078
15 0.962060904337127 0.3107645631067961 0.004097200861273454 0.06327669902912622
15 0.9570562903721931 0.31213592233009707 0.00393109812365426 0.061165048543689315
15 0.057057828360504464 0.3124029126213592 0.0033804983082128576 0.051990291262135925
15 0.44229006459550907 0.31339805825242717 0.011617963703475854 0.05398058252427184
1 0.8454829283297447 0.31440533980582525 0.013328206705629037 0.04628640776699029
15 0.7047323900338358 0.3130703883495146 0.006204244847739158 0.033907766990291265
15 0.71227929867733 0.317245145631068 0.006533374346354967 0.02283980582524272
15 0.06221008920332206 0.317876213592233 0.0032266994770839743 0.05322815533980582
15 0.9788065210704399 0.31728155339805825 0.0031374961550292217 0.05689320388349515
15 0.7250953552752999 0.3197936893203883 0.006327283912642264 0.027936893203883494
1 0.039463242079360195 0.33777912621359224 0.005103045216856352 0.09303398058252427
1 0.8768132882190095 0.3457766990291262 0.007087050138418947 0.03135922330097087
1 0.8860289141802522 0.3502912621359223 0.006447247000922794 0.025825242718446603
1 0.13023838818824976 0.3741868932038835 0.0033251307290064597 0.04449029126213592
1 0.1388142110119963 0.37549757281553403 0.0032513072900645958 0.05196601941747573
1 0.14851891725622884 0.37524271844660195 0.004204860043063673 0.05631067961165048
1 0.11598123654260228 0.37586165048543685 0.00434020301445709 0.05754854368932039
1 0.14312211627191634 0.37586165048543685 0.0032543832666871732 0.05754854368932039
1 0.1065995078437404 0.37798543689320385 0.004647800676714857 0.05694174757281554
1 0.13446785604429407 0.3766747572815534 0.0031713318978775764 0.04946601941747573
1 0.1015979698554291 0.3764199029126214 0.004487849892340818 0.05381067961165049
1 0.1205490618271301 0.37842233009708737 0.0036327283912642267 0.04325242718446602
1 0.1253306674869271 0.3772936893203883 0.004583205167640726 0.05070388349514563
1 0.11101045832051676 0.3770509708737864 0.003626576438019071 0.055072815533980586
1 0.09701322669947708 0.37792475728155345 0.00393109812365426 0.05196601941747573
1 0.15730852045524454 0.37828883495145627 0.0027130113811135036 0.05754854368932039
1 0.15252845278375884 0.3806553398058253 0.00484158720393725 0.052572815533980584
15 0.8860612119347893 0.38260922330097086 0.007742233159027992 0.03220873786407767
15 0.8774992310058444 0.38375 0.007843740387573054 0.02963592233009709
15 0.046571824054137186 0.3846359223300971 0.004555521378037527 0.05567961165048544
1 0.055015379883112885 0.3874393203883495 0.009138726545678252 0.037014563106796114
15 0.9065795139956936 0.39524271844660197 0.003869578591202707 0.05262135922330097
20 0.8977437711473393 0.39656553398058253 0.008345124577053215 0.06497572815533981
1 0.21572285450630577 0.39684466019417475 0.003269763149800062 0.06067961165048544
1 0.9902460781298063 0.398373786407767 0.006330359889264841 0.07344660194174758
1 0.2127945247616118 0.40332524271844655 0.002949861581051984 0.044514563106796114
1 0.1717240848969548 0.4048665048543689 0.005090741310366041 0.0233252427184466
1 0.607385419870809 0.404623786407767 0.0028360504460166105 0.0471116504854369
15 0.22243002153183636 0.40712378640776703 0.007456167333128268 0.032694174757281556
1 0.6103122116271916 0.40885922330097085 0.0031528760381421103 0.04587378640776699
9 0.1927114733928022 0.41032766990291264 0.026764072593048294 0.2187135922330097
1 0.6236219624730852 0.41507281553398057 0.003318978775761304 0.058300970873786405
20 0.2333343586588742 0.4260922330097088 0.008963395878191326 0.07063106796116506
15 0.31567671485696713 0.4255703883495146 0.004469394032605352 0.05016990291262136
15 0.8086188864964626 0.4283373786407767 0.007271608735773608 0.03143203883495146
15 0.2507812980621347 0.4280582524271845 0.003869578591202707 0.055145631067961165
15 0.3068871116579514 0.42893203883495146 0.0028852660719778534 0.052038834951456316
1 0.796784066441095 0.4284101941747573 0.013131344201784067 0.05099514563106797
15 0.27824669332513075 0.4297936893203883 0.004047985235312212 0.04890776699029126
15 0.3107059366348816 0.4282402912621359 0.003755767456167333 0.04580097087378641
15 0.2694724700092279 0.43104368932038833 0.0037250076899415564 0.05140776699029126
15 0.30161642571516456 0.4306067961165048 0.0028022147031682557 0.040825242718446605
20 0.8371654875422947 0.4307160194174758 0.006536450322977545 0.07016990291262136
15 0.28347739157182406 0.4303640776699029 0.004051061211934789 0.045194174757281554
15 0.28812519224853894 0.43122572815533977 0.0035035373731159645 0.0420631067961165
15 0.25601199630882804 0.43228155339805824 0.0038726545678252843 0.053883495145631066
15 0.2648338972623808 0.4318567961165049 0.004906182713011381 0.04332524271844661
1 0.17069055675176867 0.4319296116504855 0.005484466318055982 0.028907766990291264
15 0.2922900645955091 0.4324757281553398 0.004450938172869887 0.044563106796116504
15 0.27401722546908647 0.4319781553398058 0.004201784066441095 0.05327669902912621
20 0.819621654875423 0.4331432038834952 0.008360504460166103 0.07016990291262136
15 0.29790064595509075 0.43328883495145626 0.0039833897262380805 0.036480582524271846
15 0.259989234081821 0.4332160194174758 0.005059981544140264 0.05575242718446602
15 0.15659950784374038 0.4404490291262136 0.004370962780682867 0.055655339805825245
15 0.14355736696401106 0.44019417475728156 0.0041248846508766535 0.06
15 0.1298200553675792 0.44106796116504854 0.003718855736696401 0.05689320388349515
15 0.1389803137496155 0.44106796116504854 0.004198708089818518 0.05689320388349515
15 0.15337280836665643 0.44125 0.004684712396185789 0.04754854368932039
20 0.8755705936634882 0.4425 0.008292832974469394 0.06461165048543689
15 0.14825130729006458 0.441626213592233 0.004284835435250692 0.05315533980582524
15 0.1204552445401415 0.44311893203883496 0.005290679790833589 0.05128640776699029
15 0.12506305752076283 0.444247572815534 0.004663180559827745 0.043834951456310674
15 0.10151953245155337 0.44349514563106796 0.004330975084589357 0.05689320388349515
15 0.11571362657643802 0.4446116504854369 0.004420178406644109 0.04941747572815534
15 0.1063641956321132 0.444368932038835 0.004177176253460473 0.05378640776699029
15 0.09706090433712704 0.44498786407766994 0.004641648723469702 0.055024271844660196
15 0.13451553368194402 0.4470995145631068 0.003881882497693017 0.054393203883495146
15 0.11116887111657953 0.4464199029126214 0.003943402030144571 0.04817961165048544
15 0.9766210396800984 0.449126213592233 0.00799446324207936 0.02446601941747573
1 0.9906075053829592 0.4505339805825243 0.00643801907105506 0.032135922330097086
1 0.7181359581667179 0.454247572815534 0.005942786834820055 0.025
1 0.7309043371270378 0.4541140776699029 0.006871731774838511 0.019878640776699028
1 0.8566056597969854 0.4572694174757282 0.006659489387880651 0.08929611650485436
15 0.220772070132267 0.4574514563106796 0.004140264533989542 0.05567961165048544
1 0.8643786527222392 0.46097087378640783 0.006825592125499847 0.09184466019417477
15 0.22512765302983698 0.46230582524271846 0.00485389111042756 0.05567961165048544
15 0.06591817902183944 0.46972087378640776 0.0001845585973546601 0.0025485436893203884
20 0.9040649031067364 0.46974514563106795 0.009913872654567824 0.055995145631067965
15 0.060947400799753915 0.4750364077669903 0.0037772992925253768 0.05686893203883495
20 0.8908320516764072 0.4785194174757282 0.00744078745001538 0.04927184466019418
15 0.6213195939710858 0.4817839805825243 0.006711780990464472 0.03152912621359223
15 0.8499969240233775 0.48243932038834947 0.0039003383574284837 0.05225728155339806
1 0.06514457090126115 0.48381067961165053 0.004174100276837896 0.055
15 0.23351584127960626 0.48781553398058247 0.008095970470624424 0.03388349514563107
15 0.31102122423869577 0.48978155339805823 0.004386342663795755 0.042669902912621356
15 0.2512303906490311 0.49014563106796116 0.002922177791448785 0.04825242718446602
15 0.8088357428483544 0.49014563106796116 0.007705321439557059 0.02883495145631068
15 0.26493540449092584 0.4913956310679612 0.0038788065210704397 0.05075242718446602
15 0.2553414334051061 0.4926334951456311 0.0025315287603814214 0.05322815533980582
15 0.27370962780682867 0.49394417475728153 0.004201784066441095 0.06070388349514563
1 0.7243325130729006 0.4948543689320388 0.0035712088588126726 0.04796116504854369
15 0.2966779452476161 0.49561893203883495 0.004613964933866502 0.04949029126213592
15 0.3016964011073516 0.4945024271844661 0.0060381421101199624 0.05696601941747573
15 0.26035988926484155 0.495376213592233 0.003955705936634881 0.05385922330097088
1 0.7973069824669333 0.4951092233009709 0.013561980928944941 0.058179611650485435
15 0.31594432482313134 0.49512135922330097 0.004389418640418333 0.05820388349514563
15 0.29248846508766535 0.49555825242718443 0.004847739157182405 0.044514563106796114
15 0.2877545370655183 0.49748786407766993 0.004607812980621347 0.05322815533980582
15 0.28307597662257766 0.49593446601941743 0.005709012611504152 0.050121359223300965
15 0.30674561673331285 0.4970509708737864 0.003832666871731775 0.04264563106796117
15 0.26939403260535216 0.4989199029126214 0.003568132882190095 0.046383495145631067
15 0.8372085512150107 0.49870145631067964 0.007237772992925254 0.03138349514563107
15 0.9906659489387881 0.5014805825242719 0.00470932020916641 0.05635922330097087
15 0.278940326053522 0.5029004854368931 0.004204860043063673 0.04949029126213592
20 0.8194155644417103 0.5026092233009708 0.007333128268225161 0.05861650485436893
15 0.9749138726545679 0.5159101941747573 0.006425715164564749 0.02696601941747573
15 0.6209412488465088 0.5197330097087378 0.007185481390341433 0.03461165048543689
1 0.9308428175945863 0.5207281553398058 0.008102122423869578 0.11912621359223301
15 0.9027391571824054 0.5360194174757281 0.009107966779452477 0.0429126213592233
15 0.8293540449092587 0.5404126213592233 0.003832666871731775 0.0662621359223301
1 0.7148600430636728 0.5429611650485436 0.006158105198400492 0.022815533980582524
1 0.8368963395878192 0.5453519417475728 0.009074131036604122 0.03730582524271844
1 0.8547554598585051 0.5506310679611651 0.011571824054137187 0.03815533980582524
15 0.6215487542294679 0.5508980582524272 0.006554906182713011 0.028980582524271842
1 0.9753844970778222 0.5523058252427184 0.006751768686557982 0.026941747572815533
15 0.8446308828052906 0.5554004854368931 0.003626576438019071 0.0671116504854369
15 0.9912596124269456 0.5620145631067961 0.002820670562903722 0.05121359223300971
1 0.7966487234697017 0.5730218446601942 0.012860658258997232 0.04410194174757282
1 0.8191202706859428 0.576638349514563 0.012894494001845587 0.05133495145631067
1 0.7308120578283605 0.5819417475728155 0.007302368501999384 0.11048543689320389
15 0.9746985542909874 0.5887135922330098 0.005995078437403875 0.026941747572815533
15 0.6217379267917563 0.5915898058252428 0.0063180559827745305 0.032694174757281556
15 0.54069209474008 0.5973058252427185 0.007253152876038142 0.029563106796116505
1 0.9105505998154414 0.5979490291262136 0.005659796985542909 0.06968446601941748
15 0.9181451860965856 0.6012742718446602 0.00485389111042756 0.05691747572815534
9 0.5773100584435559 0.5999271844660194 0.04972931405721316 0.38917475728155343
15 0.9038188249769302 0.6038349514563107 0.005115349123346663 0.06203883495145631
1 0.6070378345124577 0.6060800970873786 0.002756075053829591 0.05196601941747573
15 0.9239864657028607 0.6078276699029127 0.003617348508151338 0.06031553398058253
1 0.6102014764687789 0.6084466019417476 0.0035466010458320516 0.04699029126213592
15 0.6217056290372193 0.6315898058252427 0.006868655798215933 0.03016990291262136
15 0.9865579821593357 0.6394053398058253 0.004490925868963396 0.06521844660194175
15 0.8820362965241464 0.6405825242718447 0.004613964933866502 0.043300970873786405
1 0.7970747462319286 0.6392111650485437 0.012482313134420178 0.05512135922330097
1 0.8781651799446324 0.6459830097087378 0.0036388803445093817 0.04924757281553398
1 0.9496293448169794 0.6510315533980583 0.005687480775146109 0.12245145631067962
1 0.9396001230390648 0.6534223300970873 0.006545678252845279 0.11266990291262137
15 0.9089633958781913 0.6568810679611651 0.006791756382651492 0.03220873786407767
1 0.9171039680098432 0.6636043689320388 0.005232236235004614 0.026237864077669905
15 0.6214149492463857 0.667997572815534 0.008132882190095355 0.03016990291262136
15 0.8654044909258689 0.670376213592233 0.00703168255921255 0.030072815533980585
1 0.8079006459550908 0.6693567961165048 0.005219932328514303 0.02317961165048544
1 0.7639864657028606 0.675485436893204 0.006594893878806522 0.08883495145631068
1 0.8237080898185174 0.6767597087378641 0.006690249154106429 0.10109223300970874
1 0.8155290679790833 0.6770509708737864 0.00571208858812673 0.09682038834951456
9 0.7506997846816365 0.6795631067961165 0.012011688711165794 0.1066990291262136
15 0.9241479544755461 0.678628640776699 0.003940326053521993 0.06114077669902913
1 0.8319624730852045 0.67876213592233 0.006588741925561367 0.10024271844660193
1 0.8393571208858812 0.6856067961165049 0.005998154414026453 0.09936893203883494
15 0.8733497385419872 0.6974878640776699 0.0038511227314672407 0.05516990291262136
15 0.9090018455859735 0.6988470873786408 0.006253460473700399 0.028762135922330095
15 0.8579483235927408 0.6999150485436894 0.00319286373423562 0.05516990291262136
1 0.9168824976930174 0.7015776699029127 0.006634881574900031 0.024514563106796117
15 0.6218163641956321 0.7028398058252427 0.006474930790525992 0.02703883495145631
1 0.854115656721009 0.7032038834951457 0.003525069209474008 0.04233009708737864
1 0.5443278991079668 0.7086043689320388 0.0028360504460166105 0.05313106796116505
1 0.8657443863426637 0.7092839805825243 0.007096278068286681 0.03507281553398058
1 0.5406828668102123 0.7100970873786407 0.0035435250692094737 0.0512621359223301
15 0.807534604737004 0.7136771844660195 0.006948631190402953 0.024441747572815534
15 0.6211304214087973 0.7407281553398058 0.006948631190402953 0.025145631067961163
15 0.9093309750845894 0.7489563106796117 0.008142110119963087 0.02703883495145631
1 0.7873823438941865 0.7495995145631067 0.006016610273761919 0.10114077669902913
15 0.9219840049215625 0.7533009708737864 0.007609966164257151 0.03087378640776699
9 0.8889141802522301 0.75373786407767 0.018369732390033835 0.11427184466019417
1 0.7794263303598893 0.7553033980582524 0.006714856967087049 0.10283980582524271
15 0.9161750230698247 0.7693446601941748 0.003989541679483236 0.05810679611650486
1 0.8626776376499539 0.7696116504854369 0.003423561980928945 0.05378640776699029
15 0.8533112888342048 0.7706674757281553 0.004377114733928022 0.04618932038834952
15 0.8578129806213473 0.7705825242718447 0.002922177791448785 0.05087378640776699
15 0.8677191633343586 0.7721966019417476 0.004278683482005537 0.05895631067961165
15 0.8724807751461089 0.7739927184466019 0.003958781913257459 0.05769417475728155
15 0.6215487542294679 0.7777427184466019 0.006554906182713011 0.02635922330097087
15 0.933455859735466 0.7959466019417476 0.0028698861888649648 0.06276699029126213
1 0.928823438941864 0.7970509708737864 0.002217779144878499 0.0504126213592233
15 0.6122054752383882 0.8107766990291263 0.0038634266379575515 0.0487378640776699
15 0.6221639495539834 0.8150728155339806 0.006554906182713011 0.02820388349514563
15 0.8617917563826515 0.8361771844660194 0.004112580744386343 0.04614077669902913
15 0.8663641956321132 0.8393689320388349 0.003414334051061212 0.05252427184466019
1 0.9231175023069824 0.8433616504854369 0.006800984312519224 0.09934466019417476
15 0.9115426022762227 0.8575 0.00333743463549677 0.049951456310679605
15 0.9067548446631806 0.8587742718446602 0.0036050446016610274 0.0525
15 0.9160135342971394 0.8617597087378641 0.0036665641341125806 0.058470873786407765
15 0.6254690864349431 0.8636043689320388 0.006398031374961551 0.028179611650485437
15 0.933525069209474 0.8632038834951457 0.003623500461396493 0.051650485436893205
1 0.9286404183328207 0.8678519417475729 0.0030821285758228234 0.0512378640776699
1 0.5707674561673332 0.8709223300970874 0.004038757305444479 0.05737864077669903
1 0.574381728698862 0.8723543689320389 0.0038849584743155955 0.05053398058252427
1 0.7790541371885573 0.8765898058252427 0.007200861273454322 0.09298543689320389
15 0.6320486004306367 0.8772208737864078 0.0035619809289449402 0.05055825242718446
15 0.5991156567210089 0.8808252427184465 0.0029067979083358965 0.04805825242718447
1 0.7870101507228545 0.8811771844660194 0.0065026145801291915 0.10701456310679612
15 0.6101230390649031 0.8824514563106796 0.0033897262380805904 0.056165048543689325
20 0.8483189787757613 0.885388349514563 0.009772377729929253 0.08145631067961166
15 0.6188880344509382 0.8886650485436893 0.003079052599200246 0.044320388349514565
15 0.8816041218086742 0.8956067961165048 0.003749615502922178 0.0533495145631068
20 0.8886388803445094 0.8984101941747572 0.006130421408797293 0.06866504854368932
20 0.8964564749307906 0.8980703883495146 0.007000922792986774 0.06313106796116505
15 0.6256674869270994 0.9018567961165048 0.0067948323592740695 0.03186893203883495
1 0.7680867425407567 0.9040412621359223 0.003106736388803445 0.050800970873786405
1 0.7718609658566595 0.9059587378640777 0.0032728391264226393 0.05463592233009709
15 0.8691617963703476 0.9099514563106795 0.006548754229467856 0.02864077669902913
15 0.904494001845586 0.9106796116504854 0.0064657028606582585 0.025242718446601944
15 0.5723146724084897 0.9251941747572816 0.00651799446324208 0.03
1 0.5981544140264534 0.925376213592233 0.005905875115349123 0.02065533980582524
1 0.18967856044294062 0.13554611650485437 0.0059335589049523225 0.023519417475728156
1 0.20190710550599814 0.13678398058252428 0.005782836050446017 0.025995145631067963
1 0.18612119347892958 0.17841019417475726 0.013583512765302983 0.0558495145631068
1 0.20485235312211628 0.18139563106796117 0.013518917256228854 0.05211165048543689
1 0.6028191325745924 0.19638349514563105 0.012774530913565058 0.05781553398058253
15 0.3908658874192556 0.2095995145631068 0.007200861273454322 0.09881067961165049
1 0.8070993540449093 0.21138349514563107 0.007308520455244541 0.10723300970873786
1 0.9028237465395262 0.2127791262135922 0.007431559520147647 0.11487864077669903
1 0.1858689633958782 0.24137135922330094 0.01184866195016918 0.0458495145631068