15 0.4145295275590551 0.4577200182398541 0.02197244094488189 0.011655266757865936
15 0.340255905511811 0.45918832649338803 0.01988188976377953 0.009119927040583675
9 0.8609842519685039 0.4638052895576835 0.10307086614173229 0.1122891016871865
9 0.7381181102362204 0.4662562699498404 0.09907086614173227 0.11171910624715002
9 0.37650787401574803 0.46704058367533063 0.04120472440944882 0.05218422252621979
9 0.6129370078740157 0.46762425900592797 0.0975275590551181 0.11171910624715002
9 0.491505905511811 0.47104423164614684 0.09718503937007873 0.11582307341541268
15 0.34003740157480317 0.4738303693570451 0.01944488188976378 0.010132238942088463
9 0.2807972440944882 0.4789990880072959 0.06710629921259842 0.04965344277245782
9 0.21258267716535434 0.4800113999088007 0.06532283464566929 0.0516780665754674
9 0.41430118110236225 0.49578203374373003 0.022303149606299214 0.028499772001823985
9 0.12796062992125984 0.5075239398084815 0.08977952755905512 0.10487916096671226
9 0.3495708661417323 0.5157888736890105 0.0267007874015748 0.0393296853625171
9 0.385751968503937 0.5192088463292294 0.02819685039370079 0.037049703602371184
9 0.2815964566929134 0.5331737346101231 0.06555511811023622 0.05129958960328317
9 0.21381299212598426 0.5338007295941632 0.06699606299212597 0.0507295941632467
9 0.6699803149606299 0.5377336981304149 0.0281496062992126 0.03761969904240766
9 0.4243444881889764 0.541609667122663 0.02427952755905512 0.03533971728226174
9 0.8601397637795276 0.5637254901960784 0.04153937007874016 0.05129958960328317
9 0.38629330708661413 0.5670884632922937 0.027704724409448822 0.04160966712266302
9 0.7369783464566929 0.5674304605563155 0.04246062992125984 0.04958960328317374
9 0.49114566929133857 0.5686844505243958 0.040559055118110234 0.053009575923392616
9 0.6148011811023623 0.5687414500683995 0.041413385826771655 0.05129958960328317
9 0.16338385826771654 0.05688554491564068 0.07243700787401575 0.05813953488372093
9 0.35011220472440946 0.5705654354765162 0.03014566929133858 0.03761969904240766
9 0.6704724409448819 0.579343365253078 0.029133858267716535 0.03419972640218878
9 0.5470649606299213 0.5799703602371181 0.025625984251968506 0.033629730962152306
9 0.4245905511811024 0.5823643410852714 0.028708661417322836 0.034769721842225265
9 0.1469448818897638 0.6110351117191063 0.08680314960629922 0.08207934336525308
9 0.2565472440944882 0.6324099407204742 0.11624409448818897 0.1293889648882809
9 0.7390531496062992 0.65577975376197 0.0985787401574803 0.10772913816689467
9 0.3711909448818898 0.656235750113999 0.0990748031496063 0.10772913816689467
1 0.09455905511811023 0.6566347469220246 0.010377952755905511 0.0364797081623347
1 0.08353346456692914 0.6570907432740538 0.008799212598425197 0.03556771545827633
9 0.8626082677165354 0.6573187414500684 0.09765748031496063 0.11171910624715002
9 0.6167775590551181 0.6591997264021888 0.10048425196850393 0.11000911992704059
9 0.4923326771653544 0.6606247150022799 0.09568897637795276 0.11285909712722299
9 0.10258464566929133 0.06948244414044688 0.029578740157480313 0.035909712722298225
9 0.1512775590551181 0.6903784769721842 0.08916929133858269 0.07660738714090287
1 0.09023031496062993 0.7131782945736435 0.025342519685039373 0.03283173734610123
9 0.9175275590551181 0.7243502051983585 0.024818897637795274 0.03875968992248062
9 0.7940688976377952 0.7264021887824897 0.026720472440944883 0.0364797081623347
9 0.2915846456692913 0.726687186502508 0.029625984251968503 0.04160966712266302
9 0.6707106299212598 0.7275421796625627 0.02567322834645669 0.03875968992248062
9 0.21513582677165358 0.728454172366621 0.027122047244094488 0.03875968992248062
9 0.5482874015748032 0.729423164614683 0.024133858267716534 0.037049703602371184
9 0.25343307086614175 0.7299931600547196 0.0281259842519685 0.03818969448244414
1 0.31998425196850394 0.7347241222070223 0.01634645669291339 0.03305973552211582
9 0.8626417322834646 0.7563839489284085 0.041031496062992126 0.05357957136342909
9 0.7395295275590551 0.7568399452804377 0.04047637795275591 0.049019607843137254
9 0.6168110236220473 0.7588349293205654 0.043858267716535435 0.053009575923392616
9 0.4936358267716536 0.7596329229366166 0.04002755905511811 0.051869585043319656
9 0.3706692913385827 0.761342909256726 0.03503937007874016 0.0507295941632467
9 0.16180511811023623 0.7621979024167806 0.04487007874015748 0.047879616963064295
9 0.11189173228346457 0.7639648882808937 0.04976771653543307 0.04958960328317374
9 0.918511811023622 0.7653898768809849 0.026787401574803152 0.03419972640218878
9 0.6718425196850394 0.7668718650250798 0.027149606299212595 0.030779753761969904
9 0.7962854330708662 0.7676698586411309 0.031153543307086612 0.03419972640218878
9 0.5496161417322835 0.7708618331053352 0.023641732283464566 0.03419972640218878
4 0.037860236220472444 0.7710898312813498 0.06863385826771654 0.34199726402188785
9 0.4280157480314961 0.77234382124943 0.027685039370078737 0.03533971728226174
1 0.2159507874015748 0.07837437300501596 0.031114173228346458 0.01994984040127679
9 0.2882204724409449 0.7946306429548564 0.05911811023622047 0.07808937528499772
9 0.2188503937007874 0.7970246238030095 0.06447244094488189 0.07466940264477884
15 0.17519291338582677 0.8174874601003193 0.025188976377952754 0.05813953488372093
9 0.8636850393700788 0.8458732330141359 0.1005984251968504 0.11399908800729594
9 0.7416043307086614 0.8471842225262198 0.10053149606299212 0.11570907432740538
9 0.6177539370078741 0.847469220246238 0.0985 0.11171910624715002
9 0.8561791338582678 0.08544231646146831 0.10054724409448819 0.11342909256725946
9 0.49354527559055117 0.8490082079343365 0.10205118110236219 0.11570907432740538
9 0.3722047244094488 0.8508321933424533 0.09952755905511812 0.11570907432740538
9 0.2989468503937008 0.8637140902872777 0.024665354330708662 0.0393296853625171
9 0.7349350393700786 0.08692430460556315 0.09664173228346457 0.11000911992704059
1 0.1715 0.8716370269037848 0.017803149606299213 0.047879616963064295
1 0.15151377952755907 0.8865709074327406 0.014838582677165353 0.01937984496124031
9 0.6106889763779528 0.08914728682170543 0.09854330708661417 0.11171910624715002
9 0.4883641732283464 0.08920428636570907 0.09798818897637794 0.11456908344733242
9 0.3000787401574803 0.9069197446420428 0.022204724409448817 0.033629730962152306
9 0.3656535433070866 0.09216826265389877 0.1005984251968504 0.1122891016871865
9 0.797515748031496 0.9168376652986776 0.025740157480314958 0.037049703602371184
9 0.5492716535433071 0.9194026447788418 0.026102362204724408 0.03761969904240766
9 0.6726791338582677 0.9194026447788418 0.02567322834645669 0.03761969904240766
1 0.17184448818897638 0.9199726402188783 0.01927952755905512 0.047879616963064295
9 0.4265393700787402 0.9213976288189695 0.028669291338582675 0.037049703602371184
9 0.8647106299212598 0.9461354309165527 0.04201968503937008 0.051869585043319656
9 0.7416456692913386 0.9473324213406292 0.039984251968503935 0.05243958048335613
9 0.6178444881889764 0.9477884176926584 0.040413385826771654 0.05243958048335613
9 0.49585039370078743 0.9500683994528044 0.044456692913385824 0.05243958048335613
9 0.3719507874015748 0.9514363885088919 0.03996456692913386 0.05243958048335613
9 0.30027559055118114 0.9514933880528956 0.028110236220472443 0.037049703602371184
9 0.6736633858267717 0.9592453260373917 0.02370472440944882 0.037049703602371184
9 0.5504035433070866 0.9606133150934792 0.027578740157480314 0.032489740082079346
9 0.4283602362204725 0.9623803009575923 0.025224409448818895 0.03419972640218878
9 0.10342125984251968 0.11342909256725946 0.028102362204724406 0.030779753761969904
9 0.16308858267716536 0.11935704514363885 0.0734212598425197 0.05813953488372093
9 0.10381496062992127 0.1530437756497948 0.028102362204724406 0.027929776561787505
9 0.9116476377952756 0.15406976744186046 0.02723228346456693 0.03818969448244414
9 0.7881377952755905 0.15515275877792978 0.028244094488188973 0.03761969904240766
9 0.6648779527559054 0.1569767441860465 0.028181102362204724 0.03761969904240766
9 0.4192401574803149 0.15959872321021432 0.029818897637795272 0.0364797081623347
9 0.5448661417322834 0.16096671226630188 0.02910236220472441 0.0364797081623347
9 0.1638267716535433 0.18365253077975377 0.0748976377952756 0.05813953488372093
9 0.8556279527559055 0.18519151846785226 0.03960236220472441 0.04844961240310078
9 0.7342874015748031 0.18650250797993617 0.04101574803149607 0.050159598723210214
9 0.6126515748031496 0.1876424988600091 0.04341338582677165 0.05243958048335613
9 0.2691200787401575 0.18855449156406748 0.07446062992125985 0.07067943456452348
9 0.4886023622047244 0.1906064751481988 0.043346456692913385 0.050159598723210214
9 0.36510433070866144 0.1906064751481988 0.03808267716535433 0.05471956224350205
9 0.9124429133858267 0.19408344733242133 0.027248031496062988 0.037049703602371184
9 0.666009842519685 0.19733242134062928 0.025720472440944882 0.030779753761969904
9 0.7885807086614173 0.19767441860465115 0.02676771653543307 0.03419972640218878
9 0.5458996062992126 0.19978340173278614 0.033531496062992126 0.034769721842225265
9 0.42023622047244097 0.20063839489284085 0.030236220472440945 0.0364797081623347
9 0.10194685039370079 0.203203374373005 0.04483858267716535 0.0507295941632467
4 0.03488582677165354 0.23654810761513909 0.06898425196850394 0.34085727314181485
9 0.16530314960629922 0.24498404012767896 0.07391338582677166 0.06041951664386685
9 0.288755905511811 0.25262197902416783 0.04444094488188976 0.045599635202918376
9 0.2449744094488189 0.25444596443228457 0.026169291338582677 0.04742362061103511
9 0.10307874015748031 0.26345189238486094 0.04631496062992126 0.04445964432284542
9 0.8578129921259842 0.2745668034655723 0.09909055118110237 0.1122891016871865
9 0.6124114173228347 0.2772457820337437 0.0980511811023622 0.1094391244870041
9 0.4917125984251969 0.2782717738258094 0.09996062992125984 0.11057911536707707
9 0.7354862204724409 0.27838577291381666 0.09459448818897638 0.10715914272685818
9 0.36831102362204726 0.28226174190606473 0.09567716535433071 0.1094391244870041
15 0.08121259842519685 0.30516187870497036 0.009669291338582678 0.024824441404468763
9 0.10556889763779527 0.3119015047879617 0.032397637795275595 0.03283173734610123
9 0.27827559055118106 0.31703146374829 0.07151181102362204 0.06953944368445053
15 0.08064370078740157 0.332015503875969 0.010106299212598426 0.023812129502963977
9 0.18197637795275592 0.3369813041495668 0.10017322834645669 0.1121751025991792
9 0.9137736220472441 0.34610123119015046 0.03069685039370079 0.0364797081623347
9 0.6682854330708661 0.3472982216142271 0.031059055118110235 0.037049703602371184
9 0.4213996062992126 0.3492932056543548 0.026263779527559053 0.038303693570451436
9 0.5434783464566929 0.35202918376652986 0.027901574803149608 0.04377564979480164
9 0.1083248031496063 0.35248518011855906 0.030035433070866143 0.0337437300501596
20 0.08086220472440944 0.3553214774281806 0.010543307086614174 0.024824441404468763
9 0.2658464566929134 0.37300501595987234 0.030118110236220474 0.038303693570451436
9 0.3016830708661417 0.3743730050159599 0.0277755905511811 0.03556771545827633
9 0.8579527559055118 0.3747150022799818 0.04346456692913386 0.05357957136342909
9 0.7351850393700787 0.37613999088007294 0.040448818897637795 0.04730962152302782
9 0.6130059055118111 0.37859097127222985 0.03939763779527559 0.05129958960328317
9 0.3678444881889764 0.38303693570451436 0.04356299212598425 0.05471956224350205
9 0.49071062992125986 0.38349293205654356 0.04047637795275591 0.04468764249886001
9 0.7909547244094488 0.38611491108071133 0.029153543307086614 0.03533971728226174
9 0.9140177165354331 0.38645690834473323 0.027248031496062988 0.03419972640218878
9 0.6686791338582677 0.3889078887368901 0.027122047244094488 0.033629730962152306
9 0.4245492125984252 0.3898768809849521 0.027838582677165352 0.03556771545827633
9 0.5454468503937008 0.39215686274509803 0.028688976377952757 0.02918376652986776
9 0.287507874015748 0.42270861833105333 0.049818897637795276 0.04468764249886001
9 0.19338976377952755 0.4236206110351117 0.04425984251968504 0.04286365709074327
9 0.24143307086614174 0.42544459644322846 0.045858267716535436 0.04286365709074327
9 0.10123818897637794 0.42590059279525766 0.04420866141732284 0.045599635202918376
9 0.14613385826771655 0.4263565891472868 0.045811023622047246 0.04103967168262654
9 0.2857027559055118 0.044174646602827175 0.029673228346456696 0.04274965800273598
15 0.4139173228346456 0.4429252165982672 0.021535433070866142 0.012161422708618332
15 0.33863582677165355 0.44272229822161424 0.019003937007874016 0.008107615139078888