15 0.8928491424571228 0.3036646884272997 0.0034091704585229262 0.0613353115727003
9 0.7235194259712985 0.30473293768545995 0.007766888344417221 0.1584272997032641
1 0.77103605180259 0.32047477744807124 0.009695484774238712 0.142433234421365
1 0.7601872593629682 0.3232344213649852 0.009698984949247463 0.12421364985163205
15 0.8568165908295415 0.3267359050445104 0.003447672383619181 0.0718694362017804
1 0.7486174308715436 0.33063798219584567 0.00896044802240112 0.1212166172106825
15 0.8247882394119707 0.335459940652819 0.0044942247112355616 0.07744807121661722
1 0.8498389919495974 0.3363353115727003 0.004193209660483024 0.07326409495548962
1 0.8012058102905145 0.3361424332344214 0.0035316765838291912 0.06694362017804154
15 0.8066118305915295 0.3360979228486647 0.0038431921596079805 0.06685459940652819
15 0.8666993349667483 0.33961424332344214 0.0036121806090304515 0.062017804154302664
1 0.7829541477073854 0.3392878338278932 0.004830241512075604 0.07323442136498516
15 0.8720493524676234 0.34161721068249257 0.0045117255862793144 0.07195845697329377
15 0.8428963948197411 0.3400890207715134 0.0036086804340217014 0.06890207715133531
15 0.8782114105705285 0.34357566765578634 0.004235211760588029 0.06400593471810088
15 0.8844872243612181 0.34424332344213654 0.002786139306965348 0.06534124629080118
1 0.7333041652082605 0.3547626112759644 0.004235211760588029 0.07451038575667655
15 0.9114490724536227 0.38660237388724034 0.004907245362268113 0.066973293768546
15 0.9050227511375569 0.3904005934718101 0.004655232761638082 0.06270029673590505
15 0.8928701435071753 0.3915430267062314 0.003451172558627931 0.07091988130563798
1 0.8981746587329367 0.3999406528189911 0.0028596429821491076 0.06397626112759644
9 0.48125306265313267 0.4145548961424332 0.050360518025901295 0.443353115727003
15 0.8377966398319916 0.43534124629080123 0.0039096954847742385 0.057626112759643924
15 0.866795589779489 0.4372106824925816 0.0031046552327616377 0.05543026706231454
15 0.825946797339867 0.4381305637982196 0.0026111305565278266 0.06913946587537093
1 0.8793927196359819 0.4352077151335311 0.003097654882744137 0.05735905044510385
1 0.8730941547077353 0.43589020771513354 0.0031011550577528875 0.06465875370919881
15 0.8308820441022051 0.4375370919881305 0.0019810990549527477 0.05608308605341246
1 0.8500350017500876 0.4371958456973294 0.003185159257962898 0.0613353115727003
15 0.8443769688484425 0.44014836795252227 0.0030696534826741336 0.05537091988130564
15 0.8012268113405671 0.4415875370919881 0.0021736086804340217 0.05231454005934718
1 0.4439656982849143 0.4417210682492582 0.007287364368218411 0.04071216617210683
9 0.6411515575778789 0.4420178041543027 0.02504025201260063 0.16
1 0.7840602030101504 0.44225519287833825 0.004942247112355617 0.053649851632047475
15 0.8075201260063003 0.44470326409495553 0.004259712985649282 0.06448071216617211
15 0.4428526426321316 0.49586053412462905 0.007861393069653482 0.030296735905044513
1 0.7505250262513126 0.5129376854599407 0.00927546377318866 0.14753709198813056
1 0.7622313615680785 0.5129376854599407 0.010287014350717535 0.14753709198813056
1 0.7391144557227862 0.5142433234421365 0.010255512775638782 0.14421364985163204
1 0.887075603780189 0.5319881305637982 0.004462723136156808 0.055074183976261126
15 0.8922856142807141 0.5358753709198814 0.00368218410920546 0.07471810089020771
1 0.8196394819740987 0.5362759643916913 0.004697234861743087 0.06364985163204748
1 0.9261113055652783 0.5387833827893175 0.002730136506825341 0.06272997032640949
1 0.6205512775638782 0.5378041543026707 0.010441022051102554 0.126053412462908
1 0.8081449072453623 0.5397626112759644 0.0034091704585229262 0.07062314540059347
15 0.8137276863843192 0.5424183976261128 0.0040742037101855096 0.07593471810089021
1 0.7891687084354219 0.5438427299703265 0.0032586629331466574 0.05504451038575668
15 0.7953202660133006 0.5430415430267063 0.00576128806440322 0.06531157270029674
15 0.8262845642282115 0.5503709198813056 0.003286664333216661 0.09777448071216618
15 0.55494399719986 0.5635163204747774 0.003832691634581729 0.07065281899109792
1 0.5488204410220511 0.5650148367952522 0.004186209310465524 0.07364985163204747
1 0.26981974098704936 0.5998813056379821 0.004112705635281764 0.07216617210682492
1 0.22971823591179558 0.6037982195845697 0.004413720686034302 0.0740652818991098
15 0.217117605880294 0.6047032640949555 0.003713685684284214 0.06400593471810088
15 0.14656632831641583 0.6054451038575668 0.004018200910045502 0.06548961424332345
1 0.2765768288414421 0.6052670623145401 0.003626181309065453 0.07106824925816023
15 0.13405845292264612 0.6058902077151336 0.004903745187259363 0.0901186943620178
1 0.1403307665383269 0.6051038575667655 0.003447672383619181 0.07667655786350148
15 0.20412495624781238 0.6065430267062315 0.0036296814840742035 0.061750741839762605
15 0.21095204760238015 0.6063946587537091 0.004683234161708086 0.07332344213649852
15 0.19863318165908295 0.6072551928783383 0.0031466573328666433 0.05130563798219584
15 0.2228246412320616 0.609540059347181 0.0032271613580679035 0.06774480712166171
15 0.06510850542527126 0.6104599406528189 0.004210710535526776 0.06958456973293768
1 0.12753587679383968 0.612166172106825 0.00375918795939797 0.07893175074183977
15 0.18656282814140707 0.6108456973293768 0.0042072103605180254 0.07035608308605341
15 0.10312740637031852 0.6121216617210682 0.0039446972348617425 0.066973293768546
15 0.08478998949947497 0.6143323442136499 0.0029716485824291213 0.06545994065281899
15 0.11539726986349318 0.6139762611275964 0.003983199159957998 0.06474777448071217
15 0.19338641932096604 0.6139762611275964 0.003853692684634232 0.06474777448071217
15 0.07119180959047952 0.6141543026706231 0.0051767588379418965 0.06510385756676558
15 0.09715610780539026 0.6163946587537091 0.0039026951347567377 0.06958456973293768
1 0.5178071403570178 0.6167655786350148 0.004462723136156808 0.07032640949554896
1 0.0788484424221211 0.6164243323442137 0.0050892544627231355 0.081513353115727
15 0.12149982499124956 0.615459940652819 0.0035876793839691983 0.06771513353115727
15 0.1093577178858943 0.6163649851632047 0.0031046552327616377 0.05765578635014837
15 0.09057577878893944 0.617700296735905 0.004742737136856843 0.07219584569732937
1 0.6863020651032552 0.6273590504451039 0.004735736786839342 0.07370919881305638
1 0.7256492824641232 0.6288427299703264 0.003626181309065453 0.07074183976261128
1 0.49022926146307316 0.6831008902077151 0.008109905495274764 0.04869436201780415
1 0.4667378368918446 0.6895845697329377 0.008029401470073505 0.043857566765578636
1 0.5354392719635982 0.6958011869436203 0.005425271263563178 0.07409495548961424
1 0.544095204760238 0.7015281899109792 0.00383619180959048 0.06774480712166171
15 0.5211463073153657 0.11758160237388723 0.00344067203360168 0.07492581602373888
1 0.9105390269513475 0.11824925816023739 0.003087154357717886 0.052522255192878335
15 0.8923801190059504 0.11862017804154303 0.0024711235561778087 0.05326409495548961
15 0.9050385019250963 0.12078635014836794 0.003286664333216661 0.06353115727002967
1 0.8481869093454673 0.12544510385756677 0.0043892194609730486 0.07878338278931751
1 0.898582429121456 0.12434718100890207 0.002975148757437872 0.0528486646884273
15 0.8542142107105355 0.12543026706231453 0.0024431221561078053 0.07281899109792285
15 0.8654585229261462 0.12525222551928783 0.004630731536576829 0.06652818991097924
15 0.8599527476373819 0.13004451038575668 0.0034196709835491775 0.0701780415430267
15 0.754123206160308 0.1331454005934718 0.0038711935596779843 0.07044510385756676
15 0.7357122856142807 0.1323145400593472 0.004151207560378019 0.0687833827893175
1 0.7599387469373469 0.1337833827893175 0.004301715085754288 0.05985163204747775
1 0.4866590829541477 0.13375370919881308 0.006569828491424571 0.03605341246290801
1 0.7418358417920897 0.13707715133531156 0.0037976898844942247 0.06050445103857567
15 0.7176898844942248 0.13775964391691395 0.004508225411270564 0.06780415430267063
1 0.7297042352117605 0.13694362017804154 0.004035701785089254 0.07210682492581602
15 0.747728386419321 0.13758160237388725 0.004382219110955547 0.061513353115727004
1 0.4710290514525726 0.14083086053412464 0.009611480574028702 0.04427299703264095
9 0.8783899194959748 0.17985163204747776 0.014392719635981798 0.17572700296735905
15 0.8916450822541127 0.21084569732937689 0.003801190059502975 0.07154302670623146
15 0.8604970248512426 0.23225519287833826 0.0031081554077703887 0.060949554896142434
1 0.5195204760238011 0.23409495548961423 0.007189359467973398 0.029020771513353114
15 0.866795589779489 0.2348813056379822 0.0031046552327616377 0.054332344213649846
1 0.9110063003150157 0.23437685459940652 0.0033216660833041652 0.06519287833827893
15 0.7326601330066503 0.2589317507418398 0.002947147357367868 0.06682492581602374
15 0.7399317465873294 0.2627299703264095 0.0027896394819740987 0.06848664688427299
9 0.9018253412670633 0.26501483679525223 0.008760938046902346 0.10272997032640949
1 0.4426338816940847 0.26752225519287837 0.008123906195309765 0.03652818991097923
1 0.6797427371368568 0.28038575667655785 0.009817990899544977 0.12160237388724035
1 0.6658190409520476 0.2884718100890208 0.008571928596429822 0.12590504451038576