1 0.03584762865792129 0.2746311475409836 0.006441305079044736 0.07385245901639345
15 0.10284056508577195 0.2766393442622951 0.0038647830474268416 0.06693989071038252
15 0.3700252270433905 0.279275956284153 0.007457114026236126 0.0230327868852459
15 0.15252102253615876 0.28002732240437156 0.0063538513286242855 0.07918032786885246
1 0.09628321560713085 0.28137978142076503 0.006222670702993609 0.08188524590163934
1 0.08214598049108644 0.28210382513661203 0.006875210225361588 0.08333333333333333
1 0.08908341742347797 0.2839344262295082 0.006622939791456442 0.08153005464480874
1 0.05705684493777329 0.2842896174863388 0.0031146989572822066 0.06038251366120219
1 0.061629667003027244 0.2826366120218579 0.0035149680457450387 0.057076502732240436
1 0.06802051799529095 0.28355191256830603 0.00687857383114699 0.0862295081967213
1 0.07491086444668685 0.28355191256830603 0.005859401278170199 0.0862295081967213
1 0.33917087117389844 0.030983606557377048 0.007638748738647831 0.029180327868852458
15 0.31024217961654893 0.3055191256830601 0.0069626639757820385 0.026338797814207653
15 0.3703733602421796 0.30595628415300546 0.006807938109653548 0.0326775956284153
15 0.37028758829465186 0.3335109289617486 0.006636394214598049 0.0276775956284153
15 0.2467255297679112 0.33490437158469943 0.007073662966700303 0.03046448087431694
1 0.5092263706693576 0.3430327868852459 0.0033165153044063234 0.05218579234972678
1 0.5051261352169526 0.3440983606557377 0.0031886982845610494 0.05431693989071038
1 0.35860914900773627 0.035751366120218585 0.007497477295660949 0.02778688524590164
1 0.49180457450386816 0.36430327868852463 0.006818028927009754 0.08379781420765028
15 0.3702354524049781 0.3677868852459017 0.0065321224352505895 0.025191256830601094
15 0.27175916582576526 0.373551912568306 0.008032290615539858 0.036721311475409836
1 0.5244450050454087 0.373551912568306 0.01020854355869492 0.04765027322404372
15 0.2301934073326606 0.3744398907103825 0.007645475950218634 0.03849726775956284
15 0.22195761856710394 0.37661202185792353 0.0073192061890346456 0.037377049180327866
15 0.2465674402959973 0.37606557377049177 0.00743020517995291 0.03628415300546448
15 0.2549512277161117 0.3767896174863388 0.00805247225025227 0.03226775956284153
15 0.26347796838210563 0.3767896174863388 0.007615203498150017 0.03226775956284153
15 0.21326101580894719 0.3772267759562841 0.008089471913891692 0.033142076502732244
15 0.23837201479986544 0.3769535519125683 0.007184661957618567 0.038060109289617484
15 0.20496972754793139 0.3785655737704918 0.007652203161789438 0.03581967213114754
15 0.1631163807601749 0.37760928961748635 0.007362933064244871 0.03390710382513661
15 0.18005549949545913 0.37901639344262295 0.007605112680793811 0.036721311475409836
15 0.18825260679448366 0.37974043715847 0.007854019508913556 0.032704918032786884
15 0.19653716784392866 0.3806284153005465 0.007605112680793811 0.034480874316939886
15 0.17143457786747393 0.38084699453551907 0.007854019508913556 0.040382513661202185
15 0.15491422805247226 0.3805601092896175 0.007776656575849311 0.034344262295081966
15 0.1383114698957282 0.3827322404371585 0.007534476959300369 0.033224043715846995
15 0.12991086444668687 0.3824590163934426 0.00822401614530777 0.03814207650273224
15 0.14634207870837537 0.3814617486338798 0.007450386814665321 0.036147540983606556
15 0.2789556004036327 0.3942486338797814 0.004934409687184662 0.07265027322404372
1 0.3789118735284225 0.4052732240437159 0.006394214598049109 0.02912568306010929
15 0.26281533804238144 0.413948087431694 0.007635385132862428 0.035546448087431695
15 0.24651698620921628 0.4142622950819672 0.007329297006390851 0.0307103825136612
15 0.2548805919946182 0.4154234972677595 0.007911200807265388 0.0330327868852459
15 0.1546468213925328 0.4152868852459016 0.00791456441305079 0.03275956284153005
15 0.1629448368651194 0.4152868852459016 0.007692566431214262 0.03275956284153005
15 0.27149680457450387 0.41472677595628415 0.008180289270097545 0.03163934426229508
15 0.21312310797174572 0.4168852459016394 0.007813656239488731 0.030491803278688525
15 0.22998822737975108 0.41661202185792345 0.007235116044399597 0.035409836065573776
15 0.23813824419778 0.41655737704918033 0.008062563067608476 0.03530054644808743
15 0.18005549949545913 0.41672131147540986 0.007605112680793811 0.030163934426229506
15 0.22143625967036665 0.4191256830601093 0.007621930709720821 0.034972677595628415
15 0.18792297342751432 0.41755464480874316 0.007194752774974773 0.03183060109289618
15 0.20491590985536495 0.41755464480874316 0.007544567776656576 0.03183060109289618
15 0.19661789438277832 0.41800546448087433 0.007766565758493105 0.03273224043715847
15 0.14666498486377397 0.42019125683060105 0.007423477968382106 0.03163934426229508
15 0.17147494113689876 0.42019125683060105 0.007934746047763203 0.03163934426229508
15 0.13818028927009754 0.42110655737704916 0.007944836865119409 0.03346994535519126
15 0.1298553649512277 0.42099726775956287 0.008113017154389507 0.033251366120218576
15 0.3664968045745039 0.4334699453551913 0.007127480659266734 0.025409836065573774
1 0.14391523713420787 0.044508196721311476 0.007305751765893037 0.028907103825136612
15 0.31338715102589976 0.44583333333333336 0.0045072317524386145 0.06106557377049181
1 0.2716750756811302 0.45173497267759566 0.00786411032626976 0.03461748633879781
1 0.24658594012781704 0.45117486338797813 0.008139926000672721 0.03349726775956284
1 0.2301984527413387 0.4529098360655737 0.006982845610494451 0.031502732240437155
1 0.2636343760511268 0.45334699453551913 0.007255297679112008 0.03237704918032787
1 0.2802455432223343 0.45392076502732237 0.007514295324587958 0.03352459016393443
1 0.22183821056172215 0.4527459016393443 0.0077531113353514975 0.031174863387978143
1 0.25523545240497814 0.4542486338797814 0.007948200470904809 0.03418032786885246
1 0.3216010763538513 0.4520765027322405 0.003444332324251598 0.05715846994535519
15 0.1715237134207871 0.45431693989071037 0.00870501177262025 0.034316939890710385
1 0.2382542885973764 0.4542486338797814 0.007621930709720821 0.03418032786885246
1 0.31771274806592664 0.45467213114754096 0.003067608476286579 0.05688524590163935
1 0.2048049108644467 0.45457650273224043 0.007995290951900437 0.03483606557377049
1 0.21360578540195088 0.455983606557377 0.008106289942818702 0.03765027322404371
1 0.16271106626303397 0.4545355191256831 0.0072250252270433905 0.03475409836065574
1 0.1545005045408678 0.4572540983606557 0.007621930709720821 0.040191256830601096
1 0.1965338042381433 0.4569808743169399 0.007598385469223007 0.03418032786885246
1 0.13798183652875884 0.4591530054644809 0.006875210225361588 0.03306010928961749
1 0.14630003363605784 0.45931693989071043 0.007366296670030272 0.03885245901639344
1 0.18820887991927346 0.45831967213114755 0.007766565758493105 0.03685792349726776
1 0.12927850655903128 0.4600409836065574 0.008304742684157417 0.03483606557377049
1 0.1334443323242516 0.04523224043715847 0.0072182980154725865 0.0303551912568306
20 0.06441136898755466 0.04706284153005465 0.009078372014799866 0.08866120218579236
15 0.3663437605112681 0.4672814207650273 0.006821392532795157 0.027459016393442625
15 0.957221661621258 0.4812978142076503 0.008624285233770602 0.039098360655737706
1 0.031409350824083415 0.48617486338797816 0.003619239825092499 0.05431693989071038
15 0.8899041372351161 0.48934426229508193 0.00786074672048436 0.03333333333333333
1 0.018447695930037 0.4936338797814207 0.005950218634376052 0.0801639344262295
15 0.025682811974436597 0.49909836065573765 0.00562058526740666 0.08562841530054645
1 0.05219138916918937 0.05288251366120219 0.004147325933400605 0.0675136612021858
15 0.9571476622939791 0.5231967213114754 0.007803565422132526 0.030000000000000002
15 0.909589640094181 0.5309562841530056 0.003504877228388833 0.06737704918032787
15 0.8902589976454759 0.5304918032786885 0.008570467541204172 0.02819672131147541
15 0.09987891019172553 0.5501092896174864 0.003323242515977128 0.056502732240437156
15 0.0929297006390851 0.5503005464480875 0.0028792465523040703 0.05142076502732241
15 0.09640430541540532 0.5524863387978143 0.003101244534140599 0.055792349726775964
15 0.10402791792801883 0.5535792349726776 0.004221325260679448 0.05251366120218579
15 0.9094668684830137 0.6020081967213115 0.004604776320215271 0.07286885245901639
1 0.013651194080053818 0.6091530054644808 0.00442986881937437 0.07076502732240436
1 0.07665153044063236 0.6091530054644808 0.010686175580221998 0.05437158469945355
1 0.9415657584931046 0.6156693989071038 0.01027581567440296 0.051010928961748636
1 0.7440026908846283 0.6211338797814208 0.010709720820719812 0.051010928961748636
1 0.9286545576858392 0.6232650273224044 0.00732593340060545 0.027950819672131148
1 0.8615993945509586 0.6231147540983607 0.010450723175243861 0.04950819672131148
1 0.1526118398923646 0.6253688524590164 0.010571812983518331 0.05401639344262295
15 0.2622872519340733 0.06404371584699455 0.008597376387487386 0.029726775956284156
1 0.4643659603094517 0.6281420765027322 0.010467541204170872 0.048633879781420766
1 0.5456878573831146 0.6323770491803279 0.010312815338042382 0.05163934426229508
1 0.2667120753447696 0.6400273224043715 0.010719811638076018 0.050546448087431695
1 0.11523881601076355 0.06765027322404371 0.01049781365623949 0.05333333333333333
1 0.3657013118062563 0.06790983606557377 0.006209216279852002 0.031994535519125684
20 0.10360242179616548 0.07020491803278689 0.010097544567776657 0.08030054644808743
15 0.2893239152371342 0.07113387978142076 0.006834846955936764 0.02204918032786885
1 0.09333333333333334 0.07092896174863388 0.006377396569122099 0.08174863387978143
1 0.022909519004372686 0.6847677595628415 0.004110326269761184 0.06352459016393443
15 0.008718466195761857 0.6865846994535519 0.00330978809283552 0.06169398907103825
1 0.013269424823410697 0.6865846994535519 0.0036663303060881264 0.06169398907103825
1 0.02777497477295661 0.6865846994535519 0.0044231416078035655 0.06169398907103825
1 0.03295492768247561 0.6862158469945355 0.004692230070635722 0.0664207650273224
1 0.018146653212243527 0.6873087431693989 0.004002690884628322 0.06314207650273224
15 0.9886865119408005 0.6953825136612022 0.004281870164816684 0.06289617486338797
1 0.039053144971409354 0.6982513661202185 0.006125126135216953 0.0850273224043716
15 0.22721325260679448 0.7008060109289618 0.00841237806929028 0.040956284153005465
1 0.7311688530104271 0.7061612021857923 0.00656912209889001 0.029808743169398907
1 0.781833165153044 0.7161885245901639 0.005644130507904474 0.07718579234972678
15 0.9557282206525396 0.7213524590163934 0.00563740329633367 0.07112021857923498
1 0.6223545240497813 0.7268169398907104 0.006229397914564413 0.08204918032786886
1 0.583858055835856 0.7280327868852459 0.005926673393878238 0.08448087431693989
1 0.8514295324587959 0.7330464480874317 0.0082744702320888 0.034398907103825135
1 0.8242818701648167 0.7354644808743169 0.010487722838883282 0.0501639344262295
1 0.9321493440968719 0.734863387978142 0.007588294651866801 0.0380327868852459
1 0.7323074335687858 0.7384289617486338 0.008173562058526741 0.03423497267759563
15 0.48078035654221324 0.7389617486338798 0.004951227716111672 0.06808743169398908
1 0.1068970736629667 0.7416120218579235 0.006596030945173225 0.08978142076502732
1 0.42386310124453414 0.7458060109289617 0.010188361923982509 0.04898907103825136
1 0.6551917255297679 0.7479234972677596 0.007995290951900437 0.036830601092896174
1 0.22837706020854356 0.7539754098360655 0.010739993272788429 0.05439890710382514
1 0.5503969054826774 0.7527732240437158 0.007621930709720821 0.035601092896174864
1 0.5381399260006727 0.7553551912568306 0.006653212243525059 0.03530054644808743
1 0.4573175243861419 0.7574863387978142 0.008479650184998319 0.03956284153005465
1 0.2585788765556677 0.762827868852459 0.008580558358560378 0.028387978142076505
1 0.15323915237134209 0.7709426229508197 0.007790110998990918 0.028224043715846994
1 0.05943323242515977 0.7718579234972678 0.008540195089135554 0.040983606557377046
1 0.1415371678439287 0.7731284153005464 0.007258661284897409 0.032595628415300545
15 0.08492600067272116 0.08204918032786886 0.007053481331987891 0.11491803278688525
1 0.07730406996300034 0.08296448087431695 0.006609485368314833 0.08396174863387978
15 0.14350992263706694 0.08312841530054645 0.009186007399932727 0.035109289617486335
15 0.13384796501849983 0.0873224043715847 0.007352842246888664 0.032568306010928964
15 0.28939118735284225 0.09874316939890711 0.006969391187352842 0.02808743169398907
15 0.2623377060208543 0.1012295081967213 0.008025563403969054 0.038524590163934426
15 0.3698940464177598 0.10296448087431695 0.005849310460813993 0.025601092896174862
15 0.17951395896400943 0.10669398907103825 0.008540195089135554 0.038524590163934426
1 0.04532963336696939 0.11957650273224044 0.009932727884291961 0.04789617486338798
1 0.1339825092499159 0.12285519125683061 0.00694920955264043 0.032595628415300545
15 0.14288261015808948 0.12504098360655738 0.007931382441977799 0.026038251366120216
15 0.36998486377396567 0.1359016393442623 0.006703666330306088 0.025901639344262296
1 0.07300369996636394 0.013975409836065574 0.007426841574167507 0.02248633879781421
1 0.11503699966363942 0.13797814207650272 0.010766902119071645 0.05191256830601093
1 0.2238176925664312 0.1405327868852459 0.006330306088126471 0.07887978142076503
1 0.4374672048435923 0.13993169398907104 0.006451395896400942 0.08314207650273224
15 0.2624049781365624 0.14166666666666666 0.008160107635385133 0.031967213114754096
9 0.1633131516986209 0.14382513661202187 0.017847292297342752 0.14010928961748634
1 0.17906996300033637 0.14726775956284152 0.007652203161789438 0.03224043715846995
15 0.45201311806256306 0.14719945355191258 0.004598049108644467 0.0703551912568306
1 0.31232929700639084 0.15331967213114756 0.007100571812983518 0.03341530054644809
15 0.3703733602421796 0.1641393442622951 0.006807938109653548 0.022267759562841532
15 0.13355701311806256 0.16403005464480874 0.007443659603094517 0.03297814207650273
15 0.14340396905482677 0.16566939890710383 0.008301379078372015 0.036256830601092895
1 0.04508240834174235 0.17532786885245902 0.010783720147998655 0.05010928961748634
15 0.26228557013118065 0.1778825136612022 0.007248570467541205 0.03336065573770492
1 0.0936141944164144 0.1840846994535519 0.005593676421123444 0.08401639344262295
1 0.2898620921627985 0.18670765027322403 0.006565758493104608 0.029153005464480873
20 0.07958964009418096 0.18699453551912568 0.009835183316515304 0.0625136612021858
20 0.10435586949209552 0.18879781420765027 0.01160443995963673 0.07704918032786885
15 0.08739320551631348 0.18845628415300544 0.003915237134207871 0.06543715846994536
15 0.2623208879919273 0.019918032786885247 0.007991927346115035 0.034371584699453554
15 0.3701395896400942 0.1928415300546448 0.007013118062563068 0.025027322404371586
15 0.14353346787756477 0.2039344262295082 0.008560376723847964 0.03081967213114754
15 0.27350487722838884 0.20687158469945355 0.010178271106626304 0.04762295081967213
15 0.39968045745038683 0.20960382513661202 0.00824083417423478 0.03669398907103825
1 0.40935586949209557 0.21151639344262294 0.010773629330642449 0.05144808743169398
15 0.2624201143625967 0.21818306010928962 0.007517658930373361 0.031994535519125684
15 0.37030440632357886 0.21959016393442624 0.006670030272452068 0.023879781420765026
1 0.04474604776320215 0.23378415300546448 0.010110998990918264 0.04680327868852459
15 0.1436478304742684 0.23878415300546446 0.007443659603094517 0.029480874316939888
9 0.33989404641775983 0.24475409836065573 0.044739320551631344 0.352896174863388
1 0.5180541540531449 0.25193989071038253 0.00617221661621258 0.08311475409836067
1 0.509572822065254 0.2511748633879782 0.006027581567440297 0.08158469945355191
15 0.37005381769256646 0.2539754098360656 0.006841574167507568 0.027076502732240437
15 0.1361789438277834 0.2544125683060109 0.004614867137571477 0.07166666666666667
1 0.2101311806256307 0.25539617486338795 0.005866128489741003 0.0790983606557377
1 0.22772788429196097 0.25498633879781424 0.005405314497140935 0.0837431693989071
1 0.20352337706020857 0.25648907103825136 0.006104944500504541 0.08128415300546447
1 0.19696434577867475 0.2584016393442623 0.005768583921964345 0.0796448087431694
1 0.22107803565422132 0.2584016393442623 0.006232761520349815 0.0796448087431694
15 0.26284224688866464 0.2597267759562842 0.00836192398250925 0.027650273224043714
15 0.30978809283551967 0.2675136612021858 0.006727211570803902 0.026830601092896176
15 0.15889169189371005 0.2682513661202186 0.0029498822737975107 0.05562841530054645
15 0.12611335351496805 0.2682513661202186 0.008701648166834847 0.039234972677595625
1 0.14385132862428524 0.27183060109289614 0.007850655903128154 0.02453551912568306