1 0.3222266533732137 0.22949886104783598 0.005702891326021934 0.06719817767653759
1 0.30701894317048856 0.22993166287015945 0.00519774011299435 0.06350797266514806
1 0.1998687271518777 0.24488610478359907 0.005586573612495846 0.06608200455580866
1 0.9384263875041542 0.26439635535307515 0.004469923562645397 0.0641002277904328
1 0.933954802259887 0.2659339407744875 0.004832170156198072 0.0671753986332574
1 0.5057427716849452 0.33342824601366744 0.009823861748089066 0.033599088838268794
1 0.48772017281488866 0.3332574031890661 0.00967098703888335 0.03325740318906606
1 0.49715187770023267 0.33453302961275627 0.008594217347956132 0.03125284738041002
1 0.47849950149551346 0.33478359908883826 0.009175805915586574 0.03175398633257403
1 0.4692107012296444 0.3353872437357631 0.0092090395480226 0.03296127562642369
1 0.662617148554337 0.3573006833712984 0.009182452642073778 0.035785876993166287
1 0.0785559986706547 0.35788154897494306 0.004901960784313725 0.06428246013667425
1 0.08637254901960784 0.3573006833712984 0.005247590561648388 0.06312072892938497
1 0.682976071784646 0.36477220956719814 0.00935526753074111 0.03250569476082005
1 0.6466982386174809 0.3783485193621868 0.005260884014622798 0.05510250569476082
1 0.641045197740113 0.38150341685649203 0.0045895646394150886 0.0614123006833713
1 0.6364456630109672 0.38126423690205014 0.004695912263210369 0.06093394077448747
15 0.7094001329345297 0.3979157175398633 0.005041542040545031 0.06690205011389522
15 0.6296792954469923 0.39823462414578586 0.004456630109670987 0.058428246013667424
15 0.6201345962113659 0.4008428246013667 0.005307411100033234 0.06364464692482916
1 0.6248072449318711 0.39997722095671984 0.005347291458956464 0.061913439635535306
9 0.5523745430375541 0.41109339407744877 0.012691924227318045 0.06592255125284738
15 0.6811532070455302 0.4118906605922551 0.0043801927550681284 0.058405466970387246
15 0.07271518777002327 0.41402050113895217 0.004519774011299435 0.06266514806378133
15 0.9799651046859422 0.41374715261958994 0.004463276836158192 0.06211845102505695
15 0.9846194749086075 0.41397494305239185 0.0038019275506812893 0.06257403189066059
15 0.06793619142572282 0.4143166287015945 0.004931871053506148 0.06325740318906606
1 0.574740777666999 0.4183371298405467 0.015550016616816218 0.07585421412300683
1 0.7183233632436025 0.4228246013667426 0.010923894981721501 0.09394077448747153
1 0.6094931871053506 0.42257403189066056 0.010611498836822865 0.043325740318906604
1 0.727123629112662 0.4249316628701595 0.0072549019607843135 0.1027107061503417
15 0.9916949152542374 0.42701594533029613 0.008647391159853772 0.029430523917995444
1 0.7000864074443337 0.4294646924829157 0.011006979062811565 0.09810933940774487
1 0.6890594882020605 0.433257403189066 0.01155201063476238 0.09658314350797266
1 0.4575988700564972 0.43200455580865604 0.009248919906945829 0.03485193621867882
15 0.6394931871053506 0.43339407744874714 0.00946161515453639 0.0330751708428246
9 0.6629245596543702 0.43293849658314354 0.00913260219341974 0.06405466970387244
15 0.7933399800598205 0.4482232346241458 0.008747092057161848 0.03084282460136674
1 0.6232319707544035 0.45534168564920274 0.010837487537387835 0.04052391799544419
1 0.7608856763044201 0.4552050113895217 0.004988368228647391 0.06302961275626424
15 0.7561831173147225 0.454498861047836 0.0048886673313393155 0.06161731207289294
15 0.7512529079428382 0.4571753986332574 0.0049983383183781985 0.06241457858769931
1 0.7464788966434032 0.45751708428246013 0.004755732801595214 0.06309794988610479
1 0.5269757394483218 0.45707289293849657 0.009086075108009305 0.034874715261959
15 0.992115320704553 0.46341685649202735 0.008823529411764706 0.029339407744874715
15 0.5899368560983715 0.4640774487471526 0.004732469258889997 0.06255125284738042
1 0.5943286806247923 0.46329157175398633 0.0042107012296444 0.06097949886104784
15 0.585024925224327 0.46380410022779045 0.004878697241608508 0.062004555808656034
15 0.7099135925556663 0.46443052391799544 0.004739115985377202 0.05870159453302961
15 0.6809388501163177 0.473371298405467 0.004616151545363908 0.06291571753986333
1 0.7935859089398472 0.4809225512528474 0.009238949817215021 0.03246013667425968
15 0.546513791957461 0.48369020501138954 0.004958457959454968 0.060774487471526195
1 0.6072632103688933 0.48244874715261954 0.015456962445995346 0.06740318906605923
15 0.5518909936856099 0.48313211845102505 0.005742771684945165 0.06421412300683371
15 0.5623928215353938 0.48323462414578583 0.004812229976736458 0.06441913439635535
15 0.5572848122299767 0.4842141230068337 0.005230973745430375 0.06182232346241458
15 0.5413310069790628 0.48674259681093396 0.005227650382186773 0.06687927107061503
9 0.7749867065470256 0.4880523917995444 0.008597540711199735 0.06494305239179955
1 0.9270122964440014 0.48957858769931667 0.004905284147557328 0.05888382687927107
1 0.5271419076105018 0.4917198177676538 0.009418411432369558 0.03127562642369021
1 0.9218743768693919 0.491879271070615 0.004599534729145895 0.06348519362186789
1 0.916596876038551 0.491993166287016 0.004679295446992356 0.05915717539863326
1 0.9116965769358591 0.49227790432801827 0.004848786972416085 0.055170842824601364
1 0.5751894317048853 0.49259681093394075 0.014453306746427386 0.06947608200455581
1 0.9064805583250249 0.4933599088838269 0.005051512130275839 0.06189066059225513
1 0.8697175141242938 0.49723234624145785 0.005304087736789632 0.06507972665148064
1 0.8748687271518777 0.4971753986332574 0.004971751412429379 0.06041002277904328
1 0.4575024925224327 0.497118451025057 0.009056164838816883 0.03296127562642369
1 0.8542605516782984 0.49906605922551256 0.004965104685942173 0.059635535307517085
1 0.8646078431372549 0.5003986332574032 0.005054835493519442 0.06230068337129841
1 0.4374426719840479 0.49896355353075167 0.008816882685277501 0.03209567198177676
1 0.8592323030907277 0.5008997722095673 0.004938517779993353 0.06330296127562642
1 0.44676802924559655 0.4993166287015945 0.009521435692921236 0.03735763097949886
1 0.6256530408773678 0.5142141230068338 0.014350282485875707 0.06715261958997722
1 0.5273379860418744 0.5251936218678815 0.009145895646394151 0.034441913439635534
1 0.7271801262878033 0.5265148063781321 0.00869724160850781 0.09175398633257403
15 0.44664838816882685 0.5274031890660592 0.008617480890661349 0.029749430523917996
15 0.4377251578597541 0.5314123006833713 0.009381854436689931 0.033211845102505695
15 0.7956895978730475 0.5309908883826879 0.004140910601528747 0.059703872437357634
15 0.7910751080093054 0.5311617312072893 0.00488202060485211 0.06004555808656036
1 0.4573944832170156 0.531127562642369 0.009504818876703224 0.02808656036446469
1 0.7046776337653705 0.5309225512528474 0.004901960784313725 0.06412300683371298
1 0.751773014290462 0.532369020501139 0.004044533067464274 0.06246013667425968
15 0.7465171153207045 0.5320501138952164 0.004832170156198072 0.06182232346241458
1 0.6962163509471585 0.5394305239179954 0.010578265204386839 0.0993621867881549
15 0.9272299767364572 0.55625284738041 0.005340644732469259 0.06466970387243735
15 0.9218344965104687 0.5551025056947608 0.004519774011299435 0.06236902050113895
15 0.9112828182120306 0.556127562642369 0.004685942173479561 0.05986332574031891
15 0.916806247922898 0.5572209567198178 0.005098039215686275 0.0620501138952164
15 0.9011083416417415 0.5566628701594533 0.004941841143236956 0.06093394077448747
1 0.5275124626121636 0.5576537585421413 0.010159521435692922 0.0310250569476082
15 0.9062994350282485 0.5573348519362187 0.004689265536723164 0.062277904328018226
15 0.8907460950481888 0.5588838268792711 0.004822200066467264 0.06082004555808656
15 0.8960086407444334 0.5599658314350797 0.004712529079428381 0.058428246013667424
15 0.8854220671319376 0.5586902050113894 0.0041442339647723495 0.06043280182232347
15 0.880383848454636 0.5595102505694761 0.004702558989697574 0.062072892938496584
15 0.8647092057161847 0.5596469248291572 0.004592888002658691 0.062346241457858775
15 0.8593037554004652 0.5610250569476082 0.004416749750747757 0.06054669703872437
15 0.8752226653373214 0.561628701594533 0.0043502824858757064 0.057198177676537586
15 0.8702392821535394 0.5616400911161731 0.005018278497839814 0.06177676537585421
15 0.8543801927550682 0.5635535307517084 0.0052043868394815555 0.05649202733485194
15 0.8492323030907278 0.5639407744874715 0.004878697241608508 0.06182232346241458
1 0.45734961781322697 0.565 0.009415088069125955 0.0320501138952164
15 0.6445629777334663 0.5831890660592255 0.004313725490196078 0.06387243735763097
15 0.6393153871718179 0.584134396355353 0.00511797939514789 0.0657630979498861
1 0.7753007643735461 0.5873120728929384 0.007231638418079097 0.1085649202733485
1 0.5273064140910602 0.5912414578587699 0.009747424393486208 0.029863325740318906
15 0.7818959787304752 0.595375854214123 0.005134596211365902 0.06546697038724374
15 0.4577567298105683 0.5956947608200456 0.008899966766367564 0.02510250569476082
1 0.4378381522100365 0.5947949886104784 0.008943170488534397 0.03241457858769932
1 0.4469042871385842 0.5950683371298405 0.009793951478896643 0.03296127562642369
9 0.5795663010967098 0.6154441913439636 0.010578265204386839 0.12382687927107061
1 0.7541724825523429 0.6150569476082004 0.006184778996344301 0.07293849658314351
15 0.7474592888002659 0.6185649202733485 0.0060518444666002 0.07084282460136675
15 0.4471203057494184 0.6264464692482915 0.009561316051844466 0.027380410022779043
1 0.5276969092721834 0.628120728929385 0.009863742107012297 0.03528473804100228
15 0.43770854104353607 0.628006833712984 0.008683948155533399 0.03050113895216401
1 0.692173479561316 0.6340318906605922 0.010468594217347957 0.04255125284738041
1 0.7202342971086739 0.6433485193621868 0.0140810900631439 0.05207289293849658
1 0.4574792289797275 0.6525740318906607 0.009674310402126952 0.029521640091116175
15 0.5272848122299767 0.661127562642369 0.00903954802259887 0.028405466970387244
1 0.919489863742107 0.6707630979498861 0.010465270854104354 0.10234624145785877
9 0.8882469258889997 0.6734168564920273 0.012452642073778664 0.09854214123006834
1 0.8638617480890661 0.6769476082004556 0.008880026586905948 0.028154897494305237
1 0.8557062146892656 0.6770615034168566 0.007856430707876371 0.1012756264236902
15 0.766746427384513 0.6825170842824602 0.009398471252907943 0.03018223234624146
1 0.9118527750083084 0.6878359908883827 0.004496510468594217 0.0635990888382688
1 0.9069973413094052 0.690626423690205 0.004755732801595214 0.064624145785877
1 0.6923612495845796 0.6981548974943053 0.010844134263875042 0.043234624145785876
1 0.8640329012961117 0.7107175398633258 0.008557660352276503 0.03191343963553531
15 0.7669242273180459 0.7185079726651481 0.009089398471252908 0.02927107061503417
15 0.7338019275506814 0.7255239179954441 0.008647391159853772 0.03419134396355353
1 0.720551678298438 0.7352619589977221 0.014715852442671984 0.04911161731207289
9 0.7437055500166168 0.7383712984054669 0.005191093386507145 0.059886104783599084
15 0.7061648388168826 0.7506378132118451 0.008541043536058491 0.029749430523917996
15 0.7668444666001993 0.7503189066059225 0.008929877035559987 0.03366742596810934
15 0.6969657693585909 0.7532232346241459 0.009418411432369558 0.030364464692482915
1 0.7554918577600532 0.7596810933940774 0.01081754735792622 0.10250569476082004
15 0.7337720172814889 0.7620728929384966 0.008587570621468926 0.03439635535307517
15 0.5290761050182785 0.7835535307517084 0.005310734463276836 0.06369020501138953
15 0.7671136590229312 0.7852619589977221 0.009468261881023595 0.030660592255125286
15 0.7059122632103689 0.7847266514806378 0.008700564971751413 0.02958997722095672
15 0.5235692921236291 0.7844305239179955 0.005596543702226653 0.06088838268792711
15 0.5008109006314391 0.7858428246013668 0.004612828182120306 0.05915717539863326
15 0.5176138251910933 0.7861503416856492 0.005649717514124294 0.06432801822323463
15 0.5116716517115321 0.7853758542141229 0.0044001329345297446 0.06277904328018223
15 0.6971884346959123 0.7876537585421411 0.00919906945829179 0.030888382687927107
15 0.45964606181455636 0.787870159453303 0.004702558989697574 0.058656036446469245
15 0.48878198737121964 0.7882004555808656 0.004483217015619807 0.05931662870159453
15 0.4827932868062479 0.7891116173120729 0.005134596211365902 0.06569476082004556
1 0.5060019940179461 0.7879840546697039 0.005024925224327018 0.06799544419134397
15 0.49489531405782655 0.788997722095672 0.0047457627118644066 0.06546697038724374
1 0.7207128614157527 0.7893963553530752 0.01503821867730143 0.05259681093394077
15 0.4767248255234297 0.7897949886104785 0.004961781322698571 0.06250569476082005
1 0.4712678630774344 0.7913895216400911 0.0046826188102359586 0.06569476082004556
15 0.46570122964440014 0.7930296127562642 0.004848786972416085 0.05986332574031891
1 0.7478963110667997 0.8066970387243736 0.004267198404785643 0.05986332574031891
15 0.7425357261548687 0.8075284738041002 0.005510136257892987 0.06608200455580866
15 0.7363559322033899 0.8116400911161731 0.004449983383183782 0.06519362186788155
1 0.7183981389165836 0.8316628701594534 0.009079428381522101 0.03690205011389521
1 0.6926769690927218 0.8376651480637813 0.010810900631439017 0.0443507972665148
1 0.8109687603855101 0.175626423690205 0.005453639082751744 0.0642369020501139
1 0.7958989697573945 0.17897494305239178 0.004559654370222666 0.07093394077448748
1 0.6892888002658691 0.1889407744874715 0.006028580923894982 0.0680865603644647
1 0.6727633765370555 0.1929157175398633 0.00488202060485211 0.0669248291571754
1 0.5773845131272848 0.20376993166287016 0.0055500166168162175 0.06585421412300684
1 0.5668876703223663 0.20314350797266517 0.005161183117314722 0.06460136674259681
1 0.5502874709205716 0.20471526195899772 0.005859089398471253 0.06318906605922552
1 0.4443519441674975 0.2160364464692483 0.005353938185443669 0.06305239179954442
1 0.42811731472249914 0.21837129840546696 0.005453639082751744 0.06772209567198177
1 0.3839863742107012 0.22310933940774486 0.004928547690262546 0.06353075170842824