1 0.6981114225648213 0.1946421845574388 0.0072950245269796776 0.06536723163841808
15 0.6616012613875263 0.2040960451977401 0.0036510161177295023 0.046610169491525424
15 0.6805746320953048 0.20567796610169492 0.0030553608969866855 0.049774011299435025
15 0.6692344078486334 0.2063747645951036 0.0035003503854239663 0.047401129943502825
15 0.6730150665732306 0.20567796610169492 0.003353188507358094 0.049774011299435025
15 0.6655273300630694 0.20825800376647835 0.003794674141555711 0.047401129943502825
15 0.683801681850035 0.20795668549905838 0.003202522775052558 0.05056497175141243
15 0.6763875262789069 0.20904896421845573 0.0037911702873160476 0.04898305084745763
15 0.5602172389628591 0.2362617702448211 0.010413454800280308 0.020546139359698682
15 0.5879344779257183 0.23556497175141242 0.009085494043447792 0.022919020715630886
15 0.5687771548703574 0.23596045197740112 0.007911702873160476 0.023709981167608286
15 0.6149667133847232 0.23753295668549904 0.008489838822704975 0.026854990583804143
15 0.5786948142957253 0.23981167608286252 0.00952697967764541 0.027645951035781543
15 0.5963822704975473 0.23884180790960452 0.00776103714085494 0.018173258003766478
15 0.6059320252277505 0.24051789077212807 0.008640504555010512 0.025291902071563087
1 0.5519919411352487 0.24730696798493407 0.0044744218640504554 0.0464030131826742
15 0.54031184302733 0.2497834274952919 0.004239663629992992 0.05135593220338983
1 0.5362876664330763 0.24893596986817326 0.0038997897687456204 0.05342749529190207
15 0.5440189208128943 0.25048022598870057 0.003945339873861247 0.04898305084745763
15 0.5479852838121935 0.2511770244821092 0.0027680448493342677 0.046610169491525424
15 0.5320497547302032 0.2513653483992467 0.004533987386124737 0.054519774011299434
1 0.6292676944639103 0.2516760828625235 0.004155571128241065 0.04007532956685499
1 0.6453416257883672 0.25438794726930325 0.003367203924316748 0.03796610169491525
1 0.6498721093202522 0.25438794726930325 0.004018920812894184 0.03796610169491525
1 0.633822704975473 0.25790018832391715 0.004155571128241065 0.04499058380414313
1 0.740635949544499 0.2599340866290019 0.0096531184302733 0.08295668549905838
15 0.6847547302032235 0.26272128060263655 0.007911702873160476 0.024500941619585687
1 0.7483058864751226 0.2627683615819209 0.0067729502452697965 0.07732580037664784
1 0.755709530483532 0.2661864406779661 0.005462508759635599 0.07662900188323916
1 0.7629957953749125 0.2663370998116761 0.007421163279607569 0.06186440677966102
1 0.6249088997897687 0.2691996233521657 0.004548002803083392 0.04499058380414313
1 0.5611370007007708 0.27098870056497176 0.008749124036440084 0.029736346516007532
15 0.8875035038542396 0.2830885122410546 0.00906447091800981 0.023804143126177027
1 0.8243570427470218 0.2865536723163842 0.008209530483531884 0.0232015065913371
15 0.9106937631394534 0.30100753295668553 0.004288717589348283 0.04457627118644068
9 0.6856517168885774 0.3038418079096045 0.020217238962859145 0.057777777777777775
1 0.8877960756832516 0.30633709981167606 0.007547302032235459 0.017570621468926555
20 0.9012999299229152 0.308210922787194 0.01142957252978276 0.07028248587570622
1 0.8473598458304133 0.31545197740112996 0.003759635599159075 0.04709981167608287
1 0.8621846531184303 0.31451977401129944 0.004677645409950946 0.04146892655367231
1 0.8569954449894883 0.3151035781544256 0.004810791871058164 0.0464030131826742
1 0.8331254379817798 0.31653483992467046 0.0040224246671338474 0.03796610169491525
1 0.7012281009110021 0.32286252354048967 0.0044183601962158375 0.05062146892655367
1 0.8872407147862649 0.32775894538606404 0.008538892782060267 0.018983050847457626
1 0.6630045550105116 0.3380979284369115 0.007158374211632796 0.07732580037664784
1 0.6706044148563419 0.34058380414312617 0.008342676944639103 0.07099811676082864
1 0.7642116327960756 0.34487758945386066 0.004947442186405045 0.045687382297551794
15 0.7687351086194814 0.3471186440677966 0.004183601962158374 0.0464030131826742
1 0.7735879467414156 0.3467608286252354 0.004078486334968465 0.045687382297551794
22 0.7830343377715487 0.3551129943502825 0.01035739313244569 0.09629001883239172
15 0.9016415557112823 0.36 0.00860896986685354 0.0232015065913371
15 0.8847564821303433 0.36030131826741996 0.009176594253679048 0.023804143126177027
15 0.9189225648213034 0.38437853107344633 0.004628591450595656 0.05312617702448211
15 0.9018027330063069 0.3856497175141243 0.009632095304835319 0.02930320150659134
15 0.8842466713384722 0.38580979284369116 0.00815697266993693 0.01832391713747646
9 0.5951121233356692 0.4075894538606403 0.05567624386825508 0.2954048964218456
1 0.7959968465311843 0.4154331450094162 0.0096531184302733 0.07380414312617702
1 0.8058899789768746 0.4161393596986817 0.011219341275402944 0.07521657250470809
1 0.8157463209530483 0.41757062146892654 0.009908899789768746 0.06677966101694915
1 0.9262105816398039 0.417316384180791 0.007291520672740014 0.07380414312617702
15 0.8226839523475824 0.4330885122410546 0.004863349684653118 0.048851224105461395
15 0.9189453398738613 0.43364406779661013 0.004674141555711282 0.03866290018832392
15 0.865562368605466 0.4465725047080979 0.003724597056762439 0.04945386064030132
1 0.8607165381920112 0.4486817325800377 0.0045444989488437285 0.04990583804143126
15 0.7784302733006306 0.4504425612052731 0.003952347582340574 0.04212806026365348
15 0.8926541695865453 0.4503954802259887 0.003948843728100911 0.045800376647834276
15 0.8410721793973371 0.4513559322033898 0.005199719691660827 0.043954802259887
15 0.7742939733707078 0.4524764595103578 0.00338822704975473 0.05372881355932203
1 0.8296215837421163 0.4532768361581921 0.0040224246671338474 0.04779661016949152
15 0.782634898388227 0.45323917137476455 0.003952347582340574 0.043954802259887
1 0.7701016117729502 0.4531544256120527 0.0048142957252978276 0.051318267419962336
1 0.8344148563419762 0.45340866290018833 0.005199719691660827 0.04429378531073446
15 0.7881166783461807 0.4556873822975518 0.004404344779257183 0.048851224105461395
1 0.8868605466012613 0.4552071563088512 0.006377014716187806 0.0780225988700565
1 0.8789558514365802 0.45699623352165725 0.005984583041345479 0.07030131826741996
1 0.8539050455501052 0.4729378531073446 0.004936930623686055 0.045687382297551794
15 0.8473160476524176 0.4748210922787194 0.005774351786965662 0.04945386064030132
1 0.8985371408549405 0.48694915254237287 0.0052032235459004905 0.04357815442561205
15 0.9030641205325858 0.48937853107344637 0.0030448493342676943 0.04090395480225988
1 0.907217939733707 0.4894161958568738 0.004344779257182902 0.048512241054613936
1 0.9258356692361598 0.49398305084745764 0.00794323756131745 0.057645951035781545
20 0.9155658724597057 0.4964971751412429 0.010529081990189208 0.0664406779661017
15 0.8727960756832516 0.5197175141242938 0.004176594253679047 0.048851224105461395
15 0.8678906797477225 0.5222128060263653 0.004176594253679047 0.05007532956685499
15 0.8411492641906096 0.5265819209039548 0.003952347582340574 0.05128060263653484
15 0.8360844428871759 0.526939736346516 0.002932725998598458 0.04822975517890772
22 0.8521723896285914 0.5268549905838041 0.012683952347582341 0.04429378531073446
1 0.9073493342676944 0.5381544256120527 0.004607568325157674 0.04429378531073446
15 0.9032147862648914 0.5398681732580038 0.004747722494744219 0.043954802259887
1 0.5635161177295025 0.563738229755179 0.008601962158374213 0.02389830508474576
15 0.07074807288016818 0.5786911487758946 0.004145059565522074 0.046271186440677965
15 0.07535564120532585 0.5797740112994351 0.0035494043447792576 0.04467043314500942
15 0.9247582340574633 0.5797834274952919 0.009292221443587947 0.01832391713747646
15 0.07946566222845129 0.5806779661016949 0.004761737911702873 0.05024482109227872
1 0.5803118430273301 0.586563088512241 0.009257182901191312 0.028116760828625235
1 0.027505255781359494 0.5869397363465161 0.01296426068675543 0.051468926553672315
1 0.5627032235459004 0.5880979284369114 0.009779257182901192 0.027419962335216572
15 0.6004817799579538 0.587834274952919 0.008251576734407849 0.02689265536723164
1 0.5920918009810792 0.5891525423728813 0.008990889978976875 0.02952919020715631
15 0.07857568325157674 0.6338323917137476 0.008587946741415558 0.02472693032015066
15 0.0877592852137351 0.6362241054613935 0.00873510861948143 0.02951035781544256
15 0.07752452697967764 0.6611770244821092 0.008587946741415558 0.019152542372881356
15 0.08750350385423966 0.6611770244821092 0.008924316748423266 0.019152542372881356
15 0.07802382620882972 0.686563088512241 0.008885774351786965 0.02472693032015066
15 0.0874281709880869 0.6883333333333334 0.008773651016117729 0.020734463276836156
15 0.07846881569726699 0.7151035781544257 0.009775753328661527 0.021544256120527305
15 0.0875770847932726 0.7140112994350282 0.009071478626489137 0.02312617702448211
1 0.07759985984583041 0.7449435028248588 0.006636299929922916 0.02849340866290019
1 0.11635423966362998 0.7864218455743879 0.010564120532585843 0.024821092278719398
1 0.09815872459705675 0.7887664783427495 0.008510861948142956 0.02574387947269303
15 0.13189733707077786 0.7894538606403013 0.01361948142957253 0.02711864406779661
1 0.08764015416958655 0.7916101694915255 0.00919761737911703 0.02389830508474576
15 0.23473020322354587 0.7918173258003767 0.011156271899088998 0.02807909604519774
1 0.22244744218640505 0.791563088512241 0.009716187806587246 0.027570621468926554
1 0.25669411352487737 0.7943220338983051 0.009533987386124737 0.033088512241054614
1 0.3183321653819201 0.7939077212806026 0.008072880168185003 0.02849340866290019
15 0.24654519971969166 0.7952636534839925 0.009558514365802384 0.03120527306967985
1 0.35517168885774353 0.7958851224105462 0.008170988086895585 0.021148775894538608
15 0.3086948142957253 0.7963653483992467 0.00912053258584443 0.029642184557438795
1 0.3678521373510862 0.7972128060263654 0.009705676243868255 0.027570621468926554
15 0.29678346180798876 0.7970150659133709 0.009124036440084093 0.023408662900188323
15 0.37985634197617374 0.7988983050847457 0.007084793272599859 0.023408662900188323
15 0.39055185704274703 0.8001318267419962 0.008153468815697267 0.029642184557438795
1 0.4286527680448493 0.8014406779661017 0.00937281009110021 0.02849340866290019
1 0.4431955150665733 0.8005178907721281 0.009025928521373511 0.02664783427495292
15 0.5032778556412053 0.803436911487759 0.007957252978276104 0.02495291902071563
15 0.4926226348983882 0.8038323917137477 0.007669936930623686 0.02574387947269303
1 0.5406885073580939 0.8066760828625236 0.00919761737911703 0.02389830508474576
1 0.6563034337771548 0.8103954802259887 0.010574632095304836 0.027570621468926554
15 0.5842659425367904 0.8120809792843691 0.009456902592852137 0.023408662900188323
15 0.66843728100911 0.8124011299435028 0.007512263489838823 0.020282485875706215
1 0.6895112123335669 0.8127401129943502 0.009716187806587246 0.02849340866290019
15 0.5607690960056061 0.8121468926553672 0.009414856341976174 0.027306967984934087
15 0.6794060967063771 0.8131826741996234 0.007725998598458304 0.021845574387947268
15 0.59677119831815 0.8150659133709981 0.008538892782060267 0.021845574387947268
1 0.8164190609670637 0.816045197740113 0.011254379817799578 0.027570621468926554
15 0.5738384723195514 0.8162335216572505 0.010325858444288717 0.024180790960451976
15 0.6187946741415556 0.8170150659133709 0.009838822704975473 0.02574387947269303
1 0.7459775753328661 0.8165536723163841 0.011927119831814997 0.024821092278719398
15 0.6064856341976174 0.8177306967984933 0.009747722494744218 0.023408662900188323
15 0.6291310441485634 0.8169491525423729 0.010189208128941835 0.021845574387947268
15 0.8562789067974773 0.8179661016949152 0.008283111422564821 0.020112994350282486
15 0.8683199018920813 0.8190583804143127 0.009940434477925718 0.026064030131826742
1 0.8455939032936229 0.8207815442561205 0.010739313244569025 0.02574387947269303
1 0.8897389628591451 0.8212806026365349 0.010732305536089698 0.022975517890772127
15 0.8795812894183601 0.8234086629001883 0.008637000700770848 0.023465160075329568