15 0.8999586776859504 0.24364349775784752 0.0027723516153268218 0.047825112107623316
15 0.912248309541698 0.24464125560538116 0.00330954169797145 0.054304932735426005
15 0.9084917355371902 0.24515695067264576 0.00330954169797145 0.04636771300448431
15 0.9161833208114201 0.24515695067264576 0.0029151014274981218 0.04636771300448431
15 0.05323253193087904 0.2447309417040359 0.0027836213373403458 0.04103139013452915
15 0.9041021788129225 0.24673766816143497 0.004297520661157025 0.054013452914798206
15 0.04925432006010519 0.24626681614349774 0.002340345604808415 0.03513452914798206
15 0.03342411720510894 0.24800448430493274 0.0029864763335837718 0.04309417040358744
15 0.04569684447783621 0.24760089686098657 0.002738542449286251 0.03780269058295964
15 0.9206273478587528 0.2490134529147982 0.003538692712246431 0.049596412556053814
15 0.041312922614575504 0.24818385650224215 0.0029864763335837718 0.03896860986547085
15 0.03730277986476333 0.2501008968609866 0.0032306536438767844 0.04280269058295964
1 0.022620210368144253 0.2557847533632287 0.015939143501126973 0.04071748878923767
1 0.2149417731029301 0.25895739910313903 0.002385424492862509 0.03809417040358744
1 0.20635048835462055 0.25913677130044843 0.0024830954169797145 0.03396860986547085
1 0.20231780616078138 0.26105381165919284 0.0026821938392186323 0.03780269058295964
1 0.18579263711495117 0.26163677130044843 0.0026897069872276486 0.03896860986547085
1 0.2188504883546206 0.2622309417040359 0.0019383921863260706 0.04015695067264574
1 0.18171675432006013 0.2609080717488789 0.002051089406461307 0.03751121076233184
1 0.19022539444027048 0.2609080717488789 0.0025394440270473328 0.03751121076233184
1 0.1941604057099925 0.2614910313901345 0.0021450037565740043 0.03867713004484305
1 0.210709992486852 0.2614910313901345 0.0021863260706235913 0.03867713004484305
1 0.19790946656649136 0.26318385650224213 0.0028812922614575506 0.03309417040358744
15 0.684969947407964 0.29624439461883406 0.004049586776859504 0.04988789237668161
15 0.6805672426746807 0.2955044843049327 0.003508640120210368 0.04840807174887892
1 0.025640495867768592 0.3046188340807175 0.008456048084147258 0.030762331838565023
1 0.7868914350112697 0.3171188340807175 0.0020323065364387678 0.03782511210762332
1 0.8154808414725769 0.318890134529148 0.002862509391435011 0.0413677130044843
1 0.7947238918106686 0.31940582959641256 0.002670924117205109 0.033430493273542604
1 0.8103024042073629 0.32013452914798207 0.0022727272727272726 0.03488789237668161
1 0.8025375657400451 0.3209080717488789 0.0025206611570247933 0.03195067264573991
1 0.8274737039819685 0.3209080717488789 0.002806160781367393 0.03195067264573991
1 0.7904489105935387 0.3221412556053812 0.003136739293764087 0.03890134529147982
1 0.8240702479338844 0.3215022421524663 0.002761081893313298 0.0331390134529148
1 0.7987190082644628 0.32081838565022425 0.002396694214876033 0.03625560538116592
1 0.8065514650638618 0.3219955156950673 0.003035311795642374 0.03860986547085202
1 0.8389462809917356 0.32326233183856506 0.002460555972952667 0.03665919282511211
1 0.8200920360631104 0.3238452914798206 0.0023178061607813673 0.03782511210762332
1 0.8319571750563486 0.32443946188340805 0.0027573253193087905 0.039013452914798206
1 0.22166228399699475 0.325762331838565 0.003054094665664914 0.046143497757847526
1 0.2256893313298272 0.32595291479820626 0.00359504132231405 0.04204035874439462
1 0.8351652892561984 0.3260538116591928 0.0024117205108940645 0.04224215246636771
1 0.5369609316303532 0.328890134529148 0.003298271975957926 0.04791479820627803
1 0.5332062359128474 0.33025784753363224 0.003302028549962434 0.04616591928251121
15 0.033042824943651385 0.3339237668161435 0.003726521412471826 0.04901345291479821
15 0.038767843726521416 0.3341816143497758 0.004658151765589783 0.054013452914798206
1 0.579297520661157 0.3352578475336323 0.006829451540195342 0.020291479820627803
15 0.5183959429000752 0.338195067264574 0.0074906085649887304 0.02616591928251121
1 0.511649135987979 0.34878923766816144 0.0030127723516153266 0.0473542600896861
1 0.9545022539444028 0.34984304932735427 0.01644252441773103 0.04049327354260089
1 0.5790758827948911 0.35771300448430493 0.006386175807663411 0.015874439461883407
1 0.5268688955672427 0.3626457399103139 0.00640495867768595 0.016771300448430494
1 0.5183395942900075 0.36767937219730945 0.008129226145755071 0.0223542600896861
1 0.7440627347858753 0.3758632286995515 0.011791885800150264 0.0387219730941704
15 0.8439631855747559 0.38477578475336327 0.004229902329075883 0.04757847533632287
1 0.17411720510894066 0.3875336322869955 0.006386175807663411 0.09345291479820628
1 0.5269252441773102 0.3865807174887892 0.005766341096919609 0.01531390134529148
15 0.03857250187828701 0.3920515695067264 0.0042674680691209615 0.05316143497757848
1 0.834104057099925 0.39540358744394616 0.012310293012772353 0.028475336322869953
15 0.5187903831705485 0.39559417040358746 0.008279489105935386 0.02437219730941704
15 0.8170360631104432 0.39801569506726453 0.008226897069872277 0.020246636771300446
9 0.2017092411720511 0.39845291479820627 0.03226897069872277 0.15116591928251122
1 0.9549211119459053 0.4007959641255605 0.01728024042073629 0.04374439461883409
1 0.8820154019534185 0.4045067264573991 0.00745679939894816 0.09600896860986548
1 0.8908940646130729 0.4069282511210763 0.005679939894815927 0.09188340807174887
1 0.907870022539444 0.4071076233183856 0.005822689706987227 0.08775784753363229
1 0.916435011269722 0.4086210762331839 0.005672426746806912 0.08630044843049328
15 0.004367017280240421 0.41000000000000003 0.004226145755071375 0.05318385650224215
1 0.899459053343351 0.410829596412556 0.005529676934635613 0.09071748878923767
1 0.9412246431254696 0.4126681614349776 0.005664913598797896 0.08542600896860987
1 0.9331404958677686 0.4120067264573991 0.005274229902329075 0.09307174887892376
1 0.9249004507888805 0.41252242152466373 0.005323065364387678 0.08513452914798206
1 0.7440063861758077 0.41868834080717493 0.012430503380916605 0.030201793721973097
1 0.7786307287753569 0.42167040358744395 0.004293764087152516 0.06755605381165919
1 0.785939143501127 0.4225896860986547 0.004635612321562735 0.06491031390134529
15 0.5184936138241923 0.42507847533632287 0.007685950413223141 0.025044843049327355
15 0.7921093163035311 0.4305269058295964 0.00345229151014275 0.0449103139013453
15 0.8362960180315552 0.4302914798206278 0.007678437265214126 0.022017937219730943
15 0.7727329075882794 0.4345739910313901 0.0030165289256198343 0.044035874439461886
1 0.8053606311044327 0.43577354260089685 0.011923365890308039 0.028497757847533636
1 0.759919233658903 0.4357511210762332 0.005187828700225394 0.06432735426008969
1 0.7664819684447783 0.4366704035874439 0.004789631855747558 0.06168161434977579
1 0.18104996243425994 0.4476121076233184 0.0037227648384673176 0.043206278026905826
1 0.9550507137490608 0.4517937219730942 0.016788129226145754 0.042600896860986545
1 0.6964444027047333 0.45441704035874436 0.011972201352366643 0.034394618834080716
15 0.518469196093163 0.4530605381165919 0.007637114951164537 0.022713004484304935
15 0.5867317806160782 0.45968609865470855 0.007422990232907589 0.022511210762331837
1 0.5955484598046581 0.4598654708520179 0.007024793388429752 0.018385650224215244
9 0.5538711495116454 0.4843385650224215 0.043129226145755074 0.2511883408071749
15 0.5180879038317056 0.485627802690583 0.008377160030052592 0.02506726457399103
1 0.7102047332832457 0.4859417040358744 0.006435011269722013 0.01672645739910314
1 0.5950262960180316 0.4891704035874439 0.006731780616078137 0.018699551569506725
15 0.5865045078888055 0.48902466367713004 0.007719759579263712 0.018408071748878926
20 0.8347389181066867 0.49091928251121075 0.011326070623591283 0.06255605381165918
15 0.7003944402704734 0.5008183856502242 0.004094665664913599 0.04647982062780269
15 0.6950619834710744 0.5014013452914798 0.003948159278737791 0.0476457399103139
15 0.5182719759579264 0.5130269058295964 0.00724267468069121 0.021569506726457396
15 0.9004132231404959 0.5144730941704037 0.008189331329827198 0.02446188340807175
1 0.7854939894815929 0.5159192825112108 0.004496619083395943 0.06322869955156951
1 0.752515026296018 0.5152578475336324 0.004654395191585274 0.0708744394618834
1 0.7926615326821939 0.5166928251121076 0.0038054094665664917 0.060291479820627804
1 0.7718726521412471 0.5167713004484304 0.004301277235161533 0.0694170403587444
1 0.7784804658151766 0.5163677130044844 0.0047445529676934635 0.06412556053811659
15 0.5866322314049587 0.5168273542600896 0.007223891810668671 0.020201793721973095
1 0.5954507888805409 0.5198318385650225 0.006829451540195342 0.017242152466367715
20 0.8051953418482344 0.5187556053811659 0.010841472577009768 0.05993273542600897
1 0.7195210368144253 0.5208632286995516 0.006284748309541698 0.09553811659192825
1 0.7280296769346356 0.5208632286995516 0.006773102930127724 0.09553811659192825
1 0.7446919609316303 0.5218273542600897 0.005537190082644628 0.08849775784753362
1 0.7363241923365891 0.5237331838565022 0.006081893313298272 0.09230941704035875
15 0.712439894815928 0.5234080717488789 0.0026408715251690458 0.04233183856502242
1 0.708209992486852 0.5255044843049327 0.0024455296769346356 0.04204035874439462
15 0.8719928625093913 0.528195067264574 0.0024380165289256198 0.0429372197309417
1 0.8928155522163788 0.526872197309417 0.003512396694214876 0.0402914798206278
1 0.16183884297520662 0.5280941704035874 0.007374154770848985 0.02031390134529148
1 0.8668369646882044 0.5288116591928251 0.004898572501878287 0.053139013452914795
1 0.8885123966942148 0.5274663677130045 0.003170548459804658 0.04147982062780269
1 0.2341923365890308 0.5290919282511211 0.008580015026296017 0.026793721973094167
1 0.910599173553719 0.52804932735426 0.0030165289256198343 0.0426457399103139
1 0.1799962434259955 0.5292713004484305 0.006874530428249437 0.022668161434977577
1 0.19810480841472577 0.5292713004484305 0.006277235161532682 0.022668161434977577
1 0.9193839218632608 0.5286434977578476 0.0033057851239669425 0.04383408071748879
1 0.18912847483095416 0.5298542600896861 0.007858752817430504 0.02383408071748879
1 0.20751314800901577 0.5298542600896861 0.007062359128474831 0.02383408071748879
1 0.2427892561983471 0.5298542600896861 0.0077422990232907584 0.02383408071748879
1 0.9065214124718256 0.5292264573991031 0.0023741547708489856 0.045
1 0.9151540195341847 0.5301457399103139 0.0031104432757325315 0.0423542600896861
1 0.269400826446281 0.5295291479820627 0.008373403456048084 0.02766816143497758
1 0.22495116453794142 0.5304484304932736 0.00888054094665665 0.025022421524663677
1 0.2519440270473328 0.5310313901345292 0.008771600300525921 0.026188340807174887
1 0.15323065364387678 0.5315470852017937 0.006686701728024043 0.018251121076233185
1 0.1707306536438768 0.5315470852017937 0.007126220886551465 0.018251121076233185
1 0.2606085649887303 0.5316255605381166 0.008820435762584523 0.02737668161434978
1 0.924267468069121 0.5309192825112108 0.0033057851239669425 0.03941704035874439
1 0.2159917355371901 0.533127802690583 0.00824192336589031 0.025896860986547088
1 0.9285293012772351 0.5320964125560538 0.0028136739293764088 0.04177130044843049
1 0.1441848234410218 0.5325784753363229 0.007377911344853494 0.02031390134529148
1 0.9333564988730277 0.5341928251121076 0.00345229151014275 0.04147982062780269
1 0.9420755071374906 0.5362892376681614 0.0028587528174305035 0.04118834080717489
15 0.764244928625094 0.537432735426009 0.003320811419984974 0.04795964125560538
15 0.7585856498873028 0.5370291479820628 0.0032719759579263714 0.04266816143497758
1 0.8825826446280991 0.5374551569506726 0.00558602554470323 0.09284753363228698
1 0.9002160030052592 0.5427242152466368 0.007794891059353869 0.022668161434977577
15 0.5187772351615326 0.5423654708520179 0.0067505634861006756 0.017466367713004485
15 0.5869290007513148 0.5472982062780269 0.007817430503380915 0.022847533632286993
1 0.5952535687453043 0.549585201793722 0.006435011269722013 0.01845291479820628
20 0.8236138241923366 0.5563340807174888 0.00936138241923366 0.05437219730941704
15 0.20726145755071376 0.558609865470852 0.007310293012772352 0.018565022421524663
15 0.17091096919609317 0.5596076233183856 0.0082381667918858 0.025044843049327355
15 0.22520285499624343 0.5596076233183856 0.008632607062359129 0.025044843049327355
15 0.2618219383921863 0.5596076233183856 0.0074906085649887304 0.025044843049327355
15 0.14444214876033057 0.5605941704035875 0.008643876784372652 0.03150224215246637
15 0.24253568745304283 0.5592040358744395 0.007986476333583773 0.019753363228699552
15 0.15306160781367392 0.5592713004484305 0.007851239669421486 0.028856502242152464
15 0.18885987978963187 0.5592713004484305 0.00882419233658903 0.028856502242152464
15 0.8763936889556725 0.5608071748878923 0.0029752066115702478 0.04089686098654708
15 0.23402704733283247 0.5607847533632287 0.007498121712997747 0.027399103139013455
15 0.25180315552216376 0.5617040358744395 0.007738542449286252 0.02475336322869955
15 0.16179939894815928 0.5603811659192826 0.008046581517655898 0.022107623318385648
15 0.269290007513148 0.5603811659192826 0.006649135987978963 0.022107623318385648
15 0.21627535687453045 0.5613004484304933 0.007306536438767844 0.01946188340807175
15 0.198454169797145 0.5628811659192825 0.008478587528174306 0.02710762331838565
15 0.18006761833208113 0.5615582959641255 0.00927122464312547 0.02446188340807175
1 0.2873253193087904 0.5668497757847534 0.005905334335086401 0.08885650224215247
1 0.27881667918858005 0.5655269058295964 0.005416979714500375 0.08621076233183857
15 0.8011476333583772 0.5681053811659192 0.007253944402704732 0.01961883408071749
15 0.5188448534936138 0.5689461883408071 0.007637114951164537 0.021300448430493273
1 0.5956048084147257 0.5745515695067265 0.006386175807663411 0.01905829596412556
15 0.5864368895567242 0.5763116591928251 0.0068332081141998504 0.02257847533632287
1 0.6881160781367394 0.5865582959641256 0.005082644628099173 0.07446188340807175
1 0.6814537941397445 0.5871412556053812 0.0052817430503380915 0.07562780269058295
15 0.17158903080390683 0.5870739910313901 0.008091660405709992 0.030650224215246637
15 0.1617129977460556 0.5879932735426009 0.00937640871525169 0.028004484304932735
15 0.25214688204357627 0.5870852017937219 0.007674680691209617 0.021704035874439462
15 0.22548647633358376 0.588408071748879 0.007697220135236663 0.024349775784753364
15 0.18012396694214877 0.5876569506726458 0.008632607062359129 0.03181614349775785
15 0.2436945905334335 0.5878139013452915 0.007299023290758828 0.023161434977578475
15 0.19793576258452292 0.5887556053811659 0.007441773102930128 0.025044843049327355
15 0.23451915852742297 0.5885538116591928 0.008482344102178812 0.024641255605381166
9 0.6990740045078888 0.5893161434977578 0.00896694214876033 0.10239910313901346
15 0.26162471825694966 0.5888789237668162 0.0070961682945154024 0.020807174887892375
15 0.14391810668670174 0.5889461883408073 0.008347107438016529 0.02094170403587444
15 0.20686138241923366 0.5896860986547086 0.007261457550713749 0.03139013452914798
15 0.18911344853493614 0.5908520179372196 0.008580015026296017 0.02475336322869955
15 0.2700788880540947 0.5909417040358744 0.008226897069872277 0.024932735426008965
15 0.21606498873027796 0.5907623318385651 0.008388429752066115 0.029058295964125562
15 0.15316867017280242 0.5912219730941705 0.007314049586776859 0.025493273542600895
9 0.8681743050338091 0.599865470852018 0.010578512396694216 0.06968609865470851
15 0.5181743050338092 0.6010762331838565 0.0070473328324568 0.022780269058295964
1 0.7193782870022539 0.6032286995515695 0.00825319308790383 0.022600896860986548
1 0.7295811419984973 0.6019058295964125 0.006870773854244928 0.019955156950672646
1 0.7927009767092412 0.6026681614349776 0.005386927122464313 0.07080717488789237
1 0.7421900826446282 0.6055829596412555 0.01105184072126221 0.027309417040358743
1 0.5954808414725771 0.6059417040358744 0.00613824192336589 0.01905829596412556
15 0.5870154019534185 0.6071188340807174 0.0064876033057851236 0.02141255605381166
20 0.7620567242674681 0.6061883408071749 0.01021412471825695 0.05094170403587444
1 0.7525450788880541 0.6162219730941704 0.003963185574755823 0.048587443946188344
1 0.5761232156273479 0.6284080717488789 0.0034861006761833205 0.05053811659192825
1 0.5797670924117205 0.6301008968609865 0.0032607062359128474 0.04495515695067265
15 0.5185687453042825 0.6314125560538116 0.007836213373403456 0.025156950672645742
1 0.5953512396694215 0.6351008968609866 0.0066303531179564236 0.01908071748878924
15 0.587137490608565 0.6347757847533633 0.006731780616078137 0.02291479820627803
4 0.9241998497370397 0.6449551569506726 0.04599549211119459 0.1015695067264574
1 0.5325788880540946 0.6532623318385651 0.0035499624342599546 0.04643497757847534
1 0.5363899323816679 0.651939461883408 0.002907588279489106 0.04378923766816144
1 0.5402141247182569 0.6525336322869955 0.0037941397445529676 0.04497757847533632
1 0.5443764087152517 0.6549551569506726 0.003102930127723516 0.04085201793721973
1 0.8690345604808414 0.6591143497757846 0.008542449286250938 0.026748878923766817
15 0.518919984973704 0.6613004484304933 0.007787377911344854 0.026636771300448434
1 0.7195398196844478 0.664439461883408 0.004068369646882043 0.05085201793721973
1 0.7814631855747559 0.664652466367713 0.0077047332832456805 0.02437219730941704
1 0.7908452291510143 0.6655717488789238 0.008437265214124719 0.021726457399103137
20 0.7439143501126972 0.6658071748878923 0.009241172051089408 0.06255605381165918
15 0.7527310293012772 0.6744955156950673 0.002832456799398948 0.05302690582959641
20 0.7615401953418482 0.6762668161434978 0.00918106686701728 0.0565695067264574
1 0.6578099173553719 0.6956502242152466 0.003072877535687453 0.04600896860986547
1 0.8002535687453043 0.7032286995515695 0.012227648384673178 0.0252914798206278
1 0.725843350864012 0.7108520179372197 0.008410969196093163 0.022600896860986548
1 0.6745135236664163 0.7110874439461883 0.0056761833208114195 0.09482062780269059
1 0.6658452291510143 0.7131838565022421 0.00637114951164538 0.09452914798206277
15 0.7621825694966191 0.7186659192825111 0.007460555972952667 0.02477578475336323
15 0.7709954921111946 0.7205044843049327 0.007806160781367393 0.019484304932735425
1 0.7115251690458302 0.7202578475336323 0.013583771600300524 0.04141255605381166
15 0.7350488354620586 0.7286098654708519 0.0035311795642374156 0.04466367713004485
20 0.7434222389181067 0.766737668161435 0.00825694966190834 0.06262331838565022
15 0.7329545454545454 0.7685762331838566 0.008358377160030052 0.021457399103139013
1 0.5440420736288505 0.7715022421524663 0.00994740796393689 0.10354260089686099
1 0.4985480841472577 0.7795627802690583 0.003858001502629602 0.052399103139013456
20 0.7113054094665664 0.7806390134529149 0.01013899323816679 0.06352017937219731
1 0.7194102178812922 0.7828363228699551 0.005311795642374155 0.04997757847533632
15 0.5029545454545454 0.781591928251121 0.003655146506386176 0.04748878923766816
15 0.5347332832456799 0.790269058295964 0.0033508640120210368 0.04690582959641256
15 0.7328136739293765 0.7957735426008969 0.007325319308790383 0.02204035874439462
1 0.4838673929376409 0.7975336322869955 0.007554470323065364 0.10179372197309416
1 0.49165664913598794 0.8008071748878924 0.007355371900826446 0.10385650224215247
15 0.5736833208114199 0.8193497757847534 0.0076220886551465064 0.019865470852017935
15 0.6218707738542449 0.8189461883408071 0.006326070623591285 0.014573991031390135
15 0.6100732531930879 0.8195291479820628 0.006773102930127724 0.015739910313901345
15 0.5845999248685199 0.8192040358744395 0.007667167543200601 0.019573991031390136
15 0.5976840721262209 0.821042600896861 0.006036814425244177 0.014282511210762332
4 0.5934429000751315 0.9324887892376681 0.09747933884297522 0.13403587443946188
1 0.025978587528174304 0.13873318385650224 0.006878287002253944 0.021860986547085202
1 0.1791848234410218 0.14571748878923765 0.0022464312546957178 0.04479820627802691
1 0.552988354620586 0.14681614349775785 0.0030465815176558978 0.04251121076233184
1 0.0684954921111946 0.14589686098654708 0.004008264462809917 0.040672645739910314
1 0.4421393688955672 0.14858744394618834 0.003737791134485349 0.046053811659192825
1 0.3040721262208866 0.14858744394618834 0.0040871525169045835 0.046053811659192825
1 0.31732344102178817 0.14917040358744396 0.003542449286250939 0.047219730941704036
1 0.05479714500375658 0.15108744394618837 0.0044102178812922615 0.0465695067264574
1 0.42850676183320807 0.1499439461883408 0.005022539444027047 0.044282511210762335
1 0.5663504883546205 0.15145739910313902 0.004226145755071375 0.04282511210762332
1 0.6905860255447032 0.15126681614349777 0.0032607062359128474 0.042443946188340805
1 0.6772370398196844 0.1518609865470852 0.003610067618332081 0.0436322869955157
1 0.8013767843726521 0.15242152466367714 0.003204357625845229 0.04475336322869956
1 0.938638241923366 0.15517937219730943 0.0034973703981968445 0.041300448430493276
1 0.9239913598797896 0.15753363228699552 0.0035048835462058604 0.04600896860986547
1 0.1936795642374155 0.16266816143497756 0.0026859504132231405 0.03834080717488789
1 0.025148384673178058 0.16428251121076232 0.007471825694966191 0.023632286995515693
15 0.09919797145003756 0.16862107623318384 0.0038054094665664917 0.041278026905829594
15 0.08367580766341097 0.16736547085201792 0.0035649887302779864 0.04773542600896861
1 0.8155015026296017 0.16859865470852017 0.002903831705484598 0.041233183856502244
15 0.08962997746055597 0.16971973094170403 0.004203606311044328 0.052443946188340806
15 0.09469196093163035 0.17123318385650224 0.0038091660405709994 0.05098654708520179
15 0.9611250939143501 0.17548206278026907 0.0033921863260706234 0.04603139013452915
1 0.9779094665664915 0.17683856502242154 0.008410969196093163 0.026322869955156952
15 0.9654845980465815 0.17665919282511208 0.0030954169797145006 0.048385650224215246
15 0.9556085649887303 0.17849775784753363 0.004380165289256198 0.04309417040358744
15 0.9694628099173553 0.1772421524663677 0.003538692712246431 0.04955156950672646
1 0.3041040570999249 0.19312780269058297 0.0033996994740796396 0.04096412556053811
1 0.3173534936138242 0.19466367713004482 0.0028512396694214876 0.035067264573991036
1 0.054924868519909846 0.1950896860986547 0.00391435011269722 0.04040358744394619
1 0.5535368144252442 0.19474215246636772 0.0033921863260706234 0.04419282511210763
1 0.17935762584522916 0.19660313901345292 0.0025920360631104433 0.038946188340807174
1 0.44201728024042075 0.19646860986547085 0.003493613824192337 0.052130044843049325
1 0.42879038317054846 0.19547085201793724 0.0040871525169045835 0.045650224215246636
1 0.06827573253193088 0.19713004484304933 0.0035687453042824945 0.04896860986547085
1 0.5667317806160782 0.19785874439461884 0.0034861006761833205 0.045941704035874435
1 0.6771130728775356 0.19869955156950675 0.0033621337340345604 0.03865470852017937
1 0.6905616078136739 0.2015358744394619 0.0032118707738542454 0.03984304932735426
1 0.8011795642374154 0.20154708520179374 0.002809917355371901 0.03538116591928251
1 0.938786626596544 0.20345291479820626 0.0037941397445529676 0.04367713004484305
1 0.022436138241923368 0.206457399103139 0.017073628850488357 0.04071748878923767
1 0.9240702479338843 0.20823991031390135 0.0029113448534936136 0.044282511210762335
1 0.19370398196844477 0.21263452914798206 0.0027347858752817433 0.03513452914798206
15 0.9803343350864012 0.21525784753363228 0.00875281743050338 0.026928251121076233
1 0.8155015026296017 0.22320627802690582 0.002903831705484598 0.03834080717488789