1 0.9591588785046729 0.5180608073582014 0.004299065420560748 0.014149207971384773
15 0.6318373831775701 0.05337506387327542 0.009095327102803738 0.005574859478794073
1 0.9596186915887851 0.5348850281042412 0.003723364485981309 0.01611650485436893
1 0.8419214953271028 0.5439550332141032 0.005338317757009345 0.01892692897291773
1 0.5386841121495327 0.05571282575370465 0.005966355140186916 0.018426162493612674
15 0.5019514018691589 0.5678640776699029 0.012500934579439252 0.00747061829330608
1 0.9722672897196262 0.5716811446090956 0.01406728971962617 0.00795094532447624
15 0.4940785046728972 0.5768242207460399 0.0034841121495327106 0.014149207971384773
9 0.5212598130841121 0.05812979049565662 0.027940186915887847 0.026326009197751663
20 0.13548598130841122 0.058129790495656614 0.025738317757009344 0.0569851814001022
15 0.5030635514018691 0.5814486458865611 0.011734579439252336 0.00602452733776188
4 0.7348280373831776 0.5815022994379152 0.03937570093457944 0.38528359734287176
4 0.8674616822429907 0.5823530914665304 0.041465420560747666 0.38085334695963213
4 0.9339028037383178 0.5830352580480327 0.044254205607476636 0.3863055697496168
4 0.6670149532710281 0.5833750638732754 0.035338317757009345 0.38289729177312215
4 0.8002728971962617 0.5843970362800204 0.040171962616822425 0.38902912621359226
4 0.6003233644859813 0.5847393970362801 0.0350392523364486 0.3856259580991313
15 0.6305457943925233 0.059583546244251405 0.008755140186915889 0.005728155339805825
1 0.4483588785046729 0.6055186509964231 0.01223177570093458 0.005109862033725089
1 0.4352130841121495 0.6062008175779254 0.011360747663551402 0.008518140010219725
1 0.4753158878504673 0.6089243740419008 0.018295327102803738 0.011921308124680632
1 0.4618598130841121 0.6145324476239142 0.004093457943925233 0.01598364844149208
15 0.5024205607476635 0.6149795605518652 0.01044859813084112 0.005636177823198773
15 0.4571794392523364 0.6194583546244251 0.0037046728971962617 0.011527848748083802
15 0.4523271028037383 0.6207690342360757 0.004467289719626168 0.014149207971384773
15 0.4945009345794392 0.6239141543178334 0.005076635514018692 0.015329586101175269
15 0.4883140186915888 0.6243587123147675 0.003917757009345795 0.015196729688298416
1 0.4264186915887851 0.6251456310679612 0.003491588785046729 0.016770567194685743
15 0.4320373831775701 0.6251328564128769 0.004261682242990655 0.0157230454777721
15 0.6407663551401869 0.06396525293817067 0.0037757009345794393 0.013469596320899335
15 0.49275514018691585 0.6483111905978538 0.0038280373831775702 0.015068983137455288
15 0.7706859813084113 0.6529841594276955 0.012400000000000001 0.00908533469596321
15 0.5097271028037383 0.654573326520184 0.004127102803738318 0.015329586101175269
15 0.6205158878504673 0.6547623914154317 0.008134579439252337 0.0054879918242207466
15 0.9049532710280374 0.655556974961676 0.010280373831775701 0.006055186509964231
15 0.11129532710280372 0.6575089422585589 0.003525233644859813 0.009959121103730198
15 0.10638691588785046 0.6573505365355136 0.00342803738317757 0.012708226877874297
15 0.18158878504672898 0.6578104241185488 0.004299065420560748 0.013628002043944815
15 0.09837009345794392 0.6576136944302504 0.005338317757009345 0.013234542667347981
1 0.1443588785046729 0.6580965763924373 0.004605607476635514 0.01624425140521206
15 0.13426168224299065 0.6586228921819111 0.004598130841121496 0.017296882984159427
1 0.13935327102803738 0.6588579458354624 0.004314018691588785 0.0157230454777721
15 0.12901682242990653 0.6593433827286663 0.0038280373831775702 0.013628002043944815
15 0.12387663551401869 0.6598926928972918 0.004014953271028038 0.016770567194685743
15 0.9049813084112149 0.6625217169136434 0.009588785046728972 0.005677056719468574
1 0.23605607476635515 0.6623684210526316 0.011551401869158878 0.0053704649974450685
15 0.7061551401869158 0.6635436893203884 0.01193644859813084 0.005677056719468574
15 0.6387570093457944 0.6635820132856414 0.01022429906542056 0.004731732243229433
1 0.22385981308411218 0.6637838528359735 0.011831775700934579 0.006157383750638733
15 0.6208205607476636 0.6638477261113951 0.00799626168224299 0.008329075114971897
15 0.6875252336448598 0.663883495145631 0.008321495327102805 0.0073786407766990286
9 0.6067476635514019 0.06653551354113439 0.032934579439252334 0.04722534491568728
15 0.8387364485981308 0.6667041389882473 0.010183177570093457 0.005866121614716403
15 0.5076654205607477 0.6720771589167093 0.003742056074766355 0.015590189064895248
15 0.8387364485981308 0.673196218702095 0.010183177570093457 0.004542667347981605
15 0.1291607476635514 0.67486969851814 0.00411588785046729 0.014021461420541646
15 0.13457757009345794 0.6746729688298416 0.0037345794392523364 0.013628002043944815
15 0.1180373831775701 0.6755365355135412 0.004299065420560748 0.011267245784363823
15 0.12331028037383178 0.6763234542667348 0.003629906542056075 0.012841083290751149
20 0.45645981308411215 0.678719979560552 0.03815327102803739 0.0820183955033214
1 0.20085420560747663 0.6792309657639244 0.003951401869158879 0.015590189064895248
20 0.4162635514018692 0.6796371997956054 0.03850841121495327 0.08385283597342871
1 0.20780747663551402 0.680687276443536 0.006642990654205608 0.019524782830863566
1 0.8388186915887851 0.6807843638221769 0.011842990654205608 0.0064333163004598876
15 0.1447607476635514 0.682455288707205 0.003166355140186916 0.012841083290751149
15 0.13962056074766355 0.6836203372508942 0.0033532710280373833 0.014149207971384773
1 0.1743981308411215 0.6846295350025549 0.004871028037383178 0.018211548288196218
1 0.1689233644859813 0.6850613183444046 0.004388785046728972 0.01703117015840572
1 0.17993084112149532 0.6857307102708227 0.006216822429906542 0.019391926417986715
9 0.2284803738317757 0.6859146653040368 0.03154018691588785 0.034067450178845174
1 0.6392560747663552 0.6867833418497701 0.012717757009345796 0.007189575881451201
4 0.9835514018691589 0.6870209504343383 0.03289719626168224 0.21410321921308126
15 0.18931028037383177 0.6948364844149209 0.011517757009345793 0.006944302503832396
20 0.36493457943925234 0.6963311190597854 0.0382803738317757 0.0804496678589678
15 0.20131588785046728 0.6961854879918242 0.01085607476635514 0.007598364844149208
20 0.3269663551401869 0.6969851814001022 0.038605607476635516 0.08175779253960143
1 0.7057121495327102 0.6993689320388349 0.011798130841121494 0.006811446090955544
15 0.14495327102803737 0.7051992846193152 0.0035514018691588786 0.013362289218191109
15 0.22088785046728973 0.7078589678078692 0.013364485981308412 0.0064179867143587125
1 0.2368822429906542 0.7085155850792029 0.013951401869158879 0.007731221257026061
1 0.5243401869158878 0.7295043433827287 0.012418691588785046 0.005763924374041901
1 0.9048149532710281 0.7300281042411855 0.013742056074766354 0.006811446090955544
1 0.7719046728971962 0.7316555952989269 0.011846728971962617 0.007000510986203372
15 0.48196635514018693 0.7352427184466019 0.010661682242990654 0.004977005620848237
15 0.6312485981308411 0.0740929994890138 0.01090841121495327 0.005109862033725089
15 0.481803738317757 0.7410730710270823 0.012579439252336448 0.0064179867143587125
1 0.3160467289719626 0.7438247317322432 0.012280373831775701 0.006811446090955544
1 0.4816392523364486 0.7479662749105774 0.010755140186915887 0.005896780786918753
1 0.5312635514018692 0.0755799693408278 0.009816822429906542 0.006039856923863056
1 0.5203495327102804 0.07561062851303015 0.011166355140186917 0.007123147675012775
15 0.48240747663551403 0.7547266223811957 0.01229158878504673 0.005109862033725089
15 0.48198504672897197 0.7607920286152273 0.012194392523364486 0.004977005620848237
1 0.4049177570093458 0.7605058763413387 0.007592523364485981 0.01769034236075626
1 0.5367570093457944 0.7622202350536535 0.01108411214953271 0.006811446090955544
9 0.508418691588785 0.766060296371998 0.038893457943925236 0.05945835462442514
1 0.48254205607476636 0.7681553398058252 0.011813084112149532 0.0064179867143587125
15 0.4689327102803738 0.7700306591722024 0.004033644859813084 0.013234542667347981
1 0.47367102803738315 0.770240163515585 0.005285981308411215 0.014675523760858455
1 0.38972897196261685 0.7703704649974451 0.011607476635514018 0.004716402657128258
1 0.36525607476635513 0.771300459887583 0.006026168224299066 0.017818088911599386
1 0.30630093457943924 0.07760858456821666 0.00400373831775701 0.013163004598875832
1 0.4816785046728972 0.7737634133878386 0.010085981308411216 0.0053704649974450685
1 0.45245046728971966 0.7749310168625447 0.005461682242990654 0.016903423607562595
15 0.03984859813084112 0.07808891159938681 0.012407476635514017 0.006969851814001022
1 0.48121869158878505 0.779777721001533 0.010661682242990654 0.006157383750638733
15 0.3881364485981309 0.7809580991313235 0.003936448598130841 0.013628002043944815
15 0.39328411214953274 0.7817961165048544 0.00451214953271028 0.014282064384261625
1 0.29986355140186916 0.07863055697496167 0.006829906542056075 0.01827286663260092
1 0.48229158878504674 0.7868650996423097 0.010564485981308411 0.00602452733776188
1 0.5366710280373832 0.7896039856923863 0.01165981308411215 0.0053704649974450685
9 0.4295345794392524 0.7906974961676034 0.03962990654205608 0.06070005109862034
15 0.7186336448598131 0.7921052631578948 0.012220560747663551 0.008329075114971897
1 0.7547700934579439 0.7964946346448646 0.004493457943925233 0.01608584568216658
15 0.38785794392523365 0.796430761369443 0.004127102803738318 0.014936126724578436
1 0.3201140186915888 0.07986969851814002 0.006957009345794392 0.020751149718957588
15 0.3935719626168225 0.7978334184977005 0.00508785046728972 0.014675523760858455
1 0.7433140186915888 0.798048032703117 0.0047588785046728975 0.01817066939192642
1 0.7485925233644859 0.7986893203883496 0.005596261682242991 0.01740929994890138
1 0.5564542056074767 0.08078180889115993 0.007114018691588785 0.01950945324476239
1 0.33641495327102805 0.8032166581502299 0.013390654205607477 0.00602452733776188
1 0.45318878504672894 0.8069519672968829 0.004695327102803739 0.01860500766479305
1 0.7374429906542056 0.8113515585079203 0.005727102803738318 0.015140521205927439
1 0.6306803738317757 0.0815406234031681 0.00977196261682243 0.007741440981093511
15 0.3253196261682243 0.8126264690853346 0.004657943925233645 0.012580480327031171
15 0.5376878504672897 0.8156004087889628 0.010702803738317756 0.005242718446601942
1 0.7444785046728972 0.8238042922841083 0.005592523364485982 0.015518650996423097
15 0.7346448598130841 0.8246371997956056 0.012093457943925235 0.004920797138477261
15 0.31854018691588787 0.8270899335717936 0.004557009345794392 0.014936126724578436
9 0.3426691588785047 0.8285258048032703 0.026646728971962616 0.043357179356157384
15 0.7336485981308412 0.8292539601430761 0.010848598130841122 0.007000510986203372
1 0.2967158878504673 0.8422355646397548 0.005020560747663551 0.015590189064895248
9 0.9703196261682243 0.8448467041389882 0.022134579439252337 0.021834440470107304
1 0.8022654205607477 0.8450204394481349 0.012007476635514018 0.008896269800715381
1 0.542796261682243 0.8456029637199796 0.004471028037383178 0.014149207971384773
9 0.14966915887850468 0.8460858456821666 0.025693457943925236 0.03964230965763924
1 0.5055457943925233 0.8499923352069494 0.012213084112149534 0.007598364844149208
1 0.5217794392523365 0.8502146142054164 0.00954018691588785 0.004977005620848237
1 0.8025140186915888 0.8529688298415943 0.013252336448598133 0.009463464486458866
9 0.6213943925233645 0.8542769545222278 0.059985046728971966 0.1091670924885028
1 0.5205140186915888 0.8562544711292795 0.012990654205607476 0.007858967807869188
1 0.5059102803738318 0.8566096065406233 0.011446728971962618 0.005503321410321921
1 0.2526766355140187 0.0857230454777721 0.0044186915887850465 0.016106285130301483
15 0.9638186915887851 0.8601405212059274 0.012123364485981308 0.0064333163004598876
1 0.8030691588785047 0.8608226877874298 0.014362616822429907 0.009841594276954522
15 0.9753271028037384 0.8620516096065407 0.010467289719626169 0.007189575881451201
9 0.8292672897196262 0.8627158916709249 0.035357009345794395 0.04939703628002044
15 0.056280373831775705 0.0866504854368932 0.011626168224299066 0.007741440981093511
1 0.26210467289719624 0.08628002043944813 0.005330841121495327 0.015176290240163516
1 0.5066205607476636 0.8642360756259581 0.0121196261682243 0.00747061829330608
1 0.2197495327102804 0.08695963208993357 0.005854205607476635 0.018579458354624424
1 0.23254392523364484 0.08705416453755749 0.006770093457943925 0.016724578436382215
1 0.802818691588785 0.8706642820643843 0.013114018691588784 0.00908533469596321
1 0.22730841121495327 0.08736331119059786 0.006766355140186917 0.01734287174246295
1 0.27390093457943926 0.08779764946346448 0.004998130841121495 0.017189575881451202
1 0.2858448598130841 0.08801226366888094 0.0042130841121495325 0.014552887072049055
1 0.29270280373831775 0.08810679611650486 0.006714018691588786 0.01780786918753194
1 0.24567289719626167 0.08822943280531426 0.006112149532710281 0.01703117015840572
15 0.6307271028037383 0.08835462442514051 0.011360747663551402 0.006039856923863056
1 0.8033177570093458 0.8810347470618293 0.015607476635514018 0.010408788962698007
1 0.3997943925233645 0.08942258559018906 0.005570093457943926 0.015329586101175269
1 0.506966355140187 0.8893382728666326 0.013558878504672899 0.007598364844149208
1 0.802652336448598 0.88973939703628 0.013528971962616822 0.0073786407766990286
1 0.830547663551402 0.8951354113438937 0.011749532710280374 0.00795094532447624
1 0.5063514018691588 0.8972381195707716 0.01307663551401869 0.00602452733776188
1 0.8171252336448598 0.8981630045988758 0.005091588785046728 0.01400613183444047
1 0.8460168224299065 0.8981630045988758 0.004557009345794392 0.01400613183444047
1 0.8126785046728972 0.8984644864588657 0.005917757009345794 0.016653040367910068
1 0.8222224299065422 0.8985411343893714 0.004818691588785047 0.014762391415431784
1 0.8411009345794394 0.8986535513541134 0.005940186915887851 0.01703117015840572
15 0.8514467289719626 0.899070005109862 0.0034542056074766355 0.016842105263157894
1 0.5062560747663551 0.9045247828308636 0.012885981308411214 0.0062902401635155855
1 0.8281084112149533 0.9072457843638222 0.00537570093457944 0.016842105263157894
1 0.8052822429906542 0.9071895758814511 0.007573831775700935 0.020817577925396014
1 0.834203738317757 0.9078513030148185 0.006351401869158878 0.01703117015840572
1 0.5066785046728972 0.911821665815023 0.012983177570093457 0.007598364844149208
15 0.844203738317757 0.912733776188043 0.010650467289719625 0.0073786407766990286
1 0.818788785046729 0.9129994890137967 0.012157009345794393 0.005866121614716403
1 0.38699999999999996 0.09148185998978027 0.004654205607476636 0.013316300459887583
1 0.3386448598130841 0.09272100153295862 0.004392523364485981 0.015794583546244252
1 0.3468728971962617 0.09315533980582524 0.0044 0.0156412876852325
1 0.3774691588785047 0.09330863566683699 0.0057794392523364485 0.015947879407256005
1 0.4442168224299065 0.09333929483903934 0.004695327102803739 0.01703117015840572
15 0.4289532710280374 0.09394481349003576 0.010803738317757008 0.004956566172713337
1 0.3681663551401869 0.094052120592744 0.007360747663551402 0.016412876852324985
1 0.35577943925233646 0.09507409299948902 0.005764485981308411 0.016412876852324985
1 0.14722242990654205 0.09546244251405211 0.006594392523364486 0.017189575881451202
15 0.4172242990654206 0.09558507920286152 0.009775700934579438 0.006193152784874808
15 0.6317009345794392 0.09601941747572815 0.011813084112149532 0.006039856923863056
1 0.13440560747663552 0.09666836995401125 0.004885981308411215 0.018579458354624424
1 0.12134953271028037 0.0978308635666837 0.004194392523364486 0.015794583546244252
1 0.12774205607476635 0.09786152273888604 0.0035214953271028035 0.01687787429739397
15 0.670581308411215 0.10043178334184977 0.005835514018691588 0.014864588656106285
15 0.4289308411214954 0.10108329075114972 0.010011214953271029 0.006969851814001022
1 0.5931028037383177 0.1014384261624936 0.007140186915887851 0.01687787429739397
1 0.6059084112149533 0.10162493612672457 0.006583177570093458 0.01827286663260092
1 0.1122392523364486 0.10146908533469595 0.006908411214953271 0.0128513030148186
1 0.600196261682243 0.10136177823198773 0.004878504672897197 0.016724578436382215
1 0.08823738317757009 0.10140776699029126 0.00451214953271028 0.015794583546244252
1 0.6205495327102803 0.10182677567705672 0.006706542056074767 0.017654573326520182
1 0.08109719626168224 0.10215125191619825 0.005185046728971962 0.016259580991313236
1 0.10469158878504674 0.10249105774144097 0.004523364485981308 0.017961165048543688
15 0.6572654205607477 0.10349770056208482 0.00537196261682243 0.014864588656106285
1 0.09570467289719625 0.1036075625958099 0.005988785046728972 0.016106285130301483
15 0.661607476635514 0.10433316300459888 0.0058317757009345795 0.013469596320899335
1 0.06475887850467289 0.10455033214103218 0.016620560747663552 0.010838017373530915
15 0.24867476635514021 0.10487480838017374 0.004639252336448598 0.014552887072049055
15 0.25349158878504674 0.10445835462442514 0.003057943925233645 0.012698007153806848
15 0.173592523364486 0.11336228921819111 0.004007476635514019 0.015176290240163516
15 0.14959065420560747 0.11361011752682677 0.005349532710280374 0.013628002043944815
15 0.17742242990654206 0.11491057741440981 0.0034429906542056076 0.013163004598875832
15 0.31109345794392523 0.11552887072049055 0.005364485981308411 0.014399591211037302
15 0.31593271028037384 0.1172176801226367 0.004575700934579439 0.014711292795094533
15 0.6526654205607477 0.1200817577925396 0.00514392523364486 0.015329586101175269
15 0.6571757009345794 0.12009708737864078 0.005940186915887851 0.013316300459887583
15 0.6633177570093458 0.12056208482370975 0.004018691588785046 0.01424629535002555
15 0.6820616822429907 0.12125958099131323 0.005618691588785046 0.0156412876852325
15 0.11562616822429907 0.12149207971384772 0.003962616822429907 0.016106285130301483
15 0.11047102803738318 0.12138221768012263 0.004867289719626168 0.014864588656106285
15 0.9525327102803739 0.12698007153806848 0.010485981308411215 0.007664793050587634
1 0.9517831775700935 0.13421819110884006 0.010482242990654205 0.004767501277465508
1 0.7721028037383177 0.1340648952478283 0.01 0.0065048543689320395
1 0.7846934579439252 0.13456055186509963 0.01125607476635514 0.008518140010219725
15 0.9516598130841122 0.14171435871231475 0.011730841121495326 0.007496167603474706
1 0.7107214953271028 0.14239397036280022 0.00536822429906542 0.01703117015840572
1 0.7064485981308412 0.14244251405212058 0.0035514018691588786 0.016106285130301483
15 0.7012242990654206 0.14304547777210017 0.005065420560747664 0.01424629535002555
15 0.9514093457943925 0.14716402657128258 0.011229906542056075 0.0061318344404701075
1 0.9516598130841122 0.15355135411343893 0.011730841121495326 0.005620848237097598
15 0.7066130841121495 0.15914920797138477 0.00462803738317757 0.015794583546244252
15 0.7119158878504673 0.1598313745528871 0.0032710280373831778 0.014092999489013797
1 0.9517831775700935 0.16036535513541134 0.010482242990654205 0.006985181400102197
1 0.7730785046728973 0.16589933571793564 0.01045607476635514 0.006811446090955544
1 0.9514728971962617 0.16811446090955545 0.012104672897196262 0.007153806847215125
15 0.786392523364486 0.16932294328053143 0.01091588785046729 0.0065048543689320395
15 0.7738261682242991 0.17235820132856414 0.01045607476635514 0.00542156361778232
4 0.8417757009345794 0.17339550332141035 0.03570093457943925 0.2568574348492591
4 0.903603738317757 0.17526826775677057 0.03150654205607477 0.2616249361267246
15 0.7861663551401868 0.17793050587634132 0.010463551401869157 0.0063464486458865614
15 0.7738018691588785 0.17824220746039857 0.00965981308411215 0.006969851814001022
15 0.7844672897196261 0.18457332652018393 0.010803738317757008 0.0063464486458865614
1 0.9689869158878505 0.18633878385283598 0.011992523364485981 0.006811446090955544
15 0.7851682242990653 0.19357179356157383 0.009214953271028037 0.006969851814001022
15 0.9690485981308411 0.1941747572815534 0.009872897196261683 0.0061318344404701075
1 0.9654953271028037 0.20652273888605008 0.005009345794392523 0.017542156361778232
1 0.9724130841121496 0.20856668369954012 0.004639252336448598 0.015498211548288196
15 0.7711514018691589 0.2207307102708227 0.010340186915887851 0.007123147675012775
15 0.7842168224299066 0.22128768523249873 0.009555140186915887 0.006193152784874808
15 0.7979420560747663 0.24076647930505876 0.013080373831775701 0.008359734287174247
15 0.778822429906542 0.24821665815022995 0.011476635514018691 0.0058865610628513025
1 0.7982355140186916 0.24840061318344406 0.012171962616822431 0.007276443536024527
15 0.7777345794392524 0.25414665304036793 0.010796261682242991 0.0065048543689320395
15 0.44342056074766356 0.2542360756259581 0.0038504672897196265 0.011793561573837506
15 0.4478205607476636 0.2541313234542667 0.004426168224299066 0.013628002043944815
1 0.16297570093457944 0.2542871742462953 0.00445607476635514 0.01598364844149208
15 0.35512897196261684 0.2545094532447624 0.004463551401869159 0.013362289218191109
15 0.47035514018691593 0.25465508431272355 0.0046355140186915885 0.014675523760858455
15 0.43410841121495325 0.2550204394481349 0.0031700934579439255 0.013362289218191109
15 0.4392093457943925 0.25515329586101176 0.003652336448598131 0.013628002043944815
15 0.31931401869158876 0.25527082268778745 0.003861682242990654 0.012841083290751149
15 0.4019794392523365 0.2552835973428717 0.003958878504672897 0.013888605007664792
15 0.4522897196261682 0.2550485436893204 0.002897196261682243 0.015462442514052122
15 0.3976654205607477 0.2554394481349003 0.0028074766355140187 0.01624425140521206
15 0.3240897196261682 0.255873786407767 0.004441121495327103 0.015068983137455288
15 0.36022990654205606 0.256004087889627 0.004945794392523364 0.015329586101175269
15 0.4752261682242991 0.2558329075114972 0.005405607476635515 0.01703117015840572
15 0.18905794392523365 0.2577210015329586 0.0042841121495327105 0.014675523760858455
15 0.19382429906542056 0.25803525804803273 0.004097196261682244 0.014282064384261625
15 0.225803738317757 0.2582064384261625 0.004504672897196262 0.012580480327031171
15 0.230003738317757 0.2583622892181911 0.003932710280373832 0.014936126724578436
1 0.07950841121495328 0.2701941747572815 0.014717757009345793 0.005896780786918753
15 0.9403383177570094 0.2724220746039857 0.009274766355140187 0.005242718446601942
1 0.5934654205607477 0.27268267756770564 0.012351401869158878 0.005763924374041901
15 0.07885607476635514 0.27798926928972917 0.011170093457943925 0.006157383750638733
1 0.6266485981308412 0.27881451200817575 0.01142803738317757 0.005763924374041901
15 0.9406261682242991 0.279404701073071 0.009850467289719627 0.006944302503832396
1 0.0655644859813084 0.2796525293817067 0.010007476635514018 0.0064179867143587125
1 0.5972822429906542 0.2807537046499744 0.011013084112149534 0.007598364844149208
15 0.08713831775700935 0.28134389371486973 0.004557009345794392 0.013888605007664792
1 0.5820448598130841 0.28254982115482885 0.011192523364485982 0.008124680633622892
1 0.6113439252336449 0.2825753704649974 0.009977570093457944 0.005109862033725089
1 0.6618205607476635 0.2828513030148186 0.012986915887850468 0.006683699540112417
1 0.6358542056074766 0.2859683188553909 0.011147663551401869 0.005763924374041901
1 0.07888411214953271 0.28609862033725086 0.009730841121495328 0.00602452733776188
1 0.06617009345794392 0.2864665304036791 0.009723364485981309 0.004716402657128258
1 0.941211214953271 0.28662493612672457 0.01176822429906542 0.0070771589167092485
15 0.6239626168224299 0.2871870209504343 0.009794392523364486 0.006157383750638733
1 0.6359981308411216 0.29236331119059783 0.011435514018691589 0.0062902401635155855
15 0.049971962616822435 0.29355390904445583 0.0042429906542056075 0.014803270311701583
15 0.6236373831775701 0.29413132345426674 0.009891588785046729 0.004716402657128258
15 0.9410579439252336 0.29414409810935105 0.010714018691588785 0.005763924374041901
15 0.04558130841121496 0.29520694941236586 0.004433644859813084 0.014021461420541646
15 0.05520747663551402 0.2956642820643843 0.004246728971962616 0.014936126724578436
1 0.5665682242990654 0.2955467552376086 0.010893457943925234 0.005503321410321921
15 0.6233214953271028 0.29983137455288705 0.010755140186915887 0.005896780786918753
15 0.9411532710280374 0.3001073071027082 0.010904672897196262 0.00747061829330608
1 0.6359495327102803 0.2999361267245784 0.011338317757009345 0.009172202350536535
15 0.5668 0.3030940214614205 0.010609345794392523 0.0062902401635155855
1 0.6237719626168224 0.3071819110884006 0.009413084112149533 0.0062902401635155855
1 0.6900878504672897 0.30757537046499744 0.011951401869158879 0.0070771589167092485
15 0.5668 0.3098543689320388 0.010609345794392523 0.005503321410321921
15 0.7224785046728972 0.3099718957588145 0.004209345794392523 0.014936126724578436
15 0.7435158878504673 0.3099718957588145 0.004414953271028038 0.014936126724578436
1 0.708747663551402 0.3101021972406745 0.005158878504672898 0.015196729688298416
15 0.6813514018691589 0.31066683699540115 0.004945794392523364 0.014282064384261625
15 0.7315981308411216 0.31066683699540115 0.004504672897196262 0.014282064384261625
15 0.7377626168224299 0.31137455288707205 0.004123364485981308 0.014675523760858455
1 0.7508616822429907 0.31164793050587636 0.004900934579439252 0.01624425140521206
1 0.7561831775700935 0.3117680122636689 0.004328971962616822 0.015462442514052122
1 0.9413084112149532 0.3148058252427185 0.011962616822429906 0.0184721512519162
15 0.5662242990654206 0.3162468063362289 0.009457943925233645 0.00602452733776188
1 0.5667700934579439 0.32287685232498725 0.012044859813084112 0.004977005620848237
1 0.6504579439252336 0.3235462442514052 0.01269158878504673 0.007337761880429228
15 0.7185102803738318 0.32340061318344404 0.011973831775700935 0.00602452733776188
9 0.5950242990654205 0.3237812979049566 0.039394392523364484 0.07219213081246806
1 0.5099009345794392 0.3254190086867655 0.015689719626168223 0.009039345937659683
1 0.1516728971962617 0.326152273888605 0.012504672897196263 0.0064179867143587125
15 0.5955607476635514 0.03326009197751661 0.0053271028037383174 0.014399591211037302
1 0.6016579439252336 0.033198773633111904 0.005558878504672897 0.01734287174246295
15 0.6814859813084112 0.3276852324987225 0.004467289719626168 0.016637710781808892
15 0.7519252336448599 0.32811957077158915 0.0040373831775700935 0.015462442514052122
15 0.7378598130841122 0.3287991824220746 0.004317757009345794 0.013755748594787941
15 0.7437570093457944 0.32856412876852326 0.004897196261682243 0.015329586101175269
15 0.7322504672897197 0.32851047521716914 0.004314018691588785 0.01624425140521206
1 0.6754261682242991 0.328643331630046 0.005805607476635514 0.016509964230965766
1 0.7599813084112149 0.32944302503832396 0.005196261682242991 0.014021461420541646
15 0.5668859813084113 0.3298492590700051 0.010033644859813085 0.005636177823198773
15 0.6228990654205608 0.3318267756770567 0.010657943925233646 0.005503321410321921
15 0.635 0.3322330097087378 0.010186915887850468 0.007337761880429228
9 0.08148785046728972 0.33401379662749103 0.04185420560747663 0.08345937659683189
1 0.5039364485981308 0.33401379662749103 0.013480373831775702 0.006811446090955544
15 0.56683738317757 0.33567961165048543 0.00993644859813084 0.0070771589167092485
1 0.6468336448598131 0.33899335717935614 0.01067663551401869 0.006550843127235565
15 0.6214803738317757 0.3386663260091977 0.00931588785046729 0.005896780786918753
15 0.6351925233644861 0.33963464486458866 0.01057196261682243 0.006811446090955544
1 0.5033607476635514 0.3400817577925396 0.01232897196261682 0.006683699540112417
15 0.5664056074766355 0.34242718446601944 0.009072897196261682 0.005242718446601942
15 0.6222859813084112 0.34499489013796625 0.010179439252336449 0.0062902401635155855
1 0.6468803738317757 0.34543944813490035 0.010770093457943926 0.006157383750638733
15 0.6350953271028038 0.3464103219213081 0.010377570093457944 0.0070771589167092485
15 0.5665009345794393 0.34947623914154313 0.00926355140186916 0.0070771589167092485
15 0.6352878504672897 0.3519110884006132 0.010762616822429906 0.007858967807869188
15 0.38146542056074767 0.3521231476750128 0.0048 0.014414920797138478
1 0.622773831775701 0.35240929994890136 0.011902803738317758 0.006811446090955544
1 0.6471682242990654 0.35240929994890136 0.011345794392523366 0.006811446090955544
1 0.37258504672897197 0.35432294328053143 0.004983177570093458 0.016770567194685743
15 0.04236822429906542 0.3542973939703628 0.00548411214953271 0.014675523760858455
15 0.5667308411214954 0.3562876852324987 0.00897570093457944 0.0053704649974450685
15 0.7435327102803738 0.03573837506387328 0.002953271028037383 0.01424629535002555
15 0.7395551401869158 0.03598620337250894 0.003970093457943925 0.01780786918753194
1 0.26073271028037387 0.36091466530403676 0.013054205607476636 0.00747061829330608
1 0.6237046728971963 0.3610449667858968 0.011521495327102805 0.007731221257026061
15 0.5665009345794393 0.36194941236586614 0.00926355140186916 0.0034082779764946346
15 0.7485532710280374 0.03676034747061829 0.004770093457943925 0.01424629535002555
15 0.5751308411214953 0.36886561062851303 0.004093457943925233 0.015196729688298416
15 0.4956317757009346 0.3689448134900358 0.011076635514018692 0.006157383750638733
1 0.6515607476635514 0.3691287685232499 0.011158878504672898 0.005503321410321921
15 0.5669327102803738 0.36891926417986715 0.010127102803738318 0.004062340316811446
15 0.5073588785046729 0.36950945324476236 0.010605607476635514 0.005242718446601942
1 0.8598598130841122 0.369665304036791 0.01280373831775701 0.007598364844149208
15 0.27566168224299065 0.37489269289729177 0.010762616822429906 0.006811446090955544
15 0.26374205607476636 0.37539090444558 0.010848598130841122 0.005763924374041901
15 0.5660317757009345 0.3756923863055698 0.009072897196261682 0.004322943280531426
15 0.1404336448598131 0.3761650485436893 0.010960747663551401 0.0062902401635155855
1 0.8084822429906542 0.3761113949923352 0.012478504672897198 0.007204905467552376
1 0.6294560747663551 0.37633367399080225 0.004332710280373832 0.014803270311701583
1 0.6245476635514019 0.37704138988247315 0.004235514018691589 0.015196729688298416
15 0.6227028037383178 0.03812212570260603 0.011013084112149534 0.005728155339805825
1 0.5871420560747663 0.03815278487480838 0.011667289719626169 0.006811446090955544
1 0.6185738317757009 0.3786152273888605 0.004998130841121495 0.01834440470107307
15 0.4887364485981308 0.3814716402657128 0.005510280373831776 0.016903423607562595
15 0.5716990654205608 0.3820873786407767 0.00994018691588785 0.00484925907000511
15 0.558014953271028 0.38215125191619825 0.0035065420560747664 0.015196729688298416
15 0.27769532710280376 0.38288707204905464 0.012586915887850467 0.00747061829330608
15 0.050614953271028044 0.38411854879918245 0.0032859813084112144 0.014021461420541646
15 0.045388785046728976 0.38466785896780786 0.004048598130841121 0.012054164537557486
1 0.48360747663551407 0.3876417986714359 0.006467289719626169 0.014936126724578436
1 0.2946953271028037 0.3903398058252427 0.011446728971962618 0.00602452733776188
15 0.5631738317757009 0.393773633111906 0.004852336448598131 0.014936126724578436
1 0.5698186915887851 0.3942846193152785 0.005431775700934579 0.014936126724578436
1 0.5752747663551402 0.39517629024016354 0.004381308411214953 0.014675523760858455
1 0.8408242990654206 0.3966555952989269 0.004639252336448598 0.015590189064895248
15 0.2956841121495327 0.397899846704139 0.011928971962616823 0.007858967807869188
15 0.505585046728972 0.39775677056719466 0.010796261682242991 0.006550843127235565
1 0.43429158878504676 0.40227644353602454 0.012508411214953271 0.0053704649974450685
1 0.7541831775700935 0.40553398058252427 0.0040672897196261685 0.014951456310679612
15 0.4345775700934579 0.411486969851814 0.009342056074766354 0.0064179867143587125
1 0.9763607476635514 0.41588911599386813 0.004310280373831775 0.01624425140521206
20 0.9669514018691588 0.4164537557485948 0.012407476635514017 0.020439448134900357
1 0.5666672897196262 0.4233316300459888 0.013334579439252337 0.008645886561062853
1 0.5109831775700935 0.4333955033214103 0.00514392523364486 0.016509964230965766
1 0.5662841121495327 0.4380735820132856 0.01256822429906542 0.00747061829330608
1 0.5823943925233644 0.04492079713847726 0.011891588785046729 0.006039856923863056
15 0.45757757009345795 0.4459070005109862 0.009734579439252336 0.005763924374041901
20 0.1748 0.045337250894225856 0.04231028037383178 0.03344404701073071
15 0.47318878504672895 0.45260347470618295 0.009555140186915887 0.00484925907000511
1 0.4609719626168224 0.4532447623914154 0.012037383177570095 0.005109862033725089
15 0.6305009345794392 0.04558507920286152 0.01090841121495327 0.0063464486458865614
1 0.5759196261682243 0.4566504854368932 0.005671028037383177 0.01703117015840572
1 0.25766542056074765 0.4575958099131323 0.005424299065420561 0.015855901890648953
1 0.46031028037383176 0.4601226366888094 0.011461682242990654 0.008645886561062853
15 0.4734766355140187 0.46029381706693917 0.010130841121495327 0.006944302503832396
1 0.6428971962616823 0.46136688809402143 0.005794392523364486 0.01624425140521206
15 0.4481046728971963 0.46156361778231986 0.01097570093457944 0.0064179867143587125
4 0.5340205607476636 0.4678921819110884 0.037013084112149534 0.4421716913643332
1 0.5119626168224299 0.4682728666326009 0.00485981308411215 0.016770567194685743
1 0.9764560747663551 0.4756489524782831 0.004500934579439252 0.014149207971384773
1 0.9727177570093458 0.48987736331119064 0.011977570093457944 0.007858967807869188
15 0.29009719626168223 0.49433316300459884 0.011970093457943927 0.006550843127235565
1 0.2658373831775701 0.49439959121103727 0.01204859813084112 0.006683699540112417
1 0.9589663551401869 0.5000715380684722 0.003914018691588785 0.01598364844149208
20 0.2624859813084112 0.05009197751660705 0.042728971962616824 0.03375574859478794
1 0.5063439252336449 0.5048288196218702 0.01530467289719626 0.008124680633622892
20 0.304403738317757 0.05058763413387839 0.0420785046728972 0.03576903423607562