15 0.9303535594839942 0.04949385749385749 0.004997611084567606 0.013484029484029485
20 0.9872981366459627 0.04985503685503685 0.013774486383182034 0.011257985257985258
1 0.22137601528905876 0.5133120393120393 0.016569517439082658 0.008442260442260442
1 0.22132107023411374 0.524985257985258 0.014548494983277592 0.008201474201474202
1 0.22090062111801242 0.5353046683046683 0.015618729096989966 0.0072186732186732185
1 0.22042044911610129 0.5456805896805897 0.016569517439082658 0.008314496314496315
1 0.1488294314381271 0.05485749385749386 0.005255613951266125 0.008486486486486486
15 0.01549928332537028 0.054953316953316955 0.009020544672718586 0.00572972972972973
15 0.025119445771619685 0.05547174447174447 0.009149546106067845 0.005783783783783783
1 0.03432871476349737 0.05578624078624079 0.008456760630673674 0.00542997542997543
15 0.16083134257047302 0.0555945945945946 0.017792642140468228 0.013891891891891892
1 0.4628021978021978 0.5562235872235872 0.007305303392259914 0.016624078624078623
15 0.07306020066889632 0.590093366093366 0.010430004777830864 0.022447174447174447
15 0.018010033444816054 0.6 0.007353081700907788 0.013759213759213759
4 0.9297300525561395 0.6051842751842752 0.045795508838987094 0.3681081081081081
4 0.8405375059722885 0.6061670761670761 0.040367892976588625 0.375970515970516
1 0.47270903010033444 0.6107420147420147 0.006096512183468705 0.012638820638820639
20 0.9872861920688007 0.06158476658476659 0.012795031055900621 0.009164619164619164
15 0.07096751075011945 0.6157346437346437 0.011978021978021978 0.01083046683046683
1 0.020267558528428094 0.6160393120393121 0.013779264214046823 0.012422604422604424
9 0.4933898709985666 0.6286855036855037 0.02165790731008122 0.0328009828009828
1 0.3269135212613474 0.631968058968059 0.017419971333014813 0.009882063882063882
20 0.03327759197324415 0.6405503685503685 0.04839942666029622 0.05161670761670762
1 0.32619923554706165 0.6414004914004914 0.01599139990444338 0.00909090909090909
20 0.9204204491161013 0.0650958230958231 0.013798375537505972 0.01716953316953317
1 0.760394171046345 0.6492702702702703 0.00621595795508839 0.009105651105651107
1 0.7551361681796465 0.649938574938575 0.004300047778308648 0.010442260442260442
1 0.14895126612517917 0.0652874692874693 0.004543717152412805 0.008707616707616708
9 0.5793191591017679 0.6571891891891892 0.04922599139990445 0.08096314496314495
1 0.4716602962255136 0.6648550368550369 0.0183325370281892 0.008825552825552826
1 0.4334089823220258 0.6680859950859951 0.01254180602006689 0.005459459459459459
15 0.2575370281892021 0.672014742014742 0.015312947921643573 0.011351351351351352
15 0.2477687529861443 0.6723759213759214 0.006287625418060201 0.012073710073710074
1 0.24188246536072622 0.6726240786240786 0.00502627806975633 0.013552825552825552
15 0.2667869087434305 0.6728697788697788 0.005145723841376015 0.013061425061425061
20 0.9343048256091734 0.0696953316953317 0.011944577161968466 0.018506142506142506
9 0.25469182990922123 0.6957371007371007 0.023956043956043956 0.033243243243243244
1 0.6097515527950311 0.6966461916461916 0.009756330625895844 0.0045945945945945945
1 0.6206808408982322 0.6998058968058968 0.008681318681318682 0.015828009828009828
1 0.15844242713807932 0.7023636363636363 0.011103678929765886 0.006201474201474201
1 0.2705016722408027 0.706051597051597 0.005886287625418061 0.011611793611793611
4 0.7496225513616818 0.710056511056511 0.03340659340659341 0.09922850122850123
15 0.9912971810797897 0.07140786240786241 0.005527950310559007 0.00718918918918919
1 0.12933110367892978 0.7208525798525798 0.006392737697085524 0.011729729729729731
9 0.5003893932154801 0.7216756756756756 0.021323459149546108 0.030083538083538083
9 0.5342689918776875 0.72804914004914 0.03365981844242714 0.02219164619164619
1 0.9495198279980889 0.07374692874692874 0.005107501194457716 0.009901719901719902
1 0.9536813186813187 0.07375184275184275 0.0048303870043000475 0.00892874692874693
1 0.5067821309125656 0.7415282555282555 0.007353081700907788 0.004923832923832924
1 0.5195771619684663 0.7422678132678133 0.01192068800764453 0.004437346437346437
1 0.7080984233158146 0.07723095823095823 0.033492594362159574 0.029646191646191644
1 0.2793406593406593 0.769017199017199 0.015919732441471574 0.007813267813267813
15 0.1653010033444816 0.7733783783783784 0.008576206402293358 0.004742014742014742
15 0.1654180602006689 0.7788746928746929 0.011677018633540374 0.0059066339066339065
9 0.5927591973244147 0.7787346437346437 0.07228380315336837 0.07343980343980343
1 0.23279264214046824 0.7823144963144963 0.008824653607262303 0.0177002457002457
20 0.2540587673196369 0.7868009828009829 0.03224558050645007 0.049277641277641275
20 0.3312207357859532 0.7936191646191647 0.04705685618729097 0.03342997542997543
20 0.4781963688485428 0.8006388206388206 0.012293358815097946 0.017002457002457002
9 0.09207357859531771 0.0802972972972973 0.10292403248924988 0.08295331695331695
20 0.4596918299092212 0.817906633906634 0.012551361681796463 0.01714004914004914
20 0.4784472049689441 0.8194889434889435 0.012795031055900621 0.01833906633906634
20 0.7335594839942665 0.08212285012285013 0.028991877687529862 0.05024078624078624
20 0.5719732441471572 0.830019656019656 0.014467271858576207 0.019744471744471744
15 0.9262971810797898 0.08341523341523341 0.01599617773530817 0.009582309582309583
15 0.7600621118012422 0.8402137592137592 0.007462971810797897 0.01752825552825553
15 0.9390038222646918 0.08450614250614251 0.006053511705685619 0.011764127764127765
4 0.7860463449593884 0.8458009828009828 0.022164357381748687 0.054255528255528256
1 0.8308385093167702 0.8481228501228502 0.011414237935977067 0.004845208845208845
9 0.33402771141901577 0.8502432432432432 0.014448160535117056 0.013017199017199017
4 0.2857286192068801 0.08543488943488944 0.22363115145723841 0.05096805896805897
1 0.6339273769708552 0.8518525798525799 0.011285236502627808 0.0054250614250614245
15 0.6828356426182512 0.8521646191646192 0.009722885809842333 0.015877149877149877
15 0.6912637362637363 0.8521941031941032 0.008423315814620162 0.0179017199017199
1 0.8317940754897276 0.8535307125307126 0.011414237935977067 0.005832923832923833
15 0.6619278547539417 0.8536363636363636 0.009952221691352126 0.005061425061425062
15 0.9449546106067845 0.08575921375921376 0.0055327281414237935 0.011321867321867322
1 0.29317964644051603 0.8554496314496314 0.00537505972288581 0.00967076167076167
1 0.280965121834687 0.8555405405405406 0.004835164835164835 0.009852579852579852
1 0.2876301958910655 0.8564324324324324 0.003831820353559484 0.00967076167076167
1 0.7715981844242713 0.857 0.003779264214046823 0.0068746928746928745
15 0.7457118967988534 0.8584422604422605 0.006473960821786909 0.010742014742014742
1 0.633337314859054 0.8586535626535626 0.0110606784519828 0.004285012285012285
15 0.6620544672718586 0.859911547911548 0.011161012900143335 0.004835380835380835
1 0.738719541328237 0.8623832923832924 0.004911610129001433 0.009778869778869778
1 0.6332895365504061 0.8645651105651107 0.010009555661729574 0.005297297297297297
15 0.6617773530817008 0.8656216216216216 0.011562350692785476 0.004461916461916462
9 0.3353368370759675 0.8662899262899263 0.016110845676063065 0.015626535626535626
1 0.3229861442904921 0.8795675675675676 0.004787386526516961 0.008766584766584767
1 0.3177544194935499 0.8805528255528255 0.005790731008122312 0.009754299754299756
1 0.3127042522694697 0.8802358722358722 0.004290492116579074 0.008137592137592136
15 0.34161012900143334 0.8842678132678132 0.0057238413760152896 0.01227027027027027
15 0.332505972288581 0.8855429975429975 0.003760152890587673 0.012855036855036856
9 0.7437649307214524 0.8898329238329238 0.04558050645007167 0.04797051597051597
1 0.7127376970855231 0.8953611793611793 0.011237458193979933 0.005955773955773956
1 0.7126469182990922 0.9013611793611793 0.011055900621118013 0.005179361179361179
1 0.7718322981366459 0.9012309582309583 0.009025322503583373 0.003936117936117936
1 0.7114763497372193 0.911936117936118 0.00967032967032967 0.005690417690417691
4 0.3808385093167702 0.9175773955773956 0.06793597706641184 0.10935626535626536
4 0.46890587673196366 0.9173685503685504 0.07589106545628285 0.12761179361179362
1 0.7669756330625895 0.9183095823095823 0.00504538939321548 0.010574938574938575
1 0.7285714285714286 0.9188697788697789 0.005637840420449116 0.010712530712530713
1 0.7125656951743908 0.9193857493857495 0.023315814620162446 0.01076167076167076
4 0.19812231247013853 0.9228452088452088 0.23475394171046343 0.13856511056511056
4 0.6067439082656474 0.9243562653562654 0.06298614429049212 0.15043243243243243
15 0.9289202102245581 0.09286977886977887 0.004997611084567606 0.010800982800982802
15 0.9337410415671284 0.09326044226044226 0.0060391782130912565 0.0105995085995086
4 0.541619684663163 0.09551105651105651 0.2480745341614907 0.04655036855036855
20 0.9439130434782608 0.10153071253071254 0.013005255613951265 0.020260442260442258
15 0.9642713807931199 0.10207862407862407 0.010721452460582896 0.0056314496314496315
15 0.9645843287147635 0.10824078624078624 0.011347348303870044 0.006162162162162162
15 0.15232202580028667 0.1088034398034398 0.004596273291925465 0.00827027027027027
1 0.7207477305303392 0.10924078624078624 0.008146201624462494 0.0052137592137592136
4 0.024242713807931197 0.10937100737100737 0.02555183946488294 0.04675184275184275
15 0.7305112279025323 0.10952088452088451 0.009517439082656474 0.005773955773955774
15 0.15718824653607263 0.10952579852579852 0.004773053033922599 0.008732186732186733
1 0.7845986622073579 0.11108353808353809 0.009713330148112756 0.004968058968058968
1 0.06351409460105112 0.1247051597051597 0.007582417582417582 0.004692874692874693
1 0.04503105590062112 0.12566339066339066 0.003105590062111801 0.007592137592137592
1 0.893987099856665 0.12587469287469286 0.004887720974677497 0.008997542997542997
15 0.7664787386526517 0.1277837837837838 0.0050071667462971816 0.009867321867321867
1 0.09601051122790252 0.12855282555282557 0.0037744863831820357 0.007474201474201475
15 0.7939369326325848 0.13057248157248155 0.006411849020544673 0.012496314496314496
1 0.1113258480649785 0.13156019656019657 0.0038270425226946967 0.008574938574938575
20 0.34803392259913996 0.13258722358722358 0.04723841376015289 0.03225061425061425
20 0.17721452460582893 0.13414250614250614 0.04769230769230769 0.03241277641277641
1 0.8294768275203058 0.13460687960687961 0.00773530817009078 0.0185995085995086
20 0.2998805542283803 0.13523095823095824 0.0493549928332537 0.03262407862407862
15 0.014541328236980412 0.13554791154791154 0.009015766841853798 0.004756756756756756
20 0.563361204013378 0.13585503685503683 0.011576684185379838 0.017164619164619165
15 0.8933850931677019 0.13580098280098282 0.00559483994266603 0.010176904176904178
20 0.4926373626373626 0.13609582309582308 0.012508361204013378 0.01961179361179361
1 0.7662422360248446 0.1382997542997543 0.00453416149068323 0.008294840294840294
1 0.8488795986622073 0.13828009828009827 0.005451505016722408 0.008255528255528256
1 0.8544314381270903 0.13854299754299754 0.004132823698041089 0.008781326781326782
1 0.8599235547061633 0.13854299754299754 0.0046058289536550405 0.008781326781326782
1 0.8661371237458194 0.1385233415233415 0.004610606784519828 0.008742014742014742
15 0.014225991399904443 0.139977886977887 0.00934065934065934 0.004771498771498772
1 0.5140109890109891 0.14146928746928747 0.004610606784519828 0.008737100737100737
20 0.41831342570473 0.14215479115479113 0.05306258958432872 0.03271253071253071
1 0.8936741519350215 0.14540786240786238 0.004261825131390349 0.006786240786240787
1 0.03787386526516961 0.14715970515970517 0.008858098423315815 0.005375921375921375
20 0.48723841376015287 0.1502972972972973 0.014132823698041088 0.010668304668304669
1 0.1285642618251314 0.15313759213759212 0.010592451027233636 0.004555282555282555
15 0.14112279025322505 0.15304914004914005 0.004175824175824176 0.009292383292383292
1 0.8334734830387005 0.1532088452088452 0.005217391304347826 0.008628992628992629
9 0.5330673674151936 0.1534176904176904 0.02934543717152413 0.040496314496314495
1 0.8442642140468227 0.1538968058968059 0.004820831342570473 0.010004914004914005
1 0.5140874343048255 0.15434889434889437 0.004763497372193025 0.00796068796068796
9 0.9571070234113712 0.15498034398034397 0.059460105112279026 0.0731056511056511
20 0.07394648829431438 0.156990171990172 0.014113712374581939 0.011277641277641278
9 0.5941638795986622 0.1589066339066339 0.03782608695652174 0.033783783783783786
1 0.7619827998088867 0.15885012285012284 0.004615384615384616 0.007135135135135135
1 0.77106784519828 0.15917444717444718 0.0036741519350215004 0.007783783783783783
1 0.7665312947921643 0.1593832923832924 0.003201146679407549 0.0072186732186732185
1 0.7790086000955566 0.1595184275184275 0.004266602962255136 0.008471744471744471
1 0.783537983755375 0.15928992628992628 0.0028141423793597705 0.008997542997542997
1 0.7876899187768753 0.159995085995086 0.004429049211657907 0.007459459459459459
1 0.7747467749641663 0.15976658476658476 0.004343048256091734 0.007985257985257985
1 0.7912709030100334 0.15984766584766585 0.004902054467271859 0.008147420147420146
1 0.801571906354515 0.16064864864864867 0.010215002388915432 0.004835380835380835
9 0.10676540850453894 0.1632997542997543 0.031973244147157194 0.024879606879606882
15 0.1387458193979933 0.16374692874692875 0.00515527950310559 0.012014742014742015
20 0.5619804108934543 0.1648083538083538 0.012637362637362638 0.01806879606879607
1 0.12801242236024846 0.16685257985257987 0.010444338270425227 0.005449631449631449
20 0.6994768275203058 0.1672850122850123 0.03153846153846154 0.04955773955773955
1 0.5148423315814621 0.1686044226044226 0.005317725752508362 0.00797051597051597
9 0.23808886765408505 0.16944717444717444 0.03183946488294315 0.024398034398034396
9 0.051199235547061635 0.17114250614250612 0.028819875776397514 0.037616707616707615
20 0.5010750119445772 0.17105896805896806 0.016961299569995224 0.014845208845208846
1 0.4872264691829909 0.1728894348894349 0.010286669851887243 0.004746928746928747
20 0.13263258480649787 0.17752088452088452 0.018729096989966557 0.01400982800982801
15 0.9060344003822264 0.1796879606879607 0.004137601528905877 0.011464373464373463
1 0.4066435738174869 0.19066584766584765 0.004878165312947922 0.009832923832923834
1 0.5543908265647396 0.19186732186732186 0.005102723363592928 0.009287469287469288
1 0.5106163401815575 0.19235626535626535 0.004510272336359293 0.0082997542997543
1 0.5189154323936932 0.19254054054054054 0.004863831820353559 0.009651105651105652
1 0.5358385093167701 0.1927936117936118 0.006220735785953177 0.008191646191646192
1 0.39971094123268036 0.1938992628992629 0.009168657429526996 0.021213759213759214
1 0.4758695652173913 0.19724815724815722 0.004773053033922599 0.009238329238329238
1 0.5878786430960344 0.19807371007371008 0.0070998566650740565 0.008923832923832925
1 0.5816196846631629 0.19828255528255528 0.005093167701863354 0.009341523341523342
1 0.8830267558528427 0.20311793611793613 0.009722885809842333 0.005253071253071253
15 0.9233444816053511 0.20742506142506142 0.008179646440516006 0.016815724815724815
20 0.9091184902054468 0.21444471744471744 0.013172479694218826 0.011199017199017199
1 0.05311514572384138 0.022493857493857492 0.004940277114190157 0.009606879606879608
4 0.35860487338748204 0.228027027027027 0.7114763497372193 0.04917444717444717
1 0.8842833253702819 0.2325036855036855 0.009369326325848065 0.006039312039312039
1 0.8951720019111323 0.2557862407862408 0.009168657429526996 0.0044471744471744476
1 0.894878165312948 0.26024570024570026 0.008580984233158147 0.004520884520884521
4 0.35930482560917343 0.2652457002457002 0.6994983277591973 0.036142506142506144
1 0.8959507883420926 0.28238083538083536 0.008815097945532728 0.005547911547911548
20 0.10109412326803631 0.2858132678132678 0.01585284280936455 0.013395577395577396
15 0.881662685140946 0.2881842751842752 0.009861442904921166 0.005361179361179361
1 0.9005446727185857 0.28890171990171987 0.009402771141901576 0.00483046683046683
1 0.8814978499761108 0.29257493857493855 0.007620640229335882 0.0043144963144963145
1 0.8960105112279025 0.29495331695331695 0.008934543717152412 0.0031744471744471745
15 0.12677735308170093 0.29672727272727273 0.01084089823220258 0.004756756756756756
1 0.8811657907310081 0.2975773955773956 0.009823220258002866 0.004491400491400492
1 0.897214524605829 0.2996289926289926 0.007520305781175346 0.0046633906633906635
15 0.14849259436215959 0.30025307125307127 0.011270903010033445 0.004928746928746929
15 0.11679168657429527 0.3026756756756757 0.009980888676540851 0.0048599508599508606
15 0.8816483516483516 0.3028206388206388 0.008877209746774964 0.004167076167076168
15 0.13373387482083132 0.30263636363636365 0.011376015289058766 0.004781326781326782
1 0.10609173435260393 0.30292628992628995 0.00864787386526517 0.004378378378378379
15 0.9072097467749641 0.3031793611793612 0.008399426660296225 0.004884520884520884
15 0.09679407548972767 0.3038132678132678 0.010119445771619684 0.005169533169533169
1 0.06459149546106067 0.030904176904176905 0.005914954610606785 0.011685503685503687
15 0.8893693263258481 0.3076732186732187 0.0032967032967032967 0.009941031941031941
15 0.8810535117056857 0.3087223587223587 0.008643096034400383 0.0031941031941031942
1 0.14803392259913997 0.3103144963144963 0.011309125656951744 0.004412776412776413
15 0.0823841376015289 0.31138574938574937 0.010922121356903965 0.00458968058968059
1 0.881662685140946 0.31309828009828006 0.009861442904921166 0.004083538083538084
15 0.10062589584328716 0.3138992628992629 0.006316292403248925 0.0105995085995086
1 0.09638795986622074 0.31412285012285013 0.004529383659818443 0.010063882063882064
15 0.04046822742474916 0.3168820638820639 0.011180124223602483 0.004771498771498772
15 0.08225274725274725 0.31695085995086 0.010659340659340658 0.004909090909090909
1 0.018129479216435738 0.31869533169533165 0.011414237935977067 0.005449631449631449
15 0.059505494505494506 0.31903439803439804 0.011032011466794075 0.006127764127764128
1 0.8297228858098423 0.3218648648648649 0.011094123268036311 0.004909090909090909
15 0.08246536072623029 0.32283046683046684 0.011084567606306736 0.0048746928746928745
20 0.048105590062111805 0.32443243243243247 0.013076923076923078 0.01495823095823096
15 0.14955805064500716 0.32633415233415236 0.010535117056856188 0.00401965601965602
9 0.1213282369804109 0.3277616707616708 0.03338748208313425 0.04323832923832924
15 0.08228619206880076 0.3282162162162162 0.010726230291447682 0.004835380835380835
1 0.1488748208313426 0.3308550368550368 0.009168657429526996 0.004216216216216216
20 0.9075609173435261 0.3310540540540541 0.016746297181079787 0.01345945945945946
15 0.0828451982799809 0.3336265356265356 0.010888676540850453 0.005828009828009828
15 0.05260152890587673 0.03338083538083538 0.003913043478260869 0.009759213759213759
1 0.12539417104634495 0.033496314496314496 0.0032967032967032967 0.009007371007371007
1 0.07054467271858576 0.03348402948402948 0.005398948877209747 0.008982800982800984
1 0.831170568561873 0.3344152334152334 0.01781175346392738 0.008388206388206388
9 0.024902054467271856 0.33673464373464373 0.03547061634018155 0.03464864864864865
15 0.8838795986622073 0.3374447174447175 0.008561872909698998 0.005601965601965602
1 0.14198757763975156 0.3385282555282555 0.0049498327759197325 0.010717444717444716
1 0.09820114667940755 0.34883292383292386 0.009111323459149546 0.005773955773955774
1 0.16490683229813663 0.3510982800982801 0.005876731963688485 0.011287469287469288
1 0.2335666507405638 0.35264619164619165 0.004639273769708553 0.011434889434889435
1 0.8744362159579551 0.353034398034398 0.0040086000955566175 0.008280098280098281
15 0.04567367415193502 0.0354004914004914 0.009168657429526996 0.004953316953316953
1 0.13206163401815574 0.03561670761670762 0.005164835164835165 0.008334152334152335
15 0.935922121356904 0.03577641277641278 0.004667940754897276 0.012584766584766585
15 0.9299139990444338 0.03601965601965602 0.005074056378404204 0.013071253071253073
1 0.015996177735308172 0.354987714987715 0.010014333492594363 0.010221130221130222
1 0.25651696129956997 0.35468796068796066 0.005628284758719541 0.010604422604422603
1 0.09800525561395126 0.3563734643734644 0.01254180602006689 0.00513022113022113
1 0.9407453416149069 0.0359041769041769 0.0038031533683707598 0.008909090909090908
1 0.9692785475394171 0.3611744471744472 0.03793597706641185 0.04225061425061425
20 0.7889034878165313 0.37601965601965603 0.022145246058289537 0.025749385749385748
1 0.8649020544672719 0.38202211302211303 0.004051600573339704 0.010235872235872235
15 0.03744386048733875 0.03840540540540541 0.005131390348781653 0.00998034398034398
20 0.839302436693741 0.385041769041769 0.01305303392259914 0.01824078624078624
4 0.28222646918299094 0.04095085995085995 0.21662685140946009 0.048486486486486485
4 0.5412995699952222 0.041277641277641275 0.24743430482560916 0.04914004914004914
20 0.9199163879598662 0.04459213759213759 0.011834687052078356 0.01743980343980344
15 0.9358050645007168 0.04797051597051597 0.004433827042522694 0.011420147420147419
15 0.03798853320592451 0.049031941031941036 0.0052651696129956994 0.008628992628992629