1 0.7216417212347989 0.5536508810572687 0.011103835360149672 0.007081497797356828
1 0.7208395696913003 0.5607681718061674 0.010434985968194574 0.005897577092511014
1 0.7207740879326474 0.5702890969162996 0.013110383536014968 0.005115638766519823
1 0.7207062675397568 0.5766987885462556 0.011103835360149672 0.004719162995594714
15 0.5608863423760524 0.5831497797356828 0.010453695042095416 0.005506607929515419
15 0.5374275023386342 0.5838573788546256 0.0084377923292797 0.004719162995594714
15 0.548655285313377 0.5842125550660793 0.00844246959775491 0.004328193832599119
15 0.4936131898971001 0.586875 0.005 0.01295704845814978
15 0.48818989710009353 0.5872632158590309 0.004443405051449953 0.01263215859030837
15 0.5153040224508887 0.5879873348017621 0.00441534144059869 0.012979074889867841
15 0.5231244153414406 0.589011563876652 0.005088868101028999 0.010622246696035242
1 0.7210734331150608 0.5894025330396476 0.012773620205799812 0.005897577092511014
15 0.561155285313377 0.5895209251101321 0.00912067352666043 0.003931718061674009
15 0.5494574368568755 0.5901514317180616 0.00911131898971001 0.0062940528634361234
15 0.5371608980355472 0.5912142070484582 0.009775491113189896 0.005115638766519823
1 0.04844246959775491 0.5908590308370044 0.010823199251637045 0.005506607929515419
15 0.48103601496725906 0.5956194933920704 0.004167446211412535 0.013926211453744492
15 0.47613657623947614 0.5958810572687224 0.0027876520112254445 0.010044052863436122
1 0.7195696913002807 0.5977037444933921 0.014443405051449953 0.007081497797356828
15 0.5008512628624883 0.5976927312775331 0.011057062675397569 0.004856828193832599
1 0.04844246959775491 0.5982516519823788 0.010823199251637045 0.004873348017621145
15 0.4919878391019644 0.6025853524229076 0.0036202057998129095 0.011338105726872246
15 0.5750210477081384 0.6036040748898678 0.004111318989710009 0.013375550660792952
15 0.5291393826005613 0.6036426211453744 0.0030869971936389145 0.01455396475770925
15 0.5348199251637044 0.603328744493392 0.00509354536950421 0.01612885462555066
15 0.5700093545369505 0.6036426211453744 0.003442469597754911 0.01455396475770925
15 0.5007670720299345 0.60375 0.009953227315247896 0.004856828193832599
15 0.5235594013096351 0.6041547356828194 0.004087932647333957 0.013375550660792952
15 0.5187137511693171 0.6054129955947137 0.0037511693171188025 0.012588105726872247
1 0.7213751169317119 0.6070236784140969 0.01244153414405987 0.005897577092511014
1 0.02755378858746492 0.6089454845814978 0.016753975678203928 0.009741189427312776
15 0.5442118802619271 0.6119796255506608 0.01078110383536015 0.005897577092511014
1 0.7213751169317119 0.6139482378854626 0.01244153414405987 0.004328193832599119
20 0.6038634237605238 0.6224834801762115 0.013152478952291862 0.018094713656387665
1 0.7216744621141253 0.6277147577092511 0.012104770813844715 0.004328193832599119
15 0.07448082319925164 0.6291519823788546 0.004901777362020581 0.012709251101321584
1 0.4860313376987839 0.6292098017621145 0.005739008419083255 0.010622246696035242
1 0.5424064546304957 0.6342813876651983 0.0034284377923292798 0.014157488986784142
1 0.7199719363891487 0.6349118942731278 0.01244153414405987 0.005506607929515419
15 0.6152899906454631 0.6377037444933921 0.005135640785781104 0.012191629955947136
1 0.6897614593077643 0.6378606828193832 0.009083255378858747 0.005897577092511014
15 0.5934681945743686 0.6379790748898678 0.010135640785781105 0.003931718061674009
1 0.6897942001870907 0.6433287444933922 0.010084190832553788 0.004719162995594714
15 0.07519878391019645 0.644887114537445 0.006337698783910196 0.013342511013215859
1 0.33266604303087 0.6491547356828193 0.0030308699719363893 0.015269823788546256
1 0.3380238540692236 0.6512802863436122 0.0034565014031805426 0.01401431718061674
1 0.345533208606174 0.6514564977973568 0.005378858746492049 0.018772026431718065
1 0.6188002806361085 0.6527698237885463 0.01215622076707203 0.012588105726872247
15 0.5921000935453695 0.6524944933920706 0.011141253507951357 0.004328193832599119
15 0.5907296538821328 0.6618557268722467 0.0121421889616464 0.004328193832599119
1 0.6378157156220767 0.6645677312775331 0.011833489242282507 0.008650881057268724
15 0.5027408793264733 0.6665363436123348 0.01109448082319925 0.007081497797356828
15 0.5921000935453695 0.6675192731277533 0.011141253507951357 0.003540748898678414
15 0.5024391955098222 0.6738133259911894 0.011426566884939196 0.005115638766519823
15 0.5909962581852198 0.674204295154185 0.010804490177736202 0.005897577092511014
15 0.5015037418147801 0.680773678414097 0.011426566884939196 0.004719162995594714
15 0.5989499532273153 0.6808920704845814 0.010809167446211413 0.0027533039647577094
15 0.2804957904583723 0.68619218061674 0.010944808231992516 0.0034416299559471364
15 0.2615481758652947 0.6891189427312776 0.01795135640785781 0.009295154185022025
15 0.5020042095416277 0.6888766519823789 0.012427502338634237 0.005506607929515419
15 0.5992516370439663 0.6892318281938326 0.010477081384471468 0.005115638766519823
15 0.19131197380729653 0.6891519823788547 0.014990645463049578 0.008259911894273128
9 0.5533068288119738 0.6906855726872247 0.04955098222637979 0.08731828193832598
1 0.2815762394761459 0.6927670704845815 0.011234798877455566 0.004476872246696036
1 0.20920720299345183 0.6932819383259912 0.011492048643592143 0.005506607929515419
15 0.5016370439663237 0.6936371145374449 0.010757717492984098 0.005115638766519823
15 0.41970065481758656 0.6962940528634362 0.012460243217960711 0.007125550660792951
15 0.5992843779232928 0.6965859030837004 0.01147801683816651 0.005506607929515419
1 0.4322778297474275 0.6969741189427312 0.0086155285313377 0.005181718061674009
15 0.5014382600561272 0.7008727973568283 0.014101964452759588 0.007472466960352423
20 0.02683348924228251 0.7020512114537445 0.015313376987839102 0.013133259911894273
15 0.5026075771749299 0.7076376651982379 0.01176333021515435 0.0066850220264317185
1 0.5983138447146866 0.7086618942731278 0.010472404115996259 0.004328193832599119
1 0.025411599625818522 0.7120264317180617 0.011534144059869036 0.004449339207048458
1 0.03570159027128157 0.7138463656387666 0.0068568755846585595 0.0069878854625550655
15 0.5021725912067353 0.7162142070484582 0.012764265668849391 0.005115638766519823
1 0.5995837231057063 0.7211288546255507 0.011141253507951357 0.003931718061674009
1 0.018140785781103834 0.7221062775330397 0.0054115996258185224 0.012494493392070486
1 0.5887909260991581 0.7253001101321586 0.005458372310570627 0.013375550660792952
1 0.5988166510757718 0.7266354625550661 0.01147801683816651 0.003931718061674009
15 0.5199836295603367 0.7287197136563877 0.009097287184284377 0.005897577092511014
20 0.033203928905519174 0.7306855726872247 0.019635173058933583 0.024146475770925113
1 0.5905940130963517 0.7359581497797357 0.008129092609915808 0.0027533039647577094
1 0.047165575304022454 0.7367208149779736 0.0045275958840037414 0.014190528634361233
1 0.018536014967259123 0.7380974669603524 0.0043311506080449015 0.011437224669603525
1 0.5330823199251638 0.7413849118942731 0.009101964452759589 0.005897577092511014
1 0.5552057998129093 0.7411508810572688 0.008447146866230121 0.004328193832599119
15 0.5673690364826941 0.7409939427312775 0.008451824134705332 0.005115638766519823
15 0.5156057062675398 0.7445732378854626 0.0040832553788587465 0.013375550660792952
1 0.04300982226379794 0.748136013215859 0.01118334892422825 0.005082599118942732
20 0.028900841908325536 0.7513133259911894 0.014770813844714686 0.011437224669603525
15 0.04306361085126286 0.7559526431718061 0.008484565014031806 0.0052973568281938326
15 0.24976145930776428 0.7581222466960352 0.006538821328344247 0.0151431718061674
15 0.22920720299345182 0.758295704845815 0.005654817586529467 0.015490088105726873
15 0.25563844714686623 0.7581580396475771 0.003325537885874649 0.014113436123348018
15 0.22110617399438728 0.7587417400881057 0.005355472404115996 0.013078193832599118
1 0.5769270346117867 0.7610517621145374 0.00979420018709074 0.0066850220264317185
15 0.46015668849391955 0.7706332599118942 0.00450420954162769 0.01263215859030837
9 0.24008886810102897 0.07688601321585903 0.044256314312441536 0.03372797356828194
1 0.6874204864359214 0.7719465859030837 0.004401309635173059 0.014157488986784142
1 0.6801028999064546 0.7721448237885462 0.004733395696913003 0.01455396475770925
4 0.8722825070159027 0.0778386563876652 0.07290926099158092 0.02792400881057269
4 0.9463704396632366 0.07831222466960353 0.06860617399438729 0.031073788546255508
1 0.6691604303086996 0.7791464757709251 0.0071702525724976615 0.004328193832599119
15 0.7208395696913003 0.7799311674008811 0.005757717492984098 0.011404185022026432
1 0.7344410664172123 0.7801294052863436 0.02079981290926099 0.011800660792951542
20 0.8863774555659495 0.7883893171806167 0.014101964452759588 0.017307268722466962
15 0.925876987839102 0.7922439427312775 0.01078110383536015 0.0062940528634361234
15 0.9442563143124415 0.7931883259911895 0.005444340505144996 0.012588105726872247
20 0.8728414405986904 0.7942896475770925 0.010416276894293731 0.012588105726872247
1 0.6341721234798877 0.79409140969163 0.010159027128157156 0.0066850220264317185
15 0.9173526660430309 0.7988904185022027 0.0030869971936389145 0.012979074889867841
1 0.6547731524789523 0.8010159691629956 0.01207202993451824 0.005115638766519823
1 0.6234775491113189 0.8055781938325991 0.007478952291861553 0.004328193832599119
1 0.7252502338634238 0.8060490088105727 0.011772684752104771 0.007472466960352423
15 0.9527759588400374 0.8073485682819384 0.003774555659494855 0.013375550660792952
1 0.5301753975678204 0.8075440528634361 0.01077174929840973 0.008259911894273128
1 0.5024391955098222 0.8072687224669604 0.011426566884939196 0.005506607929515419
1 0.517843779232928 0.8076624449339207 0.010430308699719365 0.0062940528634361234
15 0.95822263797942 0.8074256607929516 0.003442469597754911 0.01573237885462555
1 0.5426753975678204 0.8078579295154185 0.011449953227315249 0.0066850220264317185
1 0.5551403180542563 0.808056167400881 0.011122544434050516 0.007081497797356828
1 0.6000514499532273 0.8087252202643171 0.011141253507951357 0.005115638766519823
15 0.9192259120673527 0.8101404185022026 0.0077689429373246025 0.003540748898678414
15 0.570912067352666 0.811318832599119 0.011796071094480822 0.005897577092511014
1 0.434099625818522 0.8121062775330397 0.0057109448082319925 0.012979074889867841
1 0.7242820392890552 0.8138381057268723 0.01077174929840973 0.004328193832599119
15 0.9359681945743685 0.8152147577092511 0.004770813844714687 0.012588105726872247
1 0.6548246024321797 0.8183204845814978 0.012174929840972872 0.0066850220264317185
15 0.962801683816651 0.818989537444934 0.005116931711880262 0.010225770925110133
15 0.9421492048643593 0.8226073788546255 0.0031010289990645464 0.014157488986784142
15 0.9523433115060804 0.822648678414097 0.004780168381665108 0.009834801762114537
15 0.9466955098222638 0.8229625550660793 0.003774555659494855 0.013766519823788546
15 0.6578461178671655 0.08283590308370044 0.010734331150608045 0.007081497797356828
15 0.7590014031805425 0.8262279735682819 0.004438727782974743 0.012588105726872247
15 0.9631033676333021 0.8300825991189428 0.0047848456501403186 0.012588105726872247
15 0.5792680074836295 0.8325192731277533 0.009798877455565949 0.008650881057268724
1 0.7216066417212348 0.8345649779735682 0.005420954162768943 0.014944933920704846
15 0.3023830682881197 0.8361288546255508 0.005140318054256314 0.014768722466960352
15 0.9566861552853134 0.8408590308370044 0.004111318989710009 0.011013215859030838
9 0.7998129092609916 0.8414895374449339 0.07296538821328344 0.1180011013215859
15 0.07253507951356408 0.8431662995594714 0.0038166510757717494 0.01342511013215859
15 0.08315014031805426 0.8435792951541851 0.00353133769878391 0.017555066079295155
15 0.07733161833489242 0.8439922907488987 0.004990645463049579 0.0161784140969163
15 0.06654115996258185 0.8440941629955947 0.005860617399438727 0.013078193832599118
15 0.14054957904583723 0.8454377753303965 0.012623947614593078 0.005853524229074891
15 0.7533559401309635 0.8469162995594713 0.012792329279700655 0.005506607929515419
9 0.10391019644527595 0.851897026431718 0.033826005612722164 0.03529185022026432
15 0.41438493919550984 0.853328744493392 0.01305425631431244 0.005115638766519823
15 0.7049649204864359 0.8546640969162995 0.006749298409728718 0.012191629955947136
15 0.6529186155285314 0.8557268722466961 0.011169317118802619 0.005506607929515419
1 0.6823082319925164 0.8564344713656388 0.005402245088868101 0.01573237885462555
1 0.6713797942001871 0.8572604625550662 0.005060804490177736 0.012979074889867841
1 0.6947731524789522 0.8571035242290749 0.005074836295603367 0.013766519823788546
1 0.6769270346117867 0.8574587004405286 0.003058933582787652 0.013375550660792952
1 0.6891253507951356 0.8580479074889867 0.004069223573433115 0.01455396475770925
1 0.6657319925163705 0.8586756607929515 0.004055191768007484 0.011404185022026432
15 0.9603952291861552 0.8742125550660793 0.0031103835360149676 0.014944933920704846
15 0.966078110383536 0.8742924008810572 0.005121608980355472 0.011800660792951542
1 0.9059260991580916 0.8759829295154186 0.011103835360149672 0.007472466960352423
1 0.8898854069223574 0.8763381057268723 0.01176333021515435 0.007081497797356828
1 0.3551379794200187 0.8769438325991189 0.0030729653882132836 0.014900881057268722
1 0.36565014031805426 0.8775275330396475 0.004452759588400374 0.017169603524229075
1 0.6990528531337699 0.878147026431718 0.021117867165575302 0.011800660792951542
1 0.3756945743685688 0.8778496696035242 0.005832553788587465 0.01781387665198238
15 0.35054256314312443 0.8783039647577092 0.004172123479887746 0.016519823788546256
15 0.359567352666043 0.8785958149779736 0.0044480823199251635 0.014900881057268722
15 0.37057530402245087 0.8793722466960353 0.0030776426566884937 0.014251101321585902
1 0.8897193638914874 0.882670704845815 0.011431244153414406 0.004328193832599119
1 0.9053250701590272 0.8831800660792951 0.011772684752104771 0.003144273127753304
15 0.47774321796071095 0.8850302863436122 0.005065481758652947 0.01455396475770925
1 0.8895837231057063 0.8887665198237885 0.012095416276894293 0.005506607929515419
1 0.9057577174929841 0.8904570484581498 0.010767072029934517 0.0066850220264317185
1 0.36735032740879325 0.8950247797356828 0.004111318989710009 0.012516519823788546
1 0.8900537885874649 0.8951789647577092 0.012100093545369504 0.005115638766519823
1 0.3579513564078578 0.8955258810572688 0.004957904583723105 0.013518722466960353
1 0.9066604303086997 0.8976156387665198 0.009766136576239476 0.0066850220264317185
9 0.1559939195509822 0.0908590308370044 0.04538353601496726 0.03854625550660793
15 0.936101496725912 0.9087857929515418 0.004101964452759588 0.01691079295154185
15 0.9418147801683816 0.9093364537444935 0.0024321796071094482 0.01691079295154185
15 0.7993709073900842 0.9096117841409692 0.003793264733395697 0.014157488986784142
1 0.9306548175865295 0.9101624449339207 0.0044340505144995325 0.014157488986784142
1 0.9058278765201123 0.9107544052863437 0.022132834424695977 0.009834801762114537
1 0.37681478016838166 0.9119686123348018 0.0043311506080449015 0.012263215859030837
1 0.3822146866230121 0.9126459251101322 0.003905519176800748 0.012516519823788546
1 0.8678297474275024 0.9135848017621145 0.01442469597754911 0.0066850220264317185
1 0.6956431244153415 0.914647577092511 0.012427502338634237 0.005506607929515419
15 0.8396258185219831 0.09286618942731278 0.0104022450888681 0.005115638766519823
15 0.6574134705332085 0.09561949339207049 0.011739943872778298 0.005115638766519823
1 0.5173643592142189 0.09620319383259912 0.011342376052385406 0.005181718061674009
15 0.3904466791393826 0.10067455947136564 0.009144059869036483 0.0042125550660792955
1 0.5430121608980356 0.10125550660792951 0.010252572497661367 0.006475770925110132
1 0.9141814780168381 0.10316905286343611 0.010776426566884939 0.005897577092511014
15 0.5169223573433115 0.10407488986784141 0.013264733395696914 0.005506607929515419
1 0.9331969130028064 0.10734030837004406 0.01980823199251637 0.009834801762114537
15 0.459377923292797 0.11392070484581497 0.01323666978484565 0.006475770925110132
15 0.6012020579981291 0.11933645374449339 0.005023386342376052 0.011800660792951542
1 0.9131782039289055 0.11933645374449339 0.004092609915809168 0.011800660792951542
15 0.021471000935453694 0.11993942731277533 0.01207202993451824 0.0052973568281938326
1 0.8244878391019645 0.1203579295154185 0.005383536014967259 0.014944933920704846
15 0.9189593077642656 0.12047632158590309 0.004429373246024322 0.012979074889867841
1 0.9083652946679139 0.12087004405286343 0.004756782039289055 0.013766519823788546
1 0.458910196445276 0.12140418502202643 0.01323666978484565 0.007125550660792951
1 0.859810570626754 0.12464482378854624 0.0030636108512628623 0.011404185022026432
15 0.4587160898035547 0.13465308370044052 0.004429373246024322 0.014900881057268722
15 0.31173058933582787 0.136875 0.03318989710009354 0.03806718061674009
1 0.34680074836295605 0.1378909691629956 0.013526660430308701 0.004856828193832599
1 0.7615762394761459 0.13845264317180617 0.011459307764265668 0.007081497797356828
15 0.4525795135640786 0.1383452643171806 0.005252572497661366 0.014575991189427312
1 0.762043966323667 0.143840859030837 0.011459307764265668 0.003540748898678414
15 0.4271866230121609 0.14521200440528634 0.0031103835360149676 0.010688325991189428
15 0.42132366697848456 0.14537444933920704 0.004480823199251637 0.011013215859030838
15 0.4131501403180543 0.1452780837004405 0.0031010289990645464 0.009719162995594713
1 0.7618755846585594 0.15107654185022026 0.011122544434050516 0.005897577092511014
1 0.7236459307764266 0.15119493392070485 0.005757717492984098 0.014944933920704846
20 0.7016908325537885 0.15733204845814977 0.01610383536014967 0.017307268722466962
1 0.714087932647334 0.15745044052863436 0.00441534144059869 0.015341409691629955
15 0.7624789522918616 0.1601624449339207 0.010458372310570627 0.008650881057268724
15 0.3658980355472404 0.160534140969163 0.0030776426566884937 0.009394273127753303
15 0.3722006548175865 0.16075991189427313 0.004457436856875585 0.008744493392070484
1 0.35769644527595884 0.16205671806167402 0.009125350795135642 0.005831497797356828
15 0.0467867165575304 0.16379955947136562 0.00470533208606174 0.014823788546255507
15 0.7504794200187092 0.1664179515418502 0.006103835360149673 0.01455396475770925
15 0.762043966323667 0.1696035242290749 0.011459307764265668 0.005506607929515419
1 0.9444246959775492 0.1749531938325991 0.005781103835360149 0.011800660792951542
15 0.9328274087932648 0.17774504405286345 0.004101964452759588 0.012979074889867841
1 0.9253414405986904 0.18116740088105726 0.008774555659494856 0.005506607929515419
1 0.9236389148737137 0.18891519823788547 0.00911131898971001 0.0066850220264317185
1 0.9323924228250702 0.19131607929515418 0.00510289990645463 0.012588105726872247
1 0.9245065481758653 0.1949339207048458 0.0071047708138447145 0.005506607929515419
15 0.053949953227315245 0.1958012114537445 0.011548175865294668 0.006139867841409692
15 0.05317586529466791 0.20518447136563878 0.012806361085126285 0.005082599118942732
1 0.3606969130028063 0.21213381057268724 0.003900841908325538 0.009069383259911894
1 0.3486693171188026 0.21239262114537444 0.004167446211412535 0.010688325991189428
1 0.3347170252572498 0.2130726872246696 0.005261927034611787 0.008744493392070484
1 0.3412394761459308 0.21349394273127753 0.0033395696913002806 0.010688325991189428
1 0.321700187090739 0.2135600220264317 0.006356407857811038 0.009719162995594713
1 0.38807998129092613 0.2141409691629956 0.007217025257249766 0.011982378854625551
15 0.05124883068288119 0.24631883259911894 0.010823199251637045 0.005853524229074891
20 0.06104536950420954 0.2585022026431718 0.0163844714686623 0.014801762114537445
1 0.9279162768942937 0.26765969162995595 0.011117867165575303 0.0066850220264317185
15 0.9386085126286249 0.2689179515418502 0.004438727782974743 0.01691079295154185
15 0.0761623012160898 0.27130506607929517 0.012006548175865295 0.005165198237885463
15 0.06244855004677268 0.2713381057268722 0.011707202993451824 0.004129955947136564
1 0.4323596819457437 0.2733232378854626 0.005037418147801683 0.013606828193832599
1 0.3718147801683817 0.27422907488986786 0.005556594948550047 0.011013215859030838
1 0.4514031805425632 0.2744245594713656 0.004770813844714687 0.013606828193832599
1 0.9273152478952291 0.27481828193832597 0.011786716557530401 0.0066850220264317185
1 0.4077291861552853 0.2749421806167401 0.007226379794200187 0.011338105726872246
1 0.3117937324602432 0.2754267621145374 0.005252572497661366 0.012307268722466961
15 0.028613189897100093 0.2827863436123348 0.005776426566884939 0.012709251101321584
15 0.661421889616464 0.3089592511013216 0.005724976613657624 0.012191629955947136
20 0.7001216089803555 0.31049284140969163 0.01577174929840973 0.014157488986784142
20 0.6740551917680075 0.3165914096916299 0.015088868101028998 0.015341409691629955
20 0.7145229186155285 0.3161976872246696 0.012768942937324603 0.02006057268722467
15 0.15402946679139382 0.3179047356828194 0.010584658559401309 0.005853524229074891
15 0.7884611786716558 0.3200137665198238 0.005360149672591207 0.013375550660792952
15 0.6952759588400375 0.32048458149779735 0.010757717492984098 0.005506607929515419
15 0.6612885874649205 0.32158590308370044 0.006393826005612722 0.011013215859030838
15 0.13838634237605238 0.32158590308370044 0.012039289055191768 0.005506607929515419
15 0.6946398503274088 0.3261866740088106 0.010420954162768944 0.005897577092511014
15 0.8769176800748363 0.32838931718061676 0.006407857811038353 0.01691079295154185
15 0.14027128157156218 0.3337747797356828 0.003648269410664172 0.012263215859030837
15 0.660788119738073 0.333738986784141 0.010070159027128158 0.0066850220264317185
15 0.15585827876520114 0.3339757709251101 0.003016838166510758 0.013766519823788546
15 0.15092376052385406 0.33432544052863433 0.0034377923292797006 0.012263215859030837
15 0.16164172123479886 0.3346255506607929 0.004293732460243217 0.011762114537444933
15 0.6781641721234799 0.335352422907489 0.012081384471468662 0.005506607929515419
15 0.7183980355472404 0.3360214757709251 0.00274555659494855 0.01455396475770925
15 0.6989499532273152 0.3362968061674009 0.004073900841908326 0.011800660792951542
15 0.7834822263797943 0.33688601321585904 0.005692235734331151 0.012979074889867841
20 0.708910196445276 0.3378303964757709 0.012768942937324603 0.019273127753303965
1 0.9583910196445276 0.3380258810572687 0.0037792329279700654 0.014157488986784142
20 0.03298643592142189 0.33986233480176214 0.0210710944808232 0.01672907488986784
15 0.10798877455565949 0.3496448237885463 0.0036295603367633303 0.01426762114537445
15 0.1142843779232928 0.3499944933920705 0.004059869036482694 0.01276431718061674
15 0.7071375116931712 0.35175385462555064 0.01109448082319925 0.007472466960352423
15 0.718566417212348 0.3547439427312776 0.007759588400374181 0.01455396475770925
1 0.5241884939195509 0.3612665198237885 0.007217025257249766 0.01328193832599119
1 0.5369574368568756 0.36129955947136566 0.007497661365762395 0.01555066079295154
1 0.4634050514499532 0.36661068281938325 0.011936389148737138 0.01295704845814978
15 0.02659728718428438 0.367670704845815 0.003615528531337699 0.013975770925110131
15 0.7071047708138447 0.37275881057268717 0.010093545369504209 0.004328193832599119
1 0.43081852198316184 0.37487059471365636 0.009438727782974743 0.01295704845814978
20 0.03653180542563143 0.37735132158590307 0.012259120673526662 0.02012114537444934
15 0.026489710009354538 0.38181993392070485 0.004335827876520112 0.011437224669603525
15 0.6930355472404116 0.3831415198237885 0.00440598690364827 0.012979074889867841
15 0.6562090739008418 0.38432268722466956 0.0037184284377923295 0.015341409691629955
1 0.6825748362956033 0.38428138766519826 0.004064546304957904 0.014157488986784142
15 0.701456969130028 0.3853056167400881 0.0044106641721234794 0.011800660792951542
15 0.05206033676333022 0.3885765418502202 0.0077689429373246025 0.00402533039647577
1 0.7196375116931713 0.390613986784141 0.011772684752104771 0.005897577092511014
15 0.04038119738072966 0.3908645374449339 0.011538821328344247 0.0052973568281938326
20 0.02458372310570627 0.39672907488986786 0.010813844714686624 0.014823788546255507
15 0.6625912067352665 0.3976569383259912 0.0033863423760523855 0.013375550660792952
1 0.718500935453695 0.39781387665198237 0.010434985968194574 0.007081497797356828
15 0.05429139382600561 0.39812775330396477 0.003811973807296539 0.011013215859030838
15 0.04961178671655753 0.3982323788546256 0.0038072965388213286 0.011222466960352423
15 0.6563751169317118 0.39926762114537445 0.004050514499532273 0.012191629955947136
15 0.6679373246024322 0.3991905286343612 0.004724041159962581 0.015341409691629955
1 0.7188681010289991 0.4089840308370044 0.012104770813844715 0.0062940528634361234
15 0.034352198316183344 0.41172356828193835 0.004158091674462115 0.013975770925110131
15 0.05052853133769879 0.4115776431718061 0.00470533208606174 0.010379955947136565
15 0.0442843779232928 0.4116189427312775 0.003442469597754911 0.013766519823788546
15 0.039967259120673525 0.4122962555066079 0.004162768942937324 0.012918502202643171
1 0.7198362956033676 0.4151596916299559 0.013105706267539756 0.004328193832599119
15 0.6297754911131899 0.4161426211453745 0.015397567820392892 0.0062940528634361234
15 0.028828344246959774 0.4167015418502203 0.004335827876520112 0.012918502202643171
20 0.07327642656688493 0.4168502202643172 0.013718428437792328 0.011013215859030838
1 0.7196024321796071 0.42050936123348015 0.010767072029934517 0.005115638766519823
15 0.6296094480823199 0.4237720264317181 0.015065481758652946 0.003931718061674009
1 0.024492516370439664 0.42786343612334804 0.010631431244153415 0.005506607929515419
1 0.7211739943872778 0.4288078193832599 0.011103835360149672 0.0062940528634361234
15 0.6286061739943873 0.42951541850220265 0.013058933582787653 0.005506607929515419
15 0.08723807296538821 0.43038270925110134 0.0032881197380729655 0.01164647577092511
20 0.07505846585594013 0.43087004405286344 0.01821796071094481 0.014823788546255507
15 0.03492750233863424 0.4311894273127753 0.0034377923292797006 0.015462555066079294
9 0.04912768942937325 0.4324394273127753 0.01874181478016838 0.024570484581497794
15 0.02407857811038354 0.43502202643171806 0.012609915809167446 0.005506607929515419
15 0.023790926099158092 0.44209526431718066 0.012970065481758653 0.0042345814977973574
15 0.07197848456501403 0.44243392070484583 0.00831618334892423 0.0038105726872246694
15 0.035467726847521044 0.44635187224669604 0.004518241347053321 0.01164647577092511
9 0.0947801683816651 0.44779185022026435 0.01930776426566885 0.01672907488986784
1 0.024296071094480825 0.4479212555066079 0.01117399438727783 0.004873348017621145
20 0.9540154349859682 0.44953469162995596 0.012801683816651076 0.011404185022026432
1 0.045781103835360146 0.4512885462555066 0.012984097287184285 0.007202643171806167
15 0.06037184284377923 0.4526844713656388 0.003811973807296539 0.014399779735682818
15 0.0550467726847521 0.45300385462555065 0.003451824134705332 0.015038546255506607
20 0.07525491113189897 0.4534471365638767 0.017675397567820394 0.014823788546255507
1 0.6466534144059869 0.4533507709251101 0.02108980355472404 0.010225770925110133
1 0.024024789522918616 0.45387114537444934 0.010631431244153415 0.0046585903083700446
1 0.7213400374181478 0.4564977973568282 0.011435921421889617 0.005506607929515419
15 0.046085126286248834 0.45795980176211454 0.011721234798877454 0.00402533039647577
15 0.03516370439663237 0.45935572687224674 0.005781103835360149 0.011222466960352423
15 0.024277362020579982 0.46022577092511013 0.01207202993451824 0.006354625550660792
20 0.9531805425631432 0.4618089207048458 0.01580916744621141 0.010622246696035242
1 0.7213400374181478 0.46416850220264316 0.011435921421889617 0.004328193832599119
9 0.09452759588400374 0.46511839207048455 0.017867165575304024 0.015038546255506607
1 0.7197357343311507 0.4686123348017621 0.01009822263797942 0.005506607929515419
20 0.9554536950420954 0.47486508810572686 0.013807296538821328 0.011404185022026432
15 0.09837698783910197 0.47558094713656385 0.007792329279700655 0.00402533039647577
1 0.7210056127221702 0.47761839207048457 0.010767072029934517 0.005897577092511014
1 0.7198362956033676 0.4838353524229075 0.013105706267539756 0.005115638766519823
20 0.9553180542563143 0.4872962555066079 0.014471468662301217 0.009834801762114537
1 0.7206057062675397 0.4911508810572687 0.012773620205799812 0.004328193832599119
1 0.7205051449953228 0.497601872246696 0.009766136576239476 0.005115638766519823
1 0.7204045837231057 0.5050357929515419 0.011435921421889617 0.007868942731277532
1 0.7204396632366697 0.5128606828193832 0.01244153414405987 0.005897577092511014
1 0.7210056127221702 0.5190776431718062 0.010767072029934517 0.005115638766519823
1 0.7207390084190832 0.525330396475771 0.012104770813844715 0.005506607929515419
1 0.7209073900841908 0.5315831497797356 0.01244153414405987 0.005897577092511014
15 0.025699251637043966 0.5390748898678415 0.01117399438727783 0.006563876651982378
1 0.7203391019644527 0.5411040748898678 0.009434050514499533 0.005115638766519823
15 0.038601496725912066 0.5458314977973568 0.011721234798877454 0.0046585903083700446
1 0.025986903648269413 0.5465941629955947 0.010813844714686624 0.005082599118942732
1 0.7208395696913003 0.5471613436123348 0.010434985968194574 0.005115638766519823