4 0.0278493265993266 0.6525127713920817 0.04223063973063973 0.07130906768837804
9 0.5524284511784512 0.6575127713920818 0.035833333333333335 0.04044061302681992
1 0.8180429292929293 0.6625702426564496 0.006456228956228956 0.018627075351213284
9 0.8600294612794613 0.6634738186462324 0.05002525252525253 0.04469987228607918
20 0.7942676767676768 0.666507024265645 0.021195286195286194 0.023946360153256706
4 0.9603493265993266 0.6883780332056194 0.04864478114478114 0.210727969348659
4 0.13160353535353536 0.06970945083014048 0.12010942760942761 0.030862068965517242
9 0.5548148148148149 0.7051404853128991 0.03723905723905724 0.03991060025542784
9 0.09005050505050505 0.7070019157088122 0.055521885521885514 0.024476372924648784
1 0.3428030303030303 0.7162100893997446 0.007154882154882155 0.012241379310344828
9 0.8663973063973064 0.7164208173690932 0.02404040404040404 0.022879948914431673
20 0.8082323232323232 0.7181768837803321 0.028922558922558923 0.014897828863346103
1 0.9091161616161616 0.7181768837803321 0.021936026936026934 0.00851213282247765
15 0.1515361952861953 0.7214782886334611 0.01687710437710438 0.007452107279693487
15 0.15223484848484847 0.7331832694763729 0.018274410774410776 0.005319284802043423
9 0.08956228956228957 0.7421232439335887 0.056228956228956226 0.030862068965517242
9 0.17270202020202022 0.7483492975734355 0.02890572390572391 0.022879948914431673
1 0.024242424242424242 0.7481385696040869 0.006397306397306397 0.012241379310344828
20 0.8532786195286196 0.7507982120051085 0.04999158249158249 0.03033205619412516
1 0.6055850168350168 0.7573978288633462 0.00914983164983165 0.015434227330779055
1 0.8591582491582491 0.7760759897828864 0.024713804713804712 0.010644955300127715
9 0.23369107744107745 0.7769795657726692 0.054924242424242424 0.03033205619412516
1 0.12571127946127947 0.7792688378033206 0.005631313131313132 0.01703065134099617
9 0.6138636363636364 0.7894859514687101 0.024023569023569023 0.036187739463601536
1 0.5897979797979798 0.7905491698595147 0.011245791245791245 0.019157088122605363
20 0.6580723905723905 0.7920402298850575 0.053518518518518514 0.029802043422733078
9 0.5182996632996633 0.8039591315453385 0.02818181818181818 0.02554278416347382
9 0.15762626262626261 0.8184865900383141 0.08292929292929292 0.04948914431673052
9 0.2858754208754209 0.8219444444444444 0.021245791245791245 0.024476372924648784
9 0.32222222222222224 0.8232758620689655 0.019865319865319867 0.020753512132822477
1 0.5165277777777778 0.8272126436781609 0.012853535353535353 0.019687100893997445
9 0.32194023569023567 0.8506800766283524 0.022668350168350167 0.024476372924648784
22 0.28510521885521883 0.8517975734355044 0.024755892255892257 0.022879948914431673
1 0.13651936026936026 0.8607918263090677 0.007045454545454545 0.01277139208173691
4 0.03238215488215488 0.13803639846743296 0.034461279461279457 0.07556194125159642
20 0.8890404040404041 0.16022669220945082 0.025555555555555554 0.016494252873563216
22 0.9328914141414142 0.1731066411238825 0.0375 0.040977011494252875
9 0.8113005050505051 0.1756066411238825 0.05357744107744108 0.038314176245210725
20 0.8887584175084176 0.1856641123882503 0.028358585858585857 0.01756066411238825
1 0.8216666666666667 0.20753512132822477 0.01202020202020202 0.019157088122605363
1 0.7928324915824916 0.2114719029374202 0.009907407407407406 0.011704980842911876
15 0.1527777777777778 0.23770753512132822 0.026094276094276093 0.007982120051085569
15 0.15411195286195287 0.2507439335887612 0.0253956228956229 0.00851213282247765
9 0.8895412457912458 0.2541507024265645 0.10063131313131313 0.08939974457215837
9 0.2567424242424242 0.2561717752234994 0.12291245791245792 0.09471902937420179
15 0.15411195286195287 0.26287675606641125 0.0253956228956229 0.00851213282247765
15 0.15670875420875421 0.2738409961685824 0.02890572390572391 0.007452107279693487
1 0.7985143097643097 0.3045977011494253 0.007803030303030303 0.01277139208173691
1 0.8216708754208754 0.30449233716475094 0.020446127946127945 0.026609195402298853
1 0.7828661616161616 0.30656768837803317 0.008493265993265994 0.015434227330779055
1 0.3375210437710438 0.3100255427841635 0.026893939393939394 0.009578544061302681
9 0.6172348484848484 0.3300351213282248 0.13345959595959597 0.09685185185185184
9 0.3507154882154882 0.3359418901660281 0.06338383838383838 0.015434227330779055
1 0.917946127946128 0.3692528735632184 0.009292929292929292 0.014367816091954023
9 0.8425462962962963 0.41368773946360154 0.1531060606060606 0.07130906768837804
1 0.7601473063973063 0.4651979565772669 0.00851010101010101 0.015964240102171137
1 0.9075631313131313 0.4674329501915709 0.012095959595959596 0.019157088122605363
1 0.8519234006734007 0.49478607918263096 0.01697811447811448 0.007452107279693487
1 0.815580808080808 0.495316091954023 0.01836700336700337 0.00851213282247765
1 0.8853914141414142 0.49611430395913153 0.014890572390572392 0.010108556832694763
9 0.19890993265993268 0.49638250319284805 0.0325 0.023416347381864624
1 0.9338047138047137 0.5111749680715197 0.010707070707070708 0.02234993614303959
9 0.8590488215488216 0.5325127713920818 0.05143097643097643 0.029265644955300128
9 0.7764646464646465 0.5325670498084292 0.056296296296296296 0.02554278416347382
4 0.03297138047138047 0.54757343550447 0.02890572390572391 0.09259259259259259
9 0.5925 0.5520434227330779 0.09409090909090909 0.12452107279693486
9 0.9072474747474747 0.5548627075351213 0.028299663299663297 0.022879948914431673
1 0.7723653198653199 0.5554501915708813 0.021161616161616163 0.007452107279693487
20 0.8720244107744107 0.5607694763729246 0.026877104377104378 0.01809067688378033
20 0.8386994949494949 0.5611430395913155 0.027567340067340067 0.01756066411238825
9 0.909074074074074 0.5810440613026819 0.026902356902356903 0.022879948914431673
9 0.7753409090909091 0.5885472541507024 0.05068181818181818 0.027669220945083013
9 0.3538678451178451 0.6101532567049809 0.22962121212121214 0.1756066411238825
1 0.7515277777777778 0.6118039591315454 0.023257575757575758 0.009048531289910601
4 0.3918476430976431 0.062046615581098336 0.1405976430976431 0.024476372924648784
9 0.10503787878787879 0.6136111111111111 0.040042087542087546 0.04203703703703703
9 0.16439814814814815 0.622551085568327 0.0527020202020202 0.029265644955300128
9 0.775976430976431 0.6342592592592593 0.057003367003367 0.02713920817369093