1 0.3857948717948718 0.12879601990049752 0.02629059829059829 0.05460696517412936
1 0.31596866096866094 0.1325273631840796 0.029088319088319086 0.05211940298507463
1 0.20448717948717948 0.13483084577114426 0.02492877492877493 0.046776119402985074
1 0.60591452991453 0.13600497512437812 0.025504273504273502 0.06703482587064677
1 0.443031339031339 0.13675621890547263 0.049595441595441596 0.04465671641791045
1 0.10232478632478631 0.13855223880597015 0.08043304843304844 0.10397014925373134
15 0.2270854700854701 0.2005273631840796 0.008586894586894588 0.046825870646766174
1 0.24025071225071223 0.20223880597014926 0.022381766381766383 0.06616915422885572
15 0.1891111111111111 0.20270646766169154 0.011270655270655272 0.039243781094527364
1 0.30881766381766385 0.20505970149253733 0.013646723646723646 0.06783084577114427
15 0.17735897435897435 0.20550248756218906 0.013977207977207978 0.036875621890547265
15 0.11764387464387464 0.20725373134328356 0.008507122507122508 0.04634825870646766
15 0.5723988603988603 0.2084378109452736 0.010894586894586895 0.04672636815920398
15 0.3827037037037037 0.2088905472636816 0.010991452991452991 0.04962189054726368
15 0.2040940170940171 0.20896019900497512 0.010467236467236468 0.03782089552238806
15 0.2163903133903134 0.20985572139303482 0.008849002849002849 0.061502487562189054
15 0.5605470085470086 0.209681592039801 0.011122507122507123 0.0392636815920398
15 0.3011937321937322 0.2104676616915423 0.010934472934472935 0.038845771144278604
1 0.3316923076923077 0.21209950248756218 0.034324786324786326 0.09186069651741292
15 0.5228062678062678 0.2125422885572139 0.010854700854700855 0.033044776119402985
15 0.36964102564102563 0.2146915422885572 0.013356125356125357 0.05127363184079602
15 0.5477236467236467 0.2151094527363184 0.013965811965811967 0.03220895522388059
1 0.39574358974358975 0.21504477611940298 0.01086039886039886 0.06989054726368159
15 0.5108860398860399 0.2158955223880597 0.013225071225071225 0.04174129353233831
1 0.8789430199430199 0.21561194029850747 0.03139031339031339 0.03719402985074627
15 0.1087948717948718 0.21606467661691545 0.014740740740740742 0.052029850746268654
15 0.5365584045584045 0.21676616915422886 0.008729344729344729 0.0454726368159204
22 0.6463589743589743 0.21903482587064677 0.10867236467236467 0.07986069651741294
1 0.7432336182336182 0.22130845771144278 0.011823361823361824 0.05455721393034826
9 0.453002849002849 0.22102487562189055 0.0889116809116809 0.09180099502487563
1 0.7137834757834758 0.22255223880597014 0.0156011396011396 0.057044776119402986
1 0.7268461538461538 0.22246766169154228 0.013236467236467236 0.0628457711442786
9 0.2616039886039886 0.2613681592039801 0.0012706552706552706 0.023233830845771145
1 0.21700569800569802 0.3031442786069652 0.02945299145299145 0.05703482587064677
9 0.8725356125356125 0.3599751243781094 0.11202279202279201 0.09109452736318407
15 0.5506182336182336 0.3610049751243781 0.01063817663817664 0.025492537313432838
9 0.11972079772079773 0.36077114427860696 0.09927065527065528 0.10860696517412936
15 0.6051737891737892 0.36340298507462687 0.013766381766381766 0.0561592039800995
9 0.48479202279202277 0.36455223880597015 0.10918518518518519 0.10422885572139304
9 0.28972079772079773 0.3733084577114428 0.11106552706552705 0.08990049751243781
9 0.7297606837606838 0.37749253731343285 0.16607407407407407 0.09428855721393035
9 0.8803988603988604 0.5343532338308458 0.089002849002849 0.08960199004975124
9 0.11664672364672365 0.5383333333333333 0.09996011396011396 0.08164179104477612
9 0.5356011396011396 0.5407313432835821 0.19712820512820511 0.16603980099502488
15 0.3504045584045584 0.542955223880597 0.009071225071225071 0.04113432835820896
9 0.29223076923076924 0.543910447761194 0.11494586894586895 0.10871641791044777
9 0.7312450142450143 0.5482885572139303 0.12117948717948718 0.10951243781094527
22 0.2906353276353276 0.7162985074626865 0.10377777777777777 0.09528358208955225
9 0.11334188034188035 0.7184825870646767 0.09562962962962963 0.08771144278606965
9 0.5082621082621083 0.8920696517412935 0.1150997150997151 0.11647761194029851
9 0.11641595441595441 0.8944577114427861 0.10405698005698005 0.08941293532338308
9 0.29291452991452993 0.8954527363184079 0.09921937321937321 0.0874228855721393
15 0.349022792022792 0.8956467661691542 0.016564102564102564 0.06791044776119402
15 0.8363276353276354 0.8988208955223881 0.013396011396011397 0.05037810945273632
15 0.6125698005698006 0.901547263681592 0.02286039886039886 0.0637910447761194