15 0.2041730337078652 0.5534264380530973 0.011941573033707865 0.006189159292035398
15 0.18905168539325842 0.5537389380530974 0.010462921348314608 0.006814159292035399
15 0.13440000000000002 0.5627295353982301 0.006328089887640449 0.014839601769911503
15 0.14359775280898876 0.5627931415929204 0.006746067415730337 0.012754424778761061
15 0.15263820224719102 0.5631056415929203 0.005950561797752809 0.013379424778761063
15 0.2035123595505618 0.5636780973451327 0.011519101123595506 0.005674778761061947
1 0.18874606741573033 0.5651438053097345 0.011649438202247191 0.007500000000000001
4 0.6342876404494382 0.05740597345132744 0.1530696629213483 0.09158185840707965
9 0.7433977528089888 0.5697925884955752 0.0881438202247191 0.11082411504424779
1 0.6854044943820226 0.5707632743362833 0.010808988764044944 0.007676991150442478
15 0.4550561797752809 0.5732549778761061 0.005842696629213483 0.013766592920353983
15 0.4453685393258427 0.5732549778761061 0.006242696629213483 0.013766592920353983
15 0.42518426966292133 0.573495575221239 0.006323595505617978 0.013141592920353983
15 0.4350651685393258 0.5737859513274336 0.0054112359550561795 0.013722345132743362
15 0.41705842696629214 0.5735232300884956 0.0062516853932584274 0.014303097345132743
9 0.28530337078651685 0.5744634955752213 0.12296629213483147 0.15113938053097345
15 0.1888831460674157 0.5754452433628319 0.010125842696629214 0.007085176991150442
15 0.2040202247191011 0.5757826327433628 0.012534831460674158 0.007759955752212389
15 0.6852988764044944 0.5817311946902655 0.010597752808988763 0.006382743362831858
15 0.20444269662921347 0.5869773230088496 0.013379775280898877 0.008025442477876106
15 0.18915280898876405 0.5874363938053098 0.011564044943820224 0.0067311946902654865
15 0.4351595505617978 0.5927682522123894 0.006498876404494382 0.012970132743362832
15 0.45491011235955053 0.5928567477876107 0.005550561797752809 0.01314712389380531
15 0.4449707865168539 0.5933655973451328 0.0054471910112359545 0.01305862831858407
1 0.42559775280898876 0.5934540929203539 0.0062516853932584274 0.013235619469026549
15 0.6860449438202247 0.5934789823008849 0.011191011235955055 0.006648230088495575
15 0.20441573033707863 0.597804203539823 0.014224719101123594 0.008661504424778761
15 0.1893056179775281 0.5982328539823009 0.010970786516853933 0.007306415929203541
15 0.6677730337078652 0.5989518805309735 0.010602247191011237 0.006532079646017699
15 0.37442696629213484 0.6021238938053098 0.010876404494382022 0.007345132743362831
15 0.6858741573033708 0.6034319690265487 0.01084943820224719 0.006642699115044248
15 0.6685370786516853 0.6098561946902654 0.011231460674157303 0.007323008849557522
15 0.18881573033707866 0.6101382743362832 0.01088988764044944 0.00788716814159292
15 0.20453258426966292 0.6126576327433628 0.012660674157303372 0.009607300884955752
15 0.409923595505618 0.6132660398230089 0.006364044943820224 0.014142699115044248
15 0.4188022471910113 0.61335453539823 0.006143820224719101 0.014319690265486726
15 0.3745483146067416 0.6145353982300884 0.012017977528089887 0.006725663716814159
15 0.6859438202247191 0.6145547566371682 0.010089887640449437 0.006764380530973451
4 0.8016044943820224 0.06257190265486726 0.10657977528089888 0.10191371681415928
15 0.6685191011235955 0.6207632743362831 0.011195505617977528 0.007013274336283186
15 0.18922247191011235 0.620837942477876 0.010804494382022472 0.007162610619469026
9 0.44017977528089886 0.6225331858407079 0.025528089887640448 0.03378318584070796
15 0.20485393258426968 0.6238965707964602 0.012404494382022473 0.006642699115044248
15 0.685705617977528 0.6255669247787611 0.010512359550561798 0.006664823008849558
15 0.3750044943820225 0.6269164823008849 0.011132584269662921 0.007151548672566371
15 0.6689258426966291 0.6320907079646018 0.011110112359550561 0.0075442477876106195
1 0.2050247191011236 0.6346681415929204 0.012746067415730337 0.007168141592920355
15 0.18757752808988765 0.6393362831858408 0.010211235955056179 0.0065486725663716815
15 0.37491910112359556 0.6394303097345132 0.01096179775280899 0.006736725663716814
1 0.6684292134831461 0.6428678097345133 0.011914606741573035 0.006974557522123894
15 0.7104943820224718 0.6474944690265487 0.005258426966292135 0.01290929203539823
15 0.6928786516853932 0.6480171460176991 0.005982022471910113 0.013954646017699116
15 0.7017191011235955 0.6485232300884956 0.005685393258426967 0.012754424778761061
15 0.6831033707865168 0.6484983407079645 0.005307865168539326 0.012704646017699115
15 0.37491910112359556 0.6510453539823008 0.01096179775280899 0.007842920353982302
15 0.44563595505617976 0.6524446902654867 0.00677752808988764 0.013960176991150442
15 0.45563370786516855 0.6527516592920354 0.006098876404494382 0.014574115044247788
15 0.43535505617977527 0.6572234513274336 0.006889887640449438 0.013561946902654868
15 0.4270112359550562 0.6570879424778762 0.006382022471910112 0.013290929203539824
15 0.37483370786516856 0.6636642699115044 0.010791011235955057 0.007638274336283186
15 0.6928629213483145 0.6684928097345133 0.005051685393258427 0.012870575221238937
15 0.7014584269662921 0.6689159292035399 0.006062921348314607 0.012610619469026548
15 0.7105101123595505 0.6693777654867256 0.00618876404494382 0.014640486725663716
15 0.4554494382022472 0.671545907079646 0.0066292134831460675 0.014551991150442476
15 0.44572359550561796 0.6716758849557523 0.006053932584269664 0.013705752212389382
15 0.8060943820224719 0.6886780973451329 0.011289887640449438 0.00788716814159292
15 0.8225752808988764 0.6928318584070797 0.010993258426966293 0.007345132743362831
1 0.4166629213483146 0.6934762168141593 0.007258426966292134 0.014164823008849557
1 0.42573707865168536 0.6936255530973452 0.006530337078651685 0.013357300884955752
4 0.3815955056179775 0.06958517699115044 0.1267865168539326 0.13142699115044248
15 0.8060943820224719 0.6992533185840708 0.011289887640449438 0.006913716814159292
15 0.8229370786516854 0.7039878318584071 0.01171685393258427 0.007533185840707965
15 0.8057348314606742 0.7101438053097345 0.011469662921348314 0.007676991150442478
15 0.8230112359550562 0.7149861725663716 0.011865168539325842 0.007405973451327434
9 0.7691820224719101 0.7167035398230088 0.050723595505617974 0.0584070796460177
15 0.8059123595505618 0.7209181415929204 0.010925842696629212 0.007101769911504425
15 0.823132584269663 0.7257605088495575 0.011208988764044945 0.00683075221238938
15 0.8066831460674156 0.7319386061946903 0.010669662921348314 0.007018805309734513
15 0.8228247191011236 0.7364491150442478 0.010593258426966292 0.007190265486725664
15 0.8023168539325842 0.7593307522123893 0.010925842696629212 0.006493362831858408
15 0.7849730337078652 0.7601299778761063 0.01129438202247191 0.006985619469026549
15 0.8026764044943819 0.7698921460176991 0.010746067415730337 0.007704646017699115
15 0.7852224719101123 0.770641592920354 0.010894382022471909 0.006991150442477876
4 0.5080224719101123 0.07917035398230088 0.053348314606741574 0.11298672566371681
4 0.9196426966292135 0.0799087389380531 0.05501573033707865 0.11446349557522123
1 0.8611685393258427 0.8199806415929204 0.038741573033707864 0.022704646017699115
1 0.7071910112359551 0.833191371681416 0.01752808988764045 0.04359513274336283
1 0.7295146067415731 0.8329922566371681 0.017231460674157303 0.04319690265486725
1 0.7722112359550563 0.8341952433628318 0.017231460674157303 0.042284292035398234
1 0.7949887640449438 0.8343722345132744 0.017842696629213485 0.042638274336283186
1 0.8614921348314607 0.8489905973451327 0.03848988764044944 0.022096238938053098
1 0.8622808988764045 0.8765542035398229 0.03826966292134832 0.024126106194690265
1 0.7728202247191012 0.8833904867256638 0.016651685393258425 0.04222345132743363
1 0.7301685393258427 0.8843058628318584 0.01853932584269663 0.041841814159292036
1 0.7070966292134832 0.8848589601769912 0.016440449438202248 0.041841814159292036
9 0.6702044943820225 0.9013827433628319 0.043330337078651686 0.03396017699115044
9 0.616267415730337 0.901941371681416 0.04422022471910112 0.03507743362831858
9 0.9145370786516854 0.9188578539823009 0.047501123595505616 0.0357245575221239
1 0.39833483146067417 0.923553650442478 0.011051685393258426 0.008611725663716815
1 0.34930337078651685 0.9244469026548673 0.011865168539325842 0.010398230088495575
15 0.3273258426966292 0.9332051991150442 0.011955056179775282 0.009109513274336282
9 0.8126516853932585 0.9335702433628319 0.04507865168539326 0.03417588495575221
1 0.7311033707865168 0.9346515486725663 0.018611235955056177 0.04297566371681416
15 0.39830337078651684 0.9345575221238939 0.011887640449438202 0.009601769911504424
1 0.7731325842696629 0.9345215707964601 0.018175280898876402 0.04382190265486726
15 0.4312112359550562 0.9349308628318584 0.011186516853932585 0.009242256637168142
15 0.3494988764044944 0.9352599557522124 0.011357303370786517 0.008794247787610619
1 0.7079415730337079 0.9357134955752212 0.01633258426966292 0.04288716814159292
15 0.9730741573033709 0.940575221238938 0.0063730337078651686 0.013893805309734514
4 0.3993752808988764 0.9595575221238939 0.12189662921348315 0.035265486725663715
15 0.9637191011235956 0.9607853982300885 0.012831460674157304 0.010066371681415928
4 0.2711528089887641 0.9613025442477876 0.07309213483146067 0.03433075221238938
15 0.3281932584269663 0.9625276548672567 0.011892134831460675 0.009126106194690266
9 0.8614494382022472 0.9633130530973452 0.03391011235955056 0.03392699115044248
15 0.9242898876404495 0.1500442477876106 0.005883146067415731 0.013584070796460176
15 0.9329393258426966 0.15046736725663717 0.005204494382022472 0.013324115044247787
15 0.9153662921348314 0.1504424778761062 0.006013483146067416 0.01327433628318584
15 0.8847033707865168 0.15415929203539824 0.00581123595505618 0.012964601769911505
15 0.8750494382022471 0.15426161504424776 0.006278651685393258 0.01316924778761062
15 0.8650382022471911 0.15447179203539824 0.0060314606741573035 0.013589601769911504
15 0.8554224719101123 0.1546404867256637 0.006575280898876405 0.013926991150442478
15 0.8939033707865168 0.1547621681415929 0.006233707865168539 0.013064159292035398
15 0.29644943820224723 0.15711006637168143 0.011325842696629214 0.006698008849557522
15 0.6308112359550562 0.16039269911504425 0.005892134831460674 0.014369469026548672
1 0.5687842696629214 0.16052820796460177 0.010377528089887641 0.00689712389380531
1 0.5459438202247191 0.1608987831858407 0.01143820224719101 0.007638274336283186
1 0.5928269662921348 0.1610342920353982 0.011721348314606741 0.006803097345132744
20 0.7319595505617977 0.16193307522123893 0.014031460674157304 0.017450221238938052
20 0.7170719101123595 0.16222345132743363 0.013020224719101123 0.018030973451327436
20 0.7470067415730337 0.16256360619469026 0.013564044943820224 0.01760508849557522
15 0.7715887640449438 0.1625580752212389 0.006098876404494382 0.01316924778761062
20 0.6873460674157303 0.16264103982300884 0.013793258426966293 0.01775995575221239
20 0.6439685393258426 0.16274612831858407 0.014229213483146068 0.017970132743362833
20 0.6591932584269663 0.16306415929203538 0.012319101123595506 0.0175
20 0.7024584269662921 0.16276825221238939 0.012557303370786517 0.019120575221238938
15 0.7805101123595506 0.16327157079646018 0.005964044943820224 0.013490044247787611
20 0.6731865168539325 0.16327433628318583 0.012440449438202246 0.017920353982300883
15 0.7890898876404494 0.16339601769911505 0.0060449438202247185 0.014845132743362832
1 0.7629258426966292 0.16348174778761063 0.005851685393258426 0.012804203539823008
15 0.7980719101123596 0.16349834070796462 0.006930337078651685 0.015049778761061948
15 0.3368292134831461 0.16434734513274335 0.004894382022471911 0.012323008849557523
15 0.380476404494382 0.16436946902654867 0.005896629213483146 0.013473451327433628
15 0.3898269662921348 0.16413440265486726 0.005721348314606742 0.013003318584070797
15 0.32715505617977525 0.16452986725663718 0.005321348314606742 0.012688053097345133
15 0.3984988764044944 0.16452986725663718 0.005087640449438202 0.012688053097345133
15 0.3629303370786517 0.16478429203539824 0.005860674157303371 0.014303097345132743
15 0.37195955056179775 0.16455199115044247 0.005941573033707866 0.013838495575221238
15 0.3544966292134831 0.16497234513274336 0.00607191011235955 0.01357300884955752
15 0.34545168539325843 0.16537057522123894 0.005060674157303371 0.013263274336283186
15 0.4673415730337079 0.16641592920353981 0.010638202247191012 0.007610619469026548
1 0.29644494382022474 0.1683517699115044 0.01221573033707865 0.008163716814159292
9 0.43859101123595506 0.1683296460176991 0.03493483146067416 0.03356194690265487
1 0.12138651685393258 0.17209070796460177 0.03243595505617978 0.006792035398230088
1 0.9354179775280899 0.17604811946902657 0.0056674157303370784 0.013600663716814159
15 0.4666808988764045 0.17709070796460177 0.010215730337078652 0.006836283185840708
15 0.29743370786516854 0.1788633849557522 0.011496629213483146 0.00816924778761062
15 0.7347730337078651 0.18116150442477877 0.0052764044943820225 0.012765486725663716
15 0.7495775280898876 0.18136891592920354 0.006121348314606741 0.013180309734513273
15 0.7053528089887641 0.18216261061946903 0.004862921348314607 0.012555309734513274
15 0.6758988764044944 0.18230918141592922 0.007078651685393259 0.015060840707964603
15 0.6606719101123595 0.18215707964601768 0.00538876404494382 0.013650442477876105
15 0.7201775280898877 0.18245022123893806 0.005748314606741573 0.013130530973451326
15 0.6462067415730337 0.18265763274336283 0.005222471910112359 0.013545353982300884
15 0.6899393258426967 0.18265763274336283 0.006395505617977529 0.013545353982300884
1 0.3633101123595506 0.18536780973451328 0.005721348314606742 0.013434734513274336
1 0.3273820224719101 0.18576603982300885 0.0057752808988764046 0.013125
15 0.37242471910112357 0.18546736725663715 0.005973033707865168 0.01474004424778761
1 0.3450808988764045 0.18555033185840708 0.005217977528089887 0.013799778761061946
15 0.3366696629213483 0.18584347345132743 0.005474157303370786 0.013279867256637169
15 0.35430112359550564 0.18596792035398232 0.005680898876404494 0.01463495575221239
9 0.8729056179775281 0.18594856194690265 0.040642696629213486 0.033401548672566374
20 0.7637213483146067 0.18883296460176993 0.012835955056179774 0.01704646017699115
1 0.2964966292134832 0.18961559734513272 0.010521348314606742 0.007549778761061947
9 0.7879505617977528 0.19187223451327431 0.018148314606741576 0.03418694690265487
1 0.3161528089887641 0.19378318584070797 0.004889887640449438 0.012566371681415929
15 0.9627662921348316 0.19417588495575222 0.0055325842696629214 0.013351769911504425
15 0.16725842696629212 0.1997013274336283 0.010921348314606743 0.006703539823008849
15 0.15157752808988764 0.20070243362831858 0.010121348314606742 0.006493362831858408
20 0.7471662921348314 0.20293141592920352 0.01388314606741573 0.016482300884955753
20 0.7308404494382021 0.2036200221238938 0.013591011235955056 0.01564712389380531
20 0.688085393258427 0.20382743362831857 0.013474157303370787 0.016061946902654868
20 0.717238202247191 0.20382743362831857 0.012453932584269663 0.016061946902654868
20 0.6737168539325843 0.2041675884955752 0.0144 0.01674225663716814
20 0.6441348314606742 0.20427267699115043 0.013662921348314606 0.016952433628318584
20 0.6590741573033708 0.20437776548672565 0.012979775280898876 0.017162610619469026
20 0.7032404494382023 0.2049612831858407 0.01322247191011236 0.01611725663716814
1 0.10277528089887641 0.2054424778761062 0.02397752808988764 0.007123893805309735
1 0.13146741573033707 0.2054563053097345 0.005856179775280899 0.013788716814159292
1 0.12298651685393258 0.20595962389380532 0.00687191011235955 0.013689159292035399
9 0.2582966292134832 0.20918694690265485 0.020413483146067418 0.030099557522123895
15 0.3166449438202247 0.21274059734513273 0.004975280898876404 0.012870575221238937
1 0.3245325842696629 0.21303650442477878 0.006368539325842697 0.013462389380530973
1 0.35151460674157303 0.21303650442477878 0.0064 0.013462389380530973
15 0.3339752808988764 0.21337112831858407 0.005478651685393258 0.013025442477876107
15 0.342638202247191 0.2133462389380531 0.005725842696629214 0.01297566371681416
15 0.1825685393258427 0.21894358407079648 0.005586516853932584 0.014214601769911505
1 0.17422471910112358 0.2195353982300885 0.005078651685393259 0.012079646017699114
15 0.7845056179775282 0.2211670353982301 0.005865168539325843 0.014236725663716813
15 0.7934516853932585 0.22143528761061948 0.005779775280898876 0.013667035398230089
1 0.6647011235955056 0.22624446902654868 0.006256179775280899 0.014435840707964602
1 0.6534022471910113 0.2319137168141593 0.0061303370786516855 0.013606194690265487
15 0.3602696629213483 0.23209900442477877 0.005932584269662921 0.013976769911504424
15 0.3519056179775281 0.2323921460176991 0.005384269662921349 0.013456858407079645
9 0.8905797752808988 0.23241703539823008 0.0337438202247191 0.03231194690265487
15 0.3427460674157303 0.23258019911504424 0.005941573033707866 0.012726769911504426
15 0.30220449438202246 0.2323313053097345 0.005757303370786517 0.013335176991150442
15 0.33439775280898876 0.23238384955752212 0.006323595505617978 0.014546460176991152
15 0.293961797752809 0.23264380530973452 0.006350561797752809 0.013960176991150442
15 0.31635955056179776 0.23328816371681418 0.0062022471910112365 0.013036504424778762
15 0.3253685393258427 0.23307522123893804 0.006242696629213483 0.013716814159292035
15 0.7131730337078651 0.23618362831858405 0.005222471910112359 0.01329646017699115
9 0.5691370786516854 0.23684181415929204 0.07040898876404494 0.0632853982300885
15 0.7041820224719102 0.2370215707964602 0.00611685393258427 0.013866150442477876
15 0.2572876404494382 0.23904867256637166 0.00581123595505618 0.013495575221238938
15 0.26631910112359547 0.23957688053097342 0.005896629213483146 0.01344579646017699
15 0.24842696629213484 0.23936117256637168 0.006067415730337079 0.014120575221238938
9 0.9254404494382023 0.2419441371681416 0.029757303370786515 0.024817477876106192
9 0.1610067415730337 0.2516620575221239 0.03886741573033708 0.034297566371681416
1 0.3163865168539326 0.2530862831858407 0.005357303370786517 0.012809734513274336
15 0.2930269662921348 0.2535896017699115 0.005379775280898877 0.01381637168141593
1 0.3603393258426966 0.2531360619469027 0.005173033707865168 0.01290929203539823
15 0.30228764044943823 0.25322455752212386 0.005923595505617977 0.013086283185840708
15 0.3937280898876404 0.25344026548672566 0.012624719101123595 0.007986725663716814
1 0.3255842696629213 0.2536642699115044 0.0057752808988764046 0.012859513274336282
1 0.3339685393258427 0.2535536504424779 0.006364044943820224 0.013744469026548673
1 0.827761797752809 0.25729258849557524 0.03574831460674158 0.02122234513274336
1 0.43149662921348314 0.25862278761061946 0.006364044943820224 0.013926991150442478
15 0.4490426966292135 0.2585757743362832 0.0064 0.012726769911504426
20 0.408523595505618 0.2594966814159292 0.016148314606741574 0.017887168141592923
15 0.4225033707865169 0.2601465707964602 0.007253932584269663 0.01476216814159292
15 0.39396404494382026 0.2643473451327434 0.012197752808988764 0.007676991150442478
15 0.9368651685393259 0.2694911504424779 0.011258426966292135 0.006902654867256637
15 0.12049662921348316 0.2706028761061947 0.005487640449438203 0.013550884955752213
1 0.11129662921348314 0.27070796460176993 0.005065168539325843 0.013761061946902655
15 0.10232134831460674 0.2712278761061947 0.006889887640449438 0.014800884955752214
15 0.3941348314606742 0.27686393805309734 0.012539325842696628 0.007267699115044248
15 0.8000359550561797 0.28065265486725666 0.011757303370786516 0.007101769911504425
15 0.17343595505617976 0.2807439159292035 0.005298876404494382 0.015027654867256638
1 0.43158202247191013 0.2814933628318584 0.006534831460674157 0.01320796460176991
15 0.15573707865168537 0.28149059734513276 0.005856179775280899 0.013202433628318584
15 0.5835415730337079 0.2815984513274336 0.0048359550561797755 0.012311946902654868
1 0.16466067415730337 0.2813606194690265 0.005725842696629214 0.012942477876106194
15 0.4229438202247191 0.28151548672566373 0.005438202247191011 0.014358407079646017
20 0.40889887640449435 0.28204369469026547 0.014202247191011236 0.018733407079646016
15 0.44943370786516856 0.28214601769911507 0.005384269662921349 0.014513274336283185
15 0.5744224719101123 0.2823285398230088 0.005474157303370786 0.013772123893805308
15 0.5655887640449438 0.2820934734513274 0.004885393258426966 0.013301991150442479
15 0.5921393258426966 0.28253595132743364 0.005851685393258426 0.014186946902654866
9 0.9179595505617978 0.28245851769911506 0.02018876404494382 0.02398783185840708
15 0.5572202247191012 0.2829341814159292 0.0052269662921348315 0.013877212389380531
15 0.5314943820224719 0.28291482300884957 0.0059101123595505616 0.013838495575221238
15 0.5050876404494382 0.28312223451327434 0.0061303370786516855 0.014253318584070796
15 0.5136044943820225 0.28354535398230085 0.006085393258426966 0.013993362831858407
15 0.5230629213483147 0.2833102876106195 0.006125842696629214 0.013523230088495574
15 0.3942179775280899 0.28845685840707963 0.01270561797752809 0.0072234513274336285
1 0.937161797752809 0.2891592920353982 0.010952808988764046 0.006415929203539823
15 0.8197191011235955 0.2899557522123894 0.01247191011235955 0.006902654867256637
15 0.799867415730337 0.2908213495575221 0.011420224719101124 0.007527654867256637
1 0.6279101123595505 0.29277101769911507 0.010876404494382022 0.007002212389380531
15 0.6138516853932584 0.2928567477876106 0.010624719101123595 0.006067477876106195
4 0.9650224719101125 0.29608130530973453 0.030719101123595504 0.05676438053097345
1 0.5923820224719101 0.2972594026548673 0.004539325842696629 0.010448008849557523
1 0.5751887640449439 0.29761061946902656 0.006107865168539325 0.01336283185840708
1 0.5837056179775281 0.297820796460177 0.006062921348314607 0.013783185840707965
1 0.5660966292134831 0.2990099557522124 0.005901123595505618 0.0128429203539823
15 0.9370719101123596 0.29924778761061943 0.01167191011235955 0.00668141592920354
15 0.39402921348314607 0.2996266592920354 0.01232808988764045 0.0074391592920353975
15 0.5314719101123596 0.3019137168141593 0.005865168539325843 0.013119469026548671
15 0.5145033707865169 0.3022842920353982 0.006085393258426966 0.012754424778761061
15 0.5232314606741574 0.3022842920353982 0.006462921348314607 0.012754424778761061
15 0.49629438202247195 0.3026216814159292 0.005622471910112359 0.01342920353982301
15 0.5056 0.30259679203539824 0.006256179775280899 0.013379424778761063
1 0.6276719101123596 0.30338772123893804 0.011298876404494382 0.007217920353982301
15 0.6143595505617978 0.30418141592920356 0.011640449438202246 0.0065929203539823004
1 0.43179775280898874 0.3045436946902655 0.006067415730337079 0.013954646017699116
20 0.4085550561797753 0.30473174778761064 0.014413483146067416 0.01764933628318584
15 0.09877977528089887 0.3045630530973451 0.011492134831460674 0.007356194690265487
15 0.42312808988764045 0.3048091814159292 0.00670561797752809 0.013379424778761063
15 0.4494494382022472 0.3052516592920354 0.006314606741573034 0.014264380530973451
15 0.9370067415730338 0.3098644911504425 0.011541573033707866 0.00689712389380531
15 0.39409662921348315 0.31043141592920354 0.011564044943820224 0.0069247787610619465
1 0.6276719101123596 0.31429756637168144 0.011298876404494382 0.006913716814159292
1 0.575 0.3142090707964602 0.005730337078651685 0.013373893805309735
1 0.5923775280898876 0.3142284292035398 0.005429213483146068 0.014518805309734513
1 0.5665033707865169 0.3143971238938053 0.005815730337078651 0.012643805309734513
15 0.6146179775280899 0.31446073008849557 0.011258426966292135 0.006133849557522124
15 0.09959325842696629 0.3150746681415929 0.011321348314606742 0.0073617256637168145
9 0.3342449438202247 0.316916482300885 0.09770337078651685 0.09069137168141593
15 0.9367168539325843 0.3214823008849558 0.010062921348314607 0.006902654867256637
9 0.20517303370786516 0.3246930309734513 0.03461573033707865 0.032129424778761066
15 0.09951011235955055 0.3257494469026549 0.011155056179775281 0.006587389380530974
15 0.42035280898876404 0.32853982300884954 0.005649438202247191 0.01327433628318584
15 0.39450337078651687 0.32823838495575225 0.011478651685393257 0.007140486725663717
20 0.44050112359550564 0.3286200221238938 0.014485393258426965 0.017859513274336283
15 0.45210337078651686 0.32853152654867257 0.006229213483146067 0.014363938053097344
15 0.41097977528089885 0.32892975663716817 0.005779775280898876 0.014054203539823009
15 0.4289325842696629 0.3291841814159292 0.005730337078651685 0.01566924778761062
1 0.267885393258427 0.32912610619469024 0.0054337078651685395 0.012234513274336284
1 0.2766651685393259 0.3297594026548673 0.005914606741573034 0.013501106194690266
1 0.259123595505618 0.330279314159292 0.006786516853932584 0.013434734513274336
15 0.3945258426966292 0.34006637168141596 0.011523595505617977 0.0075663716814159294
1 0.6279977528089888 0.34737278761061946 0.0065573033707865165 0.014435840707964602
15 0.39442022471910115 0.3511836283185841 0.011312359550561799 0.007676991150442478
15 0.5215505617977528 0.35212112831858405 0.012089887640449437 0.007339601769911504
15 0.411238202247191 0.3525580752212389 0.005397752808988764 0.01485066371681416
15 0.43520224719101125 0.3524059734513274 0.005685393258426967 0.013440265486725665
20 0.42273932584269663 0.3531969026548673 0.01491685393258427 0.018340707964601768
9 0.1583752808988764 0.36064159292035397 0.03360449438202247 0.03323008849557522
1 0.39450337078651687 0.36177267699115045 0.011478651685393257 0.007837389380530973
9 0.8797056179775281 0.3636725663716814 0.06682696629213483 0.10898230088495575
15 0.5218741573033708 0.363791482300885 0.011838202247191012 0.007450221238938053
9 0.7138269662921348 0.370600110619469 0.15124943820224718 0.18367809734513274
1 0.9276404494382022 0.37435011061946905 0.010786516853932584 0.007549778761061947
15 0.5215348314606741 0.37577986725663715 0.011159550561797751 0.00709070796460177
9 0.5626044943820225 0.37717920353982304 0.048355056179775285 0.09838495575221239
1 0.6281505617977529 0.3784651548672566 0.005964044943820224 0.013567477876106196
1 0.39250786516853936 0.3835342920353982 0.0056898876404494385 0.011537610619469027
1 0.3753191011235955 0.38374170353982295 0.006368539325842697 0.011952433628318583
1 0.3471213483146068 0.3839518805309734 0.0057033707865168535 0.01237278761061947
1 0.36584044943820226 0.3843252212389381 0.0062876404494382025 0.012013274336283184
1 0.38417977528089886 0.38424502212389383 0.006112359550561798 0.01185287610619469
1 0.3287550561797753 0.3844717920353982 0.006723595505617978 0.013412610619469027
1 0.2906494382022472 0.3848700221238938 0.006017977528089888 0.013102876106194691
1 0.2994876404494382 0.3849529867256637 0.00571685393258427 0.012162610619469025
1 0.35726067415730334 0.3849529867256637 0.006206741573033708 0.012162610619469025
1 0.33802247191011237 0.3852931415929204 0.006382022471910112 0.0128429203539823
1 0.2821325842696629 0.3850580752212389 0.006062921348314607 0.01237278761061947
1 0.3085393258426966 0.38537610619469026 0.005842696629213483 0.011902654867256637
1 0.26433258426966294 0.38550055309734516 0.005519101123595506 0.013257743362831857
1 0.2730808988764045 0.38557798672566373 0.005937078651685393 0.013412610619469027
15 0.9280831460674158 0.38552544247787607 0.01167191011235955 0.006670353982300885
1 0.4592696629213483 0.3886393805309734 0.010674157303370787 0.008473451327433629
15 0.5217730337078651 0.3938025442477876 0.010737078651685394 0.006631637168141593
15 0.9284539325842697 0.3963772123893805 0.010615730337078652 0.007356194690265487
1 0.40889213483146064 0.39740873893805306 0.011492134831460674 0.007206858407079646
15 0.392591011235955 0.40308075221238937 0.005856179775280899 0.015232300884955752
15 0.32841573033707866 0.4033738938053097 0.0060449438202247185 0.014712389380530974
15 0.27308539325842696 0.40409015486725663 0.005047191011235955 0.013932522123893806
15 0.3379438202247191 0.4038550884955752 0.005325842696629213 0.013462389380530973
15 0.36635955056179775 0.4040652654867256 0.00552808988764045 0.01388274336283186
15 0.30862247191011233 0.40448838495575223 0.0060089887640449435 0.013622787610619469
15 0.32046067415730334 0.40448838495575223 0.005415730337078652 0.013622787610619469
15 0.26433258426966294 0.4045907079646018 0.005519101123595506 0.013827433628318585
15 0.3753191011235955 0.4045907079646018 0.006368539325842697 0.013827433628318585
15 0.35726067415730334 0.40467643805309733 0.006206741573033708 0.012892699115044247
15 0.34688314606741577 0.4048008849557522 0.006125842696629214 0.01424778761061947
15 0.28123370786516855 0.4045658185840708 0.006062921348314607 0.013777654867256637
15 0.2994022471910112 0.4048838495575221 0.005546067415730337 0.013307522123893805
15 0.2903258426966292 0.40521570796460177 0.006269662921348314 0.015077433628318584
15 0.3838202247191011 0.4050470132743363 0.005393258426966292 0.012527654867256637
15 0.5214292134831461 0.4057356194690266 0.010948314606741573 0.007267699115044248
15 0.927876404494382 0.40715431415929204 0.010359550561797753 0.00678650442477876
1 0.40844943820224716 0.4078180309734514 0.010606741573033708 0.007007743362831859
15 0.5988426966292134 0.4112804203539823 0.012067415730337079 0.007295353982300885
20 0.6205775280898876 0.41497234513274334 0.013289887640449439 0.015785398230088496
15 0.8380292134831461 0.4222925884955752 0.0059460674157303375 0.013832964601769913
15 0.846123595505618 0.42268805309734514 0.0050561797752808986 0.013517699115044248
20 0.5994404494382023 0.42612831858407085 0.012364044943820226 0.013761061946902655
15 0.6212741573033708 0.4292754424778761 0.011087640449438203 0.006780973451327434
15 0.5989977528089887 0.44128595132743365 0.011478651685393257 0.007571902654867256
15 0.42529662921348316 0.4428318584070796 0.0074471910112359554 0.012876106194690266
1 0.416885393258427 0.443100110619469 0.007703370786516854 0.013412610619469027
15 0.43435955056179776 0.44307798672566373 0.00849438202247191 0.013368362831858408
15 0.44451011235955057 0.44378595132743365 0.00722247191011236 0.013678097345132744
20 0.6209213483146068 0.4454811946902655 0.01307865168539326 0.015962389380530972
20 0.5997415730337079 0.45610896017699115 0.012067415730337079 0.013987831858407079
4 0.9645640449438203 0.45869745575221244 0.02980224719101124 0.12757190265486726
15 0.6209056179775282 0.45930862831858404 0.012148314606741574 0.007112831858407079
15 0.43502247191011234 0.46224557522123894 0.00802247191011236 0.014092920353982302
15 0.443685393258427 0.46283738938053093 0.007370786516853932 0.013064159292035398
1 0.4245213483146067 0.46342920353982303 0.006795505617977528 0.016460176991150443
15 0.3179820224719101 0.4735370575221239 0.005851685393258426 0.012339601769911503
15 0.3269056179775281 0.4738246681415929 0.005721348314606742 0.012914823008849559
15 0.21790786516853933 0.47878318584070795 0.010647191011235955 0.007345132743362831
15 0.14212808988764045 0.4800276548672566 0.0056044943820224725 0.013152654867256638
15 0.15021797752808988 0.4808877212389381 0.0056044943820224725 0.01487278761061947
15 0.15994606741573034 0.4811615044247788 0.00708314606741573 0.01320796460176991
1 0.28352134831460674 0.48794247787610623 0.02232359550561798 0.013495575221238938
15 0.21807865168539328 0.4910066371681416 0.01098876404494382 0.007455752212389381
9 0.4298067415730337 0.49301438053097346 0.036242696629213485 0.03248893805309735
9 0.8957640449438202 0.4957577433628319 0.03961797752808989 0.0346570796460177
15 0.6778606741573033 0.4965348451327434 0.005608988764044944 0.014087389380530974
15 0.6683191011235955 0.4967228982300885 0.005402247191011236 0.013357300884955752
15 0.6866516853932584 0.49735342920353987 0.006112359550561798 0.01351216814159292
15 0.6503168539325842 0.4972455752212389 0.0062516853932584274 0.014402654867256637
15 0.6596471910112359 0.4976686946902655 0.006035955056179775 0.014142699115044248
15 0.1459820224719101 0.5010066371681416 0.005222471910112359 0.01418141592920354
15 0.16339775280898877 0.5010508849557522 0.005896629213483146 0.013163716814159293
1 0.13733483146067416 0.5011946902654867 0.00590561797752809 0.013451327433628318
15 0.15494382022471911 0.5010647123893806 0.006067415730337079 0.01319137168141593
1 0.7036853932584269 0.5032328539823009 0.006022471910112359 0.013102876106194691
1 0.7125258426966292 0.5029977876106194 0.005725842696629214 0.012632743362831858
15 0.6776696629213483 0.5164574115044248 0.0052269662921348315 0.013003318584070797
15 0.6686561797752809 0.5164325221238938 0.006076404494382022 0.01295353982300885
15 0.6502808988764045 0.5167450221238938 0.005280898876404494 0.01357853982300885
15 0.660314606741573 0.5167450221238938 0.005573033707865169 0.01357853982300885
15 0.20427865168539325 0.5210121681415929 0.012152808988764044 0.007732300884955752
15 0.43787191011235954 0.5239629424778761 0.005631460674157303 0.013633849557522124
1 0.44662696629213483 0.5239629424778761 0.006062921348314607 0.013633849557522124
15 0.4287797752808989 0.5237610619469026 0.006323595505617978 0.013230088495575222
15 0.4203640449438202 0.5241814159292035 0.00567191011235955 0.012964601769911505
9 0.1502426966292135 0.531545907079646 0.027226966292134832 0.032118362831858406
15 0.20417752808988765 0.5320049778761062 0.011051685393258426 0.00648783185840708
15 0.1884067415730337 0.5321100663716813 0.010970786516853933 0.006698008849557522
15 0.6688089887640449 0.5362389380530973 0.00548314606741573 0.013849557522123893
15 0.6602292134831461 0.5365320796460177 0.005402247191011236 0.013329646017699115
15 0.650723595505618 0.5369634955752213 0.0061662921348314605 0.013086283185840708
15 0.678076404494382 0.5368445796460177 0.005141573033707865 0.013954646017699116
15 0.4379258426966292 0.5422594026548673 0.005739325842696629 0.013722345132743362
15 0.44689438202247195 0.5420575221238938 0.005698876404494382 0.013318584070796459
15 0.20393483146067415 0.5428512168141593 0.012364044943820226 0.008268805309734513
15 0.1887685393258427 0.5428871681415929 0.01169438202247191 0.006128318584070797