1 0.9161897665176354 0.37489223337049427 0.014197714853452557 0.005079895949461167
15 0.6788102334823646 0.03781122259383129 0.00938400397416791 0.013192121887774062
1 0.9152036761053155 0.3799869936826458 0.015206159960258321 0.005607580824972129
15 0.27313959264778936 0.03912671869193608 0.006785891703924491 0.010620587142326271
15 0.28192747143566815 0.03914901523597176 0.00747143566815698 0.012151616499442587
15 0.4210506706408346 0.39101635079895947 0.017461500248385494 0.0068561872909699
15 0.26300794833581714 0.039533630620587144 0.007386984600099354 0.01069119286510591
1 0.5380526577247888 0.40529914529914535 0.18092399403874812 0.13129691564474172
15 0.26099850968703425 0.4115161649944259 0.015290611028315948 0.004749163879598662
1 0.2939170392449081 0.41171311780007436 0.015553899652260308 0.005143069490895578
1 0.31034525583705913 0.41230955035302863 0.01462990561351217 0.00559271646228168
1 0.9117983109786388 0.41817354143441104 0.015350223546944857 0.005429208472686733
1 0.31895181321410826 0.42184503901895204 0.008991554893194238 0.011285767372723896
15 0.28734475906607054 0.42225380899293946 0.008370591157476404 0.009873652917131178
15 0.2958594138102335 0.42247305834262355 0.005529061102831595 0.00956893348197696
15 0.3420516641828117 0.42257153474544784 0.007501241927471435 0.0105091044221479
1 0.32850471932439146 0.42276848755109625 0.006239443616492797 0.010159791898922334
15 0.3348112270243418 0.4230007432181345 0.005936413313462494 0.009881085098476404
15 0.3123224043715847 0.42304162021553327 0.006661698956780924 0.009219620958751394
15 0.30238201689021366 0.4231289483463397 0.007645305514157974 0.008651059085841696
15 0.27084699453551914 0.42316982534373837 0.008161947342275211 0.00947603121516165
15 0.2799478390461997 0.4237030843552583 0.007486338797814207 0.011285767372723896
1 0.9117734724292101 0.42421404682274244 0.014307004470938897 0.00636194723151245
4 0.9548907103825136 0.4243738387216648 0.0588127173373075 0.15383872166480864
15 0.26272230501738697 0.42459494611668525 0.006815697963238947 0.008610182088442959
1 0.43606557377049177 0.43141583054626537 0.017685047193243916 0.0066443701226309914
15 0.28308246398410336 0.43310479375696764 0.007794336810730253 0.010022296544035674
15 0.2967536015896672 0.4334020810107767 0.0063238946845504225 0.01061687105165366
15 0.33015896671634376 0.43396506874767743 0.006567312468951814 0.010999628390932738
1 0.323976651763537 0.4341397250092902 0.0061251862891207156 0.011348940914158305
15 0.27046448087431696 0.4339632107023412 0.00739692001987084 0.011739130434782608
15 0.3039220069547938 0.4340765514678558 0.006751117734724292 0.011222593831289483
1 0.2907078986587184 0.4342437755481234 0.0071485345255837066 0.012300260126347084
1 0.317123695976155 0.4342846525455221 0.006328862394436165 0.01089557785209959
15 0.3107004470938897 0.4344351542177629 0.007391952309985097 0.01193979933110368
15 0.2771336313959265 0.4345392047565961 0.006825633383010433 0.011404682274247492
15 0.2635245901639344 0.436146413972501 0.007426726279185295 0.010903010033444816
1 0.3452136115250869 0.44221107395020437 0.014818678589170391 0.005195094760312152
1 0.9129309488325882 0.4469899665551839 0.014634873323397914 0.004347826086956522
1 0.34578241430700446 0.44795800817539944 0.015956284153005464 0.005540691192865106
1 0.4055240933929459 0.4501876625789669 0.016214605067064083 0.005540691192865106
15 0.3448708395429707 0.45268115942028986 0.014133134624937904 0.004581939799331104
15 0.4161152508693492 0.04553325901151988 0.01553899652260308 0.005596432552954292
15 0.345404868355688 0.4571794871794872 0.015201192250372579 0.004659977703455964
1 0.3996994535519126 0.4584373838721665 0.0075459513164431195 0.009405425492382014
15 0.9131967213114754 0.45914901523597174 0.006224540486835568 0.010085470085470085
1 0.9197441629408842 0.45973244147157194 0.006403378042722305 0.011252322556670384
15 0.34551167411823147 0.46249535488665927 0.01442126179831098 0.004886659234485322
1 0.6869647292598112 0.04667967298402081 0.006815697963238947 0.010118914901523597
1 0.3451366120218579 0.4674563359345968 0.015658221559860904 0.0044035674470457075
15 0.5947888723298559 0.4708045336306206 0.015211127670144065 0.005154217762913415
15 0.3457426726279185 0.47246748420661466 0.014883258817685048 0.0047640282422891115
15 0.9158196721311476 0.4740245261984392 0.0134575260804769 0.004162021553325901
15 0.34542722305017387 0.47783909327387586 0.016239443616492797 0.005845410628019324
1 0.5294237456532539 0.4777740616871052 0.006686537506209638 0.010917874396135265
1 0.45979880774962745 0.4787551096246748 0.006532538499751614 0.011393534002229654
15 0.9164356681569796 0.47919175027870686 0.012702434177844014 0.004834633965068748
15 0.3454744162940884 0.48448903753251576 0.014346746150024839 0.005767372723894463
15 0.9163760556383507 0.484520624303233 0.013576751117734723 0.004344109996283909
15 0.3011102831594635 0.4878242289111854 0.006095380029806259 0.01169453734671126
1 0.28816194734227524 0.48803232998885177 0.0050372578241430705 0.009881085098476404
15 0.33540983606557373 0.48813080639167594 0.007133631395926478 0.010078037904124862
15 0.29502980625931446 0.4882775919732441 0.006850471932439145 0.011114827201783724
15 0.3074416294088425 0.4885079895949461 0.005842026825633383 0.01083240431066518
15 0.3212891207153502 0.4885079895949461 0.0067113760556383505 0.012318840579710144
1 0.32853452558370594 0.4884931252322557 0.007292598112270243 0.01080267558528428
15 0.3144808743169399 0.48852842809364555 0.007004470938897168 0.0116164994425864
1 0.26328862394436164 0.48861575622445186 0.005961251862891207 0.010304719435154219
1 0.34659960258320915 0.48979375696767 0.0146100347739692 0.004485321441843181
15 0.9163065076999504 0.49007989594946116 0.01343765524093393 0.00431438127090301
1 0.34828365623447594 0.4965366034931253 0.014997516145057128 0.004593088071348941
15 0.3992970690511674 0.4981623931623932 0.006741182314952807 0.011560758082497213
15 0.33370591157476404 0.4985470085470085 0.01366120218579235 0.0048978075065031585
15 0.3928241430700447 0.4985971757710888 0.007704918032786885 0.011687105165366035
15 0.4057675111773472 0.49879227053140096 0.007759562841530054 0.01282051282051282
1 0.35923994038748136 0.49961166852471195 0.007103825136612022 0.01
1 0.3038077496274218 0.5006633221850614 0.006522603079980129 0.01061687105165366
15 0.29056880278191755 0.5006688963210703 0.007863884749130651 0.010628019323671498
1 0.2835419771485345 0.5005146785581568 0.006726279185295578 0.010319583797844667
1 0.2771087928464978 0.5008900037160907 0.0067759562841530055 0.010327015979189893
15 0.3104396423248882 0.5008825715347455 0.006870342771982116 0.011055369751021924
1 0.2700347739692002 0.5009903381642512 0.007531048186785892 0.011270903010033443
1 0.2634277198211624 0.5014288368636195 0.006239443616492797 0.009918246005202528
1 0.2967237953303527 0.5014994425863991 0.0062642821659215095 0.011545893719806763
1 0.31620715350223544 0.5018357487922706 0.006482861400894188 0.010732069862504644
1 0.3235121708892201 0.502372723894463 0.005196224540486836 0.01106280193236715
15 0.33394684550422254 0.503307320698625 0.015136612021857922 0.004756596060943887
15 0.4156458022851466 0.051202155332590114 0.014600099354197715 0.0050427350427350425
15 0.37653005464480876 0.509568933481977 0.008897168405365127 0.011334076551467856
15 0.36963238946845506 0.5095893719806763 0.0070243417784401395 0.01063173541434411
1 0.31232737208147043 0.5108063916759569 0.016607054148037755 0.004890375325157934
15 0.26611028315946345 0.5112002972872538 0.01756582215598609 0.0041917502787068
1 0.2948609041231992 0.5112393162393162 0.015454545454545453 0.005013006317354143
15 0.28132141082960754 0.5113600891861761 0.01321410829607551 0.00525455221107395
1 0.34184302036761055 0.5115886287625417 0.014038748137108793 0.004225195094760312
15 0.565499254843517 0.5128205128205128 0.007302533532041728 0.013377926421404682
15 0.575829607550919 0.513331475287997 0.009085941381023348 0.009940542549238202
15 0.4716666666666667 0.5133407655146786 0.0074167908594138104 0.010702341137123745
15 0.38592399403874816 0.5136120401337793 0.007814207650273224 0.010501672240802677
15 0.41553651266766023 0.5137402452619844 0.008420268256333829 0.010758082497212931
20 0.6742200695479383 0.05202155332590116 0.016100347739692 0.013370494240059457
1 0.3397193243914555 0.5168729096989967 0.01475906607054148 0.004388703084355259
1 0.20076005961251864 0.526740988480119 0.008077496274217586 0.010746934225195095
15 0.35836810730253355 0.05370494240059458 0.014302036761053153 0.005589000371609067
9 0.14594138102334822 0.5373690078037904 0.0335618479880775 0.032002972872538095
9 0.18104818678589168 0.5379078409513192 0.034227521112767015 0.030107766629505758
1 0.22830601092896174 0.5401783723522854 0.007531048186785892 0.01012263099219621
1 0.12178340784898162 0.546371237458194 0.008097367113760556 0.011360089186176143
15 0.8238152011922504 0.5531382385730211 0.021202185792349726 0.006313638052768487
15 0.8410829607550918 0.5533333333333333 0.013015399900645801 0.005217391304347826
15 0.8544038748137108 0.5532998885172798 0.015812220566318928 0.005150501672240802
15 0.3741256830601093 0.05552582683017465 0.0150173869846001 0.005514678558156819
15 0.8546795827123697 0.5585674470457079 0.01636363636363636 0.005280564845782237
1 0.15751862891207152 0.5593125232255667 0.008032786885245903 0.01197324414715719
20 0.7807103825136612 0.5617892976588629 0.017456532538499752 0.013953920475659605
20 0.7978216592151018 0.5620884429580082 0.018892200695479384 0.015295429208472686
20 0.8382141082960756 0.5637848383500558 0.015226030799801291 0.013485693050910443
15 0.5979259811227025 0.5641341508732813 0.013537009438648783 0.005265700483091788
20 0.8214307004470939 0.564065403195838 0.019413810233482365 0.014046822742474915
1 0.14551664182811724 0.5640914158305462 0.01582215598609041 0.005180230397621702
15 0.5824838549428714 0.5641155704199182 0.012459016393442622 0.004485321441843181
1 0.6862444113263786 0.05666295057599405 0.005375062096373572 0.010018580453363062
1 0.0832314952806756 0.569429580081754 0.01544461003477397 0.005451505016722408
15 0.5780923994038748 0.5702396878483835 0.014605067064083457 0.005585284280936455
15 0.7988599105812221 0.5728911185432924 0.01401390958768008 0.00568561872909699
15 0.7838251366120218 0.5731475287997027 0.014744162940884252 0.0039687848383500555
15 0.5601639344262295 0.5733296172426607 0.015509190263288623 0.005819397993311037
15 0.066949826130154 0.5744704570791528 0.016661698956780924 0.006614641397250093
15 0.23500993541977147 0.579957264957265 0.00901639344262295 0.010156075808249721
1 0.26669398907103825 0.5826142697881829 0.015752608047690016 0.005065031586770717
1 0.8712568306010928 0.5915626161278336 0.013750620963735718 0.005124489037532516
15 0.8515673124689518 0.5935971757710887 0.006164927968206657 0.011423262727610553
15 0.858571783407849 0.5940449646971386 0.0062642821659215095 0.013062058714232628
15 0.07123199205166418 0.5977740616871051 0.017277694982613015 0.004912671869193609
1 0.3589816194734228 0.06004645113340766 0.014535519125683061 0.005637309550353029
15 0.07097615499254843 0.6035451505016722 0.01676602086438152 0.005306577480490524
4 0.39124192747143566 0.6041099962839094 0.3761251862891207 0.02947603121516165
15 0.7371162444113264 0.6046042363433668 0.005777446597118729 0.009654403567447047
1 0.752160953800298 0.6054180602006689 0.008047690014903129 0.010538833147528799
15 0.7449701937406855 0.6053771832032702 0.0065822155986090414 0.011200297287253809
15 0.7889294585196225 0.6069286510590858 0.009056135121708893 0.010587142326272761
15 0.38723298559364133 0.06087142326272761 0.015399900645802286 0.005057599405425492
9 0.15628663686040736 0.6094760312151616 0.09399403874813711 0.08703084355258268
1 0.7521385991058123 0.6184262356001486 0.006015896671634376 0.010542549238201412
1 0.822237953303527 0.6188238573021182 0.00711872826626925 0.009851356373095504
1 0.684923000496771 0.6188795986622073 0.04148037754595132 0.02928651059085842
15 0.814441132637854 0.6190784095131922 0.008415300546448089 0.011846897064288368
1 0.7312295081967213 0.6193664065403196 0.005926477893691009 0.01167967298402081
1 0.7887580725285643 0.619563359345968 0.007719821162444113 0.010587142326272761
1 0.746023348236463 0.6195819397993312 0.006701440635866866 0.011367521367521368
1 0.7392250372578241 0.6195782237086586 0.009001490312965724 0.012846525455221108
1 0.7236140089418778 0.6200854700854701 0.007585692995529061 0.010888145670754367
1 0.9112692498758073 0.6300743218134522 0.006343765524093393 0.010798959494611668
1 0.07154247391952309 0.6318580453363062 0.027834078489816196 0.01659606094388703
1 0.10887729756582215 0.6321479004087699 0.007123695976154992 0.011230026012634708
15 0.8448286140089419 0.6331178000743218 0.012558370591157476 0.004994425863991081
15 0.2149751614505713 0.6340468227424749 0.019617486338797816 0.006109253065774805
1 0.8441952309985097 0.6387792642140468 0.016259314456035765 0.005912300260126347
1 0.10908097367113762 0.6444351542177629 0.006537506209637357 0.010535117056856188
1 0.20969200198708396 0.6454069119286511 0.013025335320417287 0.005789669267930137
9 0.6628862394436166 0.6458602749907097 0.05503229011425733 0.023790412486064658
1 0.06988574267262793 0.6498494983277592 0.02253353204172876 0.015418060200668897
1 0.09261301539990065 0.6525548123374211 0.02228514654744163 0.020085470085470084
1 0.8446671634376552 0.6539390561129692 0.01422255340288127 0.005016722408026756
1 0.10950819672131147 0.6552378298030471 0.006398410332836562 0.009843924191750278
1 0.18162195727769498 0.6566908212560386 0.013517138599105813 0.005317725752508362
1 0.16078986587183308 0.6596878483835006 0.007620466964729259 0.011311780007432182
15 0.12598112270243417 0.6598978075065032 0.007550919026328862 0.011731698253437384
15 0.11821162444113265 0.6600111482720178 0.0069150521609538 0.012701597918989223
1 0.6918405365126676 0.6662783351913787 0.01557377049180328 0.005912300260126347
15 0.6761698956780925 0.6666295057599406 0.016025832091405862 0.005871423262727611
1 0.8442324888226528 0.6692809364548495 0.014346746150024839 0.0052285395763656635
1 0.6471311475409836 0.6696265328874024 0.0334575260804769 0.0215273132664437
4 0.39080725285643314 0.6712467484206615 0.37823646299056135 0.03294314381270903
9 0.7683929458519623 0.6755927164622817 0.13787878787878788 0.09960609438870309
15 0.692528564331843 0.6860553697510219 0.013969200198708396 0.004589371980676328
15 0.8476105315449578 0.6878966926793014 0.013154495777446597 0.0067855815681902645
15 0.3698609041231992 0.06950204384986994 0.014436164927968205 0.005968041620215533
1 0.6892200695479385 0.6916573764399851 0.016294088425235966 0.006131549609810479
1 0.6689021361152508 0.6923950204384987 0.014406358668653751 0.00537718320327016
1 0.8442424242424242 0.6977926421404682 0.01436661698956781 0.00502415458937198
1 0.8447839046199702 0.7028056484578223 0.015449577744659713 0.005388331475287997
1 0.5561997019374069 0.7037068004459308 0.014535519125683061 0.0079338535860275
15 0.6917213114754098 0.7065198810850984 0.014341778440139097 0.005384615384615384
1 0.2778092399403875 0.7080546265328874 0.015131644311972182 0.005481233742103307
15 0.8444982613015399 0.7082794500185805 0.014878291107799304 0.0044444444444444444
15 0.3857078986587183 0.07120772946859903 0.008375558867362146 0.01012263099219621
1 0.8569622454048684 0.710340022296544 0.008012916045702931 0.010795243403939057
1 0.06632141082960755 0.7113600891861761 0.02931445603576751 0.014321813452248235
1 0.6920342771982116 0.7125752508361204 0.012980625931445604 0.004860646599777034
15 0.8677396920019871 0.7125269416573765 0.013671137605563835 0.0040208101077666295
15 0.8450124192747144 0.7137086584912672 0.013919523099850969 0.0048978075065031585
15 0.8449205166418281 0.7182199925678187 0.013735717834078488 0.004258639910813824
1 0.6901912568306011 0.7182385730211817 0.017242921013412817 0.003552582683017466
15 0.8464580228514655 0.7229580081753995 0.016810730253353206 0.004816053511705686
1 0.07997764530551416 0.725758082497213 0.023840039741679087 0.01636194723151245
1 0.8203378042722305 0.7302434039390562 0.014247391952309984 0.005265700483091788
1 0.7889816194734227 0.7338981791155704 0.008166915052160955 0.012575250836120403
1 0.7812916045702931 0.7338870308435527 0.008683556880278193 0.01032329988851728
4 0.39027322404371584 0.7373206986250465 0.3821361152508694 0.03948717948717949
15 0.8213387978142077 0.7377387588257154 0.0063139592647789376 0.008364920104050539
15 0.8143541977148535 0.7390078037904125 0.006254346746150025 0.012389446302489782
15 0.7845007451564829 0.7436622073578595 0.015101838052657725 0.004604236343366778
9 0.08687531048186786 0.744788182831661 0.0465772478887233 0.026923076923076925
15 0.820618479880775 0.7496339650687477 0.0088474913065077 0.009858788554440728
15 0.8139617486338798 0.7496209587513936 0.006462990561351217 0.010575994054254923
15 0.7842747143566815 0.7501597918989223 0.015643318430203675 0.005707915273132664
15 0.8062419274714356 0.7553623188405797 0.007913561847988077 0.011653660349312523
15 0.4162816691505216 0.7567892976588628 0.005936413313462494 0.01004830917874396
1 0.4250645802285146 0.7571479004087699 0.006612021857923498 0.011508732813080638
15 0.8376304023845008 0.7576142697881828 0.007103825136612022 0.012441471571906353
1 0.40926974664679583 0.7574414715719063 0.006815697963238947 0.009123002601263471
15 0.8182563338301043 0.75876254180602 0.013065076999503229 0.005076179858788554
15 0.08913561847988077 0.7603288740245262 0.017317436661698958 0.005235971757710888
15 0.10938648782911077 0.7603771832032702 0.015096870342771983 0.0053325901151988105
15 0.10901390958768008 0.7663396506874767 0.014351713859910582 0.00462281679672984
15 0.09578738201689022 0.7664845782237087 0.014724292101341283 0.004912671869193609
1 0.3320640834575261 0.7682590115198812 0.04813214108296075 0.025555555555555554
15 0.6962692498758072 0.7698290598290599 0.009528067560854446 0.010115198810850984
1 0.7381892697466468 0.7725492382014121 0.012891207153502235 0.006636937941285767
1 0.09419771485345256 0.7727963582311408 0.015519125683060108 0.004901523597175771
15 0.10930452061599602 0.7730341880341881 0.015926477893691008 0.00537718320327016
15 0.7203055141579732 0.7735414344109995 0.018852459016393444 0.007878112225938313
1 0.10943368107302533 0.7775771088814567 0.015191256830601092 0.0033147528799702714
1 0.0942374565325385 0.7785655890003715 0.016592151018380526 0.004548494983277592
1 0.5052285146547442 0.7788071348940914 0.015921510183805266 0.0050315867707172056
1 0.4316368604073522 0.7798959494611668 0.015782414307004472 0.0057227796358231145
1 0.12454545454545454 0.7946878483835006 0.01362146050670641 0.00557785209959123
1 0.13919026328862394 0.7947194351542178 0.015091902632886239 0.005641025641025641
15 0.15463238946845503 0.7948959494611668 0.015176353700943866 0.005250836120401338
15 0.8817908594138103 0.7961538461538461 0.008986587183308494 0.01073950204384987
4 0.3911152508693493 0.8009754738015609 0.3838201689021361 0.03599033816425121
1 0.11874068554396423 0.8024563359345968 0.014927968206656731 0.0040208101077666295
1 0.08238201689021361 0.8063638052768488 0.015732737208147045 0.00514678558156819
1 0.0999205166418281 0.8069100706057227 0.015042225534028814 0.005496098104793757
15 0.352856433184302 0.08115384615384615 0.016194734227521112 0.006231884057971014
1 0.08086934923000497 0.8122742474916388 0.014694485842026825 0.005076179858788554
15 0.6456805762543468 0.8134968413229282 0.015653253849975162 0.005291713117800074
15 0.6614480874316939 0.8139632107023411 0.014401390958768008 0.004738015607580825
15 0.06649776453055142 0.8157729468599033 0.012776949826130153 0.004641397250092902
1 0.9122752111276702 0.816596060943887 0.006368604073522107 0.011490152359717577
1 0.08183060109289617 0.8171906354515049 0.015623447590660705 0.005990338164251208
1 0.7323348236462991 0.8189167595689335 0.008137108792846497 0.010929022668153102
15 0.7116915052160954 0.821553325901152 0.007585692995529061 0.011742846525455222
1 0.7262444113263786 0.8216387959866222 0.005891703924490809 0.01117056856187291
15 0.749729259811227 0.8216109253065774 0.013119721808246398 0.005169082125603865
15 0.704960258320914 0.8218896321070234 0.007039244908097367 0.012415458937198066
15 0.6660928961748634 0.8224173169825344 0.006800794833581718 0.010497956150130064
15 0.6317983109786388 0.822463768115942 0.004778936910084451 0.010590858416945374
1 0.639689518132141 0.8226793013749535 0.006651763537009439 0.01027870680044593
1 0.6536140089418777 0.8224972129319956 0.0056880278191753595 0.009914529914529914
15 0.6469125683060108 0.8225901151988109 0.00818181818181818 0.010100334448160535
1 0.6599254843517139 0.8230732069862504 0.005394932935916542 0.011066518023039762
15 0.8202682563338302 0.8229059829059829 0.013114754098360656 0.005529542920847269
1 0.6242026825633383 0.8230694908955779 0.008464977645305514 0.01180230397621702
15 0.763263785394933 0.8233965068747678 0.013363139592647788 0.004280936454849498
1 0.08047441629408843 0.8235748792270531 0.01390461997019374 0.005380899293942773
1 0.0662046696472926 0.8240988480118915 0.016164927968206656 0.004942400594574508
15 0.739227521112767 0.8243608324043107 0.007019374068554397 0.011412114455592717
1 0.18119970193740687 0.8262634708286882 0.016646795827123695 0.00704199182460052
15 0.3173497267759563 0.08285581568190264 0.006780923994038748 0.011122259383128948
15 0.32452061599602583 0.08301374953548867 0.008206656731246894 0.010694908955778522
1 0.08067312468951814 0.8289037532515793 0.013308494783904619 0.004147157190635451
15 0.06502483854942871 0.8297101449275363 0.014798807749627422 0.005016722408026756
1 0.07965971187282662 0.834715719063545 0.015255837059115748 0.005366034931252322
15 0.06587680079483359 0.8345039018952063 0.014515648286140088 0.004199182460052025
15 0.6206656731246896 0.8366146413972501 0.013313462493790363 0.006191007060572278
1 0.0652682563338301 0.8384503901895206 0.01429210134128167 0.004659977703455964
1 0.6213661202185792 0.8416220735785953 0.013720814704421262 0.00431438127090301
15 0.603686040735221 0.8414585655890003 0.015121708892200696 0.005473801560758083
15 0.7765474416294089 0.8420457079152732 0.01707898658718331 0.005904868078781123
15 0.7551887729756582 0.842118171683389 0.015096870342771983 0.005306577480490524
1 0.08020367610531544 0.8425102192493498 0.015350223546944857 0.005347454477889261
1 0.06609786388474913 0.8443013749535488 0.012970690511674118 0.005213675213675213
1 0.6213586686537507 0.8467614269788184 0.013705911574764034 0.004188034188034188
15 0.605057128663686 0.8467149758454107 0.012896174863387979 0.004095131921218877
15 0.75573522106309 0.8475213675213674 0.015196224540486835 0.005707915273132664
1 0.06531048186785891 0.8492400594574507 0.014376552409339296 0.004685990338164251
1 0.07994287133631396 0.8493831289483463 0.014828614008941879 0.004972129319955407
9 0.13209885742672628 0.851772575250836 0.08536015896671635 0.08258639910813824
15 0.7560606060606061 0.8546767001114827 0.01485345255837059 0.005154217762913415
15 0.08020615996025833 0.8557562244518767 0.0153551912568306 0.004340393905611297
15 0.06210879284649777 0.8567428465254552 0.006979632389468455 0.0100297287253809
15 0.7555464480874317 0.8599163879598661 0.013825136612021857 0.004485321441843181
15 0.08039244908097368 0.8611798587885544 0.014734227521112767 0.005525826830174656
9 0.6874441132637854 0.862335562987737 0.11805762543467462 0.06655146785581569
1 0.06569051167411824 0.8649981419546637 0.015136612021857922 0.004986993682645857
15 0.08077744659711872 0.8664901523597175 0.014510680576254348 0.004998141954663694
1 0.18134128166915053 0.8676830174656261 0.01494287133631396 0.004410999628390933
4 0.3913214108296076 0.867991452991453 0.37429706905116744 0.041445559271646226
15 0.7570019870839543 0.867900408769974 0.01574267262791853 0.004845782237086585
1 0.06644808743169399 0.8699256781865476 0.01466467958271237 0.005180230397621702
15 0.7562642821659215 0.8748086213303605 0.01526080476900149 0.004541062801932367
15 0.06586438152011923 0.875631735414344 0.01548435171385991 0.004700854700854701
15 0.7565996025832091 0.8809754738015607 0.014937903626428217 0.004983277591973244
15 0.06663189269746647 0.8812058714232627 0.014038748137108793 0.006187290969899665
1 0.2069324391455539 0.8858286882199925 0.015454545454545453 0.005771088814567075
1 0.2853154495777447 0.8907971014492755 0.015240933929458519 0.004559643255295429
15 0.20885494287133632 0.8913285024154589 0.01433184302036761 0.005622445187662579
15 0.270675608544461 0.8911742846525456 0.014773969200198708 0.005314009661835749
1 0.7552111276701441 0.8926848755109625 0.015141579731743666 0.0053623188405797105
1 0.2848981619473423 0.896001486436269 0.013412816691505217 0.004563359345968041
1 0.1665573770491803 0.8962467484206615 0.015181321410829608 0.0050538833147528795
15 0.2707749627421759 0.8962634708286882 0.014972677595628415 0.004344109996283909
1 0.1480675608544461 0.8986157562244519 0.00800794833581719 0.009791898922333706
15 0.13535022354694484 0.8987811222593831 0.006418281172379533 0.010865849126718691
1 0.2848534525583706 0.9007209215904869 0.013323397913561848 0.004340393905611297
15 0.570869349230005 0.9007097733184689 0.014068554396423249 0.005061315496098105
15 0.27056880278191753 0.9015421776291342 0.014560357675111773 0.004496469713861018
15 0.7151987083954296 0.9016462281679672 0.006651763537009439 0.009163879598662208
1 0.9150223546944859 0.9018859160163508 0.00689518132141083 0.011872909698996655
1 0.7217734724292102 0.9020011148272017 0.006885245901639344 0.009130434782608696
15 0.7798335817188277 0.9023615756224452 0.006761053154495777 0.011337792642140469
1 0.7081296572280178 0.9023690078037905 0.006423248882265276 0.010609438870308435
15 0.6739518132141082 0.9025678186547752 0.006621957277694983 0.011750278706800446
1 0.7008842523596622 0.902584541062802 0.0068355688027819175 0.010297287253808993
1 0.14180824639841033 0.9026068376068376 0.006418281172379533 0.010341880341880341
15 0.5569051167411823 0.9028911185432924 0.01594634873323398 0.005707915273132664
15 0.7372603079980129 0.9027480490523969 0.008052657724788873 0.012110739502043852
1 0.730310481867859 0.9027257525083613 0.009056135121708893 0.010579710144927536
15 0.6676924987580726 0.9028632478632479 0.006025832091405862 0.010111482720178373
15 0.6611897665176353 0.9034838350055742 0.006929955290611028 0.011352657004830917
1 0.6543343268753105 0.9034559643255294 0.007128663686040735 0.009810479375696766
1 0.2853427719821162 0.9062876254180603 0.014302036761053153 0.00506874767744333
15 0.2707054148037754 0.9059736157562244 0.014833581718827621 0.004440728353771832
15 0.8844858420268257 0.9071386101820885 0.006428216592151018 0.011230026012634708
15 0.7212245404868356 0.9106986250464512 0.014729259811227023 0.004972129319955407
15 0.6541778440139095 0.9120457079152732 0.012776949826130153 0.005436640654031958
1 0.19452806756085445 0.9130471943515422 0.014490809736711376 0.005209959123002601
15 0.7016840536512667 0.9142716462281679 0.0064480874316939895 0.009888517279821627
15 0.3193914555389965 0.0919156447417317 0.016825633383010432 0.00471571906354515
15 0.14160953800298062 0.9142958008175399 0.006020864381520119 0.009193608324043106
15 0.7085891703924492 0.9145317725752509 0.006348733233979135 0.010408769973987366
15 0.14833084947839045 0.914472315124489 0.007540983606557377 0.010289855072463768
15 0.13491554893194235 0.9146934225195095 0.0065424739195231 0.010732069862504644
15 0.7213015399900646 0.9157989594946117 0.016870342771982117 0.004767744332961724
1 0.19746646795827125 0.925139353400223 0.014406358668653751 0.0056112969156447414
1 0.8939617486338798 0.931534745447789 0.01544461003477397 0.00502415458937198
1 0.8786140089418778 0.9314474173169826 0.013561847988077497 0.00559271646228168
4 0.393551912568306 0.935551839464883 0.38173869846000996 0.041300631735414345
15 0.3357377049180328 0.0935321441843181 0.013750620963735718 0.005719063545150502
15 0.814555389965226 0.9380899293942773 0.006656731246895181 0.011445559271646229
15 0.642953303527074 0.9391192865105908 0.007218082463984103 0.009788182831661092
1 0.1651043219076006 0.9391415830546266 0.012275211127670145 0.004630248978075065
15 0.635464480874317 0.93938127090301 0.008137108792846497 0.010312151616499442
1 0.8230178837555886 0.9419193608324042 0.006691505216095381 0.01018580453363062
1 0.1650596125186289 0.9448272017837236 0.014172876304023845 0.004109996283909328
1 0.16547193243914557 0.9493199554069119 0.014003974167908594 0.004176885916016351
15 0.6361053154495777 0.949908955778521 0.006438152011922504 0.011300631735414344
15 0.6435767511177347 0.9508881456707544 0.00747143566815698 0.011029357116313638
1 0.16516890213611526 0.9546748420661465 0.013397913561847987 0.004481605351170569
15 0.7182861400894188 0.9546655518394649 0.006865375062096374 0.009665551839464883
1 0.8145305514157973 0.9546451133407654 0.0056135121708892205 0.010367892976588628
15 0.711639344262295 0.9552917131178001 0.004500745156482862 0.010174656261612782
1 0.1805265772478887 0.9595503530286139 0.013313462493790363 0.004570791527313267
1 0.1802881271733731 0.965157933853586 0.0138301043219076 0.00463768115942029
1 0.18079483358171883 0.9699201040505387 0.01384997516145057 0.005243403939056113
1 0.7632389468455043 0.9710479375696768 0.016294088425235966 0.0060126347082868825
1 0.1804669647292598 0.9742140468227425 0.015181321410829608 0.004912671869193609
15 0.477528564331843 0.9748532144184318 0.011192250372578242 0.011393534002229654
1 0.762625434674615 0.975589000371609 0.015067064083457525 0.006176142697881829
15 0.16634624937903628 0.9798940914158305 0.013765524093392946 0.005124489037532516
1 0.18022106308991556 0.9797640282422891 0.013695976154992549 0.004864362690449647
1 0.1805464480874317 0.9838573021181717 0.014346746150024839 0.004875510962467484
15 0.1669672131147541 0.9840858416945374 0.016994535519125685 0.004589371980676328
15 0.14402136115250871 0.10139539204756597 0.008857426726279184 0.011783723522853957
15 0.11940387481371088 0.10570048309178744 0.01724788872329856 0.005529542920847269
15 0.5864008941877794 0.10843366778149388 0.01631892697466468 0.00579338535860275
15 0.5563238946845505 0.10837049424005946 0.01577744659711873 0.007896692679301374
15 0.5724639841033283 0.1089557785209959 0.01229011425732737 0.005351170568561873
15 0.11774962742175857 0.1123039762170197 0.016920019870839544 0.005358602749907098
15 0.14437158469945355 0.112991452991453 0.007570789865871833 0.011936083240431066
15 0.11809239940387481 0.1175752508361204 0.016612021857923497 0.004752879970271275
1 0.5641828117237954 0.1365867707172055 0.007650273224043716 0.010074321813452247
1 0.4497143566815698 0.18166666666666667 0.009215101838052658 0.016250464511334075
15 0.4237804272230502 0.18770159791898924 0.014972677595628415 0.005280564845782237
15 0.4375658221559861 0.1875529542920847 0.013730750124192748 0.004240059457450762
1 0.1771137605563835 0.19663507989594944 0.006487829110779931 0.011999256781865477
1 0.22624441132637854 0.19859160163507988 0.008375558867362146 0.014425863991081382
9 0.20103825136612022 0.20374953548866592 0.039433681073025334 0.03514678558156819
1 0.17634624937903626 0.2071200297287254 0.006939890710382514 0.009186176142697882
1 0.33921510183805265 0.21466183574879227 0.005802285146547442 0.008662207357859532
15 0.22388971684053652 0.21568190263842438 0.010620963735717833 0.010702341137123745
15 0.17763785394932935 0.2196692679301375 0.009523099850968704 0.014960981047937569
15 0.21321162444113265 0.22563916759568936 0.022051664182811723 0.00832032701597919
1 0.3770541480377546 0.23083797844667409 0.007958271236959762 0.012028985507246376
1 0.3835842026825633 0.23166109253065775 0.007108792846497765 0.011445559271646229
15 0.21638847491306507 0.23582125603864734 0.007540983606557377 0.01084726867335563
15 0.37645802285146546 0.24109624674842065 0.014714356681569797 0.005789669267930137
15 0.6862195727769498 0.024548494983277592 0.008306010928961749 0.011936083240431066
1 0.36926974664679585 0.2464009661835749 0.015240933929458519 0.005250836120401338
15 0.6773994038748137 0.024884801189149017 0.005568802781917536 0.009635823114083984
20 0.1946174863387978 0.2620289855072464 0.05639841033283656 0.04691192865105909
4 0.8546174863387979 0.2692809364548495 0.06293591654247392 0.5341025641025641
4 0.7573124689518133 0.28130806391675955 0.06306010928961749 0.5328874024526199
4 0.805692995529061 0.28659977703455963 0.039602583209140584 0.54347082868822
15 0.21054893194237456 0.29314752879970274 0.015732737208147045 0.005841694537346711
20 0.18558867362146053 0.3116127833519138 0.03436661698956781 0.042772203641768855
20 0.6463214108296076 0.031306205871423264 0.05568306010928962 0.026194723151244888
15 0.12748385494287134 0.33091973244147155 0.014530551415797318 0.004834633965068748
1 0.1274863387978142 0.3357413600891862 0.014535519125683061 0.004816053511705686
1 0.14002235469448585 0.3361426978818283 0.00682066567312469 0.010821256038647344
15 0.9138623944361649 0.3484689706428837 0.013517138599105813 0.005001858045336306
15 0.6863238946845504 0.03562058714232627 0.006527570789865872 0.010297287253808993
15 0.9150024838549429 0.3532961724266072 0.01381023348236463 0.004994425863991081
1 0.9154073522106309 0.3582441471571906 0.013626428216592152 0.004485321441843181
1 0.9153353204172876 0.3640449646971386 0.013482364629905614 0.004938684503901895
1 0.9154520615996026 0.36910999628390934 0.01570293094883259 0.004663693794128577