20 0.19195040534096328 0.37907214577910003 0.01670958512160229 0.012885831164001486
20 0.44640200286123033 0.03885645221271848 0.06972341440152599 0.037549274823354406
20 0.1924010491177873 0.39207140200818147 0.01761087267525036 0.013596132391223504
1 0.1499093943729137 0.40157307549274823 0.005112064854554125 0.011030122722201562
20 0.19181211254172628 0.4049293417627371 0.017386742966142107 0.011792487913722574
1 0.13289222699093944 0.4076069170695426 0.015903671912255606 0.00524730383042023
15 0.14287076776347163 0.410397917441428 0.0053409632808774435 0.009341762737076981
1 0.1548426323319027 0.4128579397545556 0.014024797329518359 0.0038490145035329115
1 0.13288268955650928 0.41297508367422836 0.014930853600381497 0.004083302342878394
15 0.24200524558893657 0.4147898847155076 0.005231282784930854 0.010687988099665303
15 0.2357987601335241 0.41486984008925254 0.0042632331902718165 0.010104127928597993
15 0.24791368621840726 0.4149869840089253 0.005603242727706247 0.010338415767943475
20 0.2728755364806867 0.4157400520639643 0.018330948974725796 0.014075864633692823
1 0.13333333333333333 0.4176645593157307 0.015832141154029568 0.0037932316846411305
20 0.19181211254172628 0.41830048345109705 0.017386742966142107 0.012502789140944588
1 0.131690510252742 0.42257158795091115 0.015407725321888412 0.004682037932316846
15 0.13198378636146876 0.42777426552621794 0.013133047210300428 0.004674600223131276
20 0.24159513590844062 0.4286072889550019 0.0187172150691464 0.013034585347712903
1 0.13198378636146876 0.43314986984008924 0.013133047210300428 0.004269245072517665
15 0.13198378636146876 0.4380736333209372 0.013133047210300428 0.004447750092971365
1 0.16573438245112065 0.4380736333209372 0.013872198378636147 0.004447750092971365
1 0.16573438245112065 0.44291000371885453 0.013872198378636147 0.0044514689475641505
15 0.13262279446828804 0.4440256600966902 0.01345731998092513 0.0051952398661212346
1 0.16618264186933715 0.4476069170695426 0.014768717215069145 0.004920044626255114
15 0.13183357176919408 0.4487448865749349 0.012832618025751074 0.004220899962811454
1 0.16543395326657132 0.45284306433618443 0.013271340009537433 0.0034920044626255116
1 0.13244396757272295 0.45401078467831907 0.015007153075822604 0.0043399033097805875
1 0.16572246065808297 0.45783748605429525 0.0138483547925608 0.0038118259576050578
1 0.13213400095374345 0.4590516920788398 0.013433476394849786 0.004752696169579769
20 0.3344897472579876 0.047415396058014134 0.045231282784930854 0.05689847526961696
20 0.38461850262279446 0.048108962439568616 0.044391988555078685 0.05754183711416883
15 0.1184406294706724 0.5088713276310897 0.005121602288984263 0.010676831535886947
1 0.0977515498330949 0.5092599479360357 0.004754411063423939 0.012197843064336184
1 0.08037195994277539 0.5094403123837858 0.005283738674296614 0.010327259204165117
15 0.10332379589890318 0.5094403123837858 0.004453981878874583 0.010327259204165117
1 0.07406294706723891 0.5096746002231313 0.005064377682403433 0.01079583488285608
1 0.11140200286123034 0.5101245816288583 0.0053505007153075825 0.010208255857195984
15 0.16329756795422032 0.5105485310524358 0.005183595612780162 0.00956861286723689
15 0.1434692417739628 0.510710301227222 0.0065379113018598 0.011379695053923392
15 0.18497854077253217 0.5107902566009669 0.0056270863137815935 0.01079583488285608
1 0.19230805913209345 0.5109074005206397 0.00502622794468288 0.011030122722201562
15 0.17148783977110157 0.5110152473038304 0.006304244158321412 0.010502045370026032
15 0.19817835002384357 0.5110226850130161 0.005321888412017167 0.011260691706954259
15 0.15280877443967572 0.5112420974339903 0.005188364329995232 0.010211974711788769
15 0.12695755841678588 0.5221959836370398 0.005941821649976157 0.00980661956117516
1 0.10756080114449214 0.5279602082558572 0.006251788268955651 0.010922275939010784
1 0.11257987601335241 0.527859799181852 0.0057987601335240824 0.01220899962811454
15 0.1839866475917978 0.5371048716995166 0.005550786838340487 0.009873558943845296
15 0.17665712923223653 0.5372220156191893 0.006151645207439199 0.010107846783190776
15 0.11283261802575108 0.5404834510970621 0.0053505007153075825 0.009936779471922647
15 0.10742012398664759 0.5408255857195984 0.0069241773962804 0.00987727779843808
15 0.10638054363376252 0.5525195239866121 0.0057987601335240824 0.011695797694310152
15 0.11328087744396757 0.553058757902566 0.0062470195517405815 0.011286723689103757
1 0.12598235574630426 0.5611547043510599 0.014482594182164998 0.005165489029378951
15 0.07004768717215068 0.5621829676459651 0.014201239866475918 0.004990702863518036
15 0.12553409632808774 0.5660989215321681 0.013586075345731998 0.004641130531796207
1 0.5931473533619456 0.5685998512458162 0.004606580829756795 0.010386760877649684
9 0.09807343824511207 0.5693157307549275 0.035917978063900804 0.019256229081442915
1 0.1258345255126371 0.5712774265526218 0.01418693371483071 0.004585347712904426
15 0.07062708631378159 0.5718259576050577 0.013452551263710063 0.00493863889921904
15 0.12613257033857891 0.5764354778728152 0.014783023366714354 0.005232428412049089
9 0.6709036719122556 0.5767478616586091 0.06855984740104912 0.04081442915582001
15 0.06960896518836433 0.5774265526217925 0.014277539341917025 0.004239494235775381
1 0.6017668097281831 0.5810673112681294 0.004678111587982833 0.010777240609892153
15 0.1261778731521221 0.5811547043510599 0.01201239866475918 0.005001859427296393
1 0.7418717215069146 0.582192264782447 0.004487362899380067 0.011539605801413165
1 0.7312947067238913 0.5836370397917442 0.013853123509775871 0.004760133878765341
1 0.08979494515975203 0.5837374488657494 0.015546018121125419 0.005704722945332838
1 0.07271340009537434 0.5840888806247676 0.016671435383881737 0.006407586463369282
1 0.10802575107296138 0.583934548159167 0.015765379113018597 0.005355150613611008
15 0.7289866475917978 0.589010784678319 0.014005722460658083 0.004351059873558944
1 0.6272889842632332 0.590909259947936 0.014711492608488317 0.0051729267385645225
1 0.6266523605150214 0.5963034585347713 0.013438245112064854 0.004060989215321681
1 0.07633285646161182 0.5968426924507252 0.004835479256080115 0.011089624395686129
1 0.11484024797329519 0.5979509111193753 0.004597043395326657 0.010330978058757902
1 0.7295278969957081 0.5997210859055411 0.01318073438245112 0.013127556712532538
15 0.643586075345732 0.6060784678319078 0.0053409632808774435 0.010966902194124209
1 0.6374248927038627 0.6058162885831164 0.00541726275631855 0.010442543696541465
15 0.6503266571292322 0.6061584232056527 0.004515975202670482 0.010383042023056899
15 0.6305245588936577 0.6066623280029751 0.00496900333810205 0.012134622536258834
15 0.6249165474487363 0.6067348456675344 0.00519790176442537 0.010792116028263295
1 0.6887315212207916 0.6093101524730383 0.00502622794468288 0.010736333209371514
1 0.6087410586552218 0.6094923763480847 0.015765379113018597 0.0036630717738936405
15 0.6756437768240343 0.60988657493492 0.005555555555555556 0.011145407214577909
1 0.07017167381974249 0.6099702491632577 0.0049117787315212215 0.010568984752696171
15 0.6819432522651407 0.6100669393826701 0.00480209823557463 0.009274823354406844
1 0.08276347162613257 0.6100595016734845 0.006251788268955651 0.010003718854592785
1 0.06357176919408679 0.6100595016734845 0.005064377682403433 0.01074748977314987
1 0.07633285646161182 0.610174786165861 0.004835479256080115 0.010978058757902566
1 0.10839055793991416 0.610174786165861 0.005050071530758226 0.010978058757902566
1 0.10238912732474964 0.6106359241353663 0.006399618502622794 0.011156563778356266
1 0.08913209346685741 0.6106433618445519 0.004682880305197902 0.011915210115284493
1 0.09560324272770625 0.610753068055039 0.006180257510729614 0.011390851617701748
15 0.11444921316165951 0.610970621048717 0.005722460658082976 0.010338415767943475
1 0.12061039580352885 0.611212346597248 0.005646161182641869 0.011565637783562663
1 0.6941630901287554 0.6132335440684269 0.005398187887458274 0.011145407214577909
1 0.7006723891273248 0.613475269616958 0.006971864568431092 0.0123726292301971
1 0.6081783500238436 0.614176273707698 0.014639961850262279 0.004105615470435106
1 0.13447305674773485 0.6175808850873931 0.01620410109680496 0.004964670881368538
15 0.6413137815927515 0.6179527705466716 0.005565092989985694 0.010914838229825214
1 0.6480543633762518 0.6183841576794348 0.004740104911778732 0.011033841576794347
1 0.6266356700047687 0.6193027147638528 0.004821173104434907 0.011383413908516177
1 0.6628063900810682 0.6194124209743399 0.016123032904148786 0.010859055410933433
1 0.6353028135431569 0.6194198586835254 0.005941821649976157 0.011617701747861657
15 0.06634716261325703 0.6196950539233915 0.014430138292799238 0.004730383042023057
15 0.6754935622317596 0.6217534399404984 0.0052551263710061994 0.010334696913350688
15 0.6864377682403434 0.6220974339903309 0.013791130185979971 0.005072517664559316
1 0.42138292799237004 0.6224544440312384 0.005379113018597997 0.01173670509483079
1 0.13299475441106343 0.6226124953514317 0.015154983309489748 0.004615098549646709
15 0.06556032427277061 0.6249628114540722 0.012856461611826419 0.004853105243584976
1 0.5861921793037672 0.6273726292301971 0.016447305674773486 0.005953886203049461
1 0.13333333333333333 0.6278802528821122 0.015832141154029568 0.004737820751208628
15 0.06615879828326181 0.6318333953142432 0.014053409632808773 0.005206396429899591
1 0.1334358607534573 0.6327147638527333 0.015083452551263709 0.004737820751208628
1 0.6600572246065809 0.6325939010784679 0.016347162613257034 0.0044960952026775755
15 0.06687887458273725 0.6367497210859056 0.012632331902718168 0.004626255113425065
1 0.1329852169766333 0.6372889550018594 0.01418216499761564 0.004217181108218669
9 0.09746065808297567 0.6376348084789885 0.04041487839771102 0.0316846411305318
1 0.6575894134477825 0.6378969877277799 0.015226514067715784 0.0054332465600595015
1 0.4802813543156891 0.6395146894756415 0.0049117787315212215 0.012387504648568241
1 0.37857653791130186 0.6399386388992191 0.006556986170720076 0.011747861658609148
1 0.41208154506437766 0.640397917441428 0.006804959465903672 0.011922647824470065
15 0.0658488316642823 0.641212346597248 0.012479732951835958 0.004626255113425065
1 0.13268478779208392 0.6422499070286352 0.013581306628516929 0.0052138341390851614
15 0.0657105388650453 0.6464801041279286 0.013156890796375775 0.004748977314986984
1 0.13318311874105868 0.6477407958348829 0.01553171196948021 0.005039047973224247
15 0.0657105388650453 0.6515489029378951 0.013156890796375775 0.005217552993677947
1 0.13244396757272295 0.6524302714763852 0.015007153075822604 0.004748977314986984
1 0.19144969003338103 0.06554109334325028 0.006170720076299476 0.01207883971736705
1 0.133032904148784 0.6573837857939754 0.015231282784930853 0.004986984008925251
15 0.7085312350977587 0.6574060989215322 0.013152122079160704 0.004287839345481591
15 0.09647114926084883 0.6603068055039049 0.005054840247973295 0.010833023428783934
15 0.0902837386742966 0.660511342506508 0.00603242727706247 0.011242097433990331
15 0.079241773962804 0.6610877649683897 0.0058845970433953265 0.011651171439196726
15 0.06403195040534096 0.6614224618817405 0.006938483547925608 0.010833023428783934
1 0.07215546018121126 0.6615489029378951 0.005064377682403433 0.011829676459650428
15 0.10249165474487364 0.6618538490145035 0.005650929899856938 0.010952026775753068
1 0.10968049594659036 0.6621253253997769 0.005722460658082976 0.012238750464856823
1 0.13209585121602288 0.6627593901078468 0.01335717691940868 0.00458162885831164
1 0.09175727229375298 0.6683767199702492 0.013748211731044348 0.005403495723317218
1 0.5664735336194564 0.6698586835254742 0.014206008583690987 0.005392339159538862
15 0.7717525035765379 0.6705485310524358 0.005116833571769194 0.010490888806247677
1 0.06881497377205532 0.6731759018222387 0.015550786838340486 0.004589066567497211
1 0.10254649499284692 0.6734008925251023 0.014344301382927992 0.004295277054667162
15 0.08427753934191702 0.673300483451097 0.014048640915593706 0.005582000743770918
15 0.6634167858845971 0.6737709185570844 0.005898903195040534 0.009497954629973968
15 0.6572460658082975 0.674114912606917 0.005002384358607535 0.009442171811082187
1 0.6506723891273247 0.6761732986240238 0.004253695755841678 0.01207140200818148
1 0.8417811158798283 0.6856861286723689 0.013557463042441584 0.005065079955373745
1 0.12332141154029568 0.6881312755671253 0.005345731998092513 0.009955373744886574
15 0.9516547448736289 0.6930029750836741 0.005360038149737721 0.010773521755299368
15 0.9446137339055795 0.6934696913350687 0.005584167858845971 0.01170695425808851
15 0.8089842632331903 0.6939085161770175 0.012818311874105865 0.004403123837857939
15 0.137551263710062 0.6959817776124954 0.005193133047210301 0.010780959464484938
15 0.8085455412494039 0.699057270360729 0.012894611349546971 0.004287839345481591
1 0.792587029089175 0.6992915582000744 0.012451120648545541 0.0047564150241725545
15 0.8791010968049594 0.7029825213834139 0.01189794945159752 0.004700632205280774
1 0.26916785884597044 0.7034101896615842 0.005193133047210301 0.01224990702863518
15 0.7927372436814496 0.7035217552993678 0.012751549833094896 0.004291558200074376
1 0.8326800190748689 0.7038601710673112 0.005846447305674773 0.010918557084418
15 0.8089747257987602 0.7038638899219041 0.01184549356223176 0.0042320565265898105
1 0.17403910348116355 0.7048661212346597 0.004730567477348594 0.01218668650055783
1 0.7364568431092036 0.7053309780587579 0.014639961850262279 0.004934920044626255
1 0.34581783500238433 0.7057512086277427 0.005894134477825465 0.011725548531052437
15 0.9513257033857893 0.7070137597619933 0.005655698617072007 0.009788025288211231
15 0.9443609918931808 0.707590182223875 0.00603242727706247 0.010197099293417628
15 0.7927849308536004 0.7083562662699888 0.01380066762041011 0.004291558200074376
1 0.4837410586552217 0.7082967645965043 0.006108726752503577 0.011610264038676087
15 0.13768001907486885 0.7087671997024916 0.0035431568907963755 0.010319821494979547
15 0.14374821173104435 0.7088750464856824 0.005188364329995232 0.009791744142804015
1 0.8094349070100143 0.7090126441056155 0.013719599427753934 0.004116772034213462
1 0.9699213161659513 0.7090721457791 0.005650929899856938 0.012417255485310525
1 0.7726561754887935 0.7103923391595388 0.014554124940391034 0.004644849386388992
15 0.7918478779208393 0.7133971736705095 0.011926561754887936 0.004704351059873559
1 0.8089842632331903 0.7141632577166233 0.012818311874105865 0.004005206396429899
15 0.17793276108726752 0.7146838973596132 0.01251788268955651 0.004302714763852734
1 0.7725154983309489 0.7158553365563406 0.015226514067715784 0.004414280401636296
15 0.9430329041487839 0.717997396801785 0.005283738674296614 0.009442171811082187
15 0.9505221745350501 0.718925251022685 0.005956127801621364 0.010554109334325027
15 0.8081449690033381 0.7186630717738937 0.013047210300429185 0.0048233544068426925
1 0.5797639484978542 0.7190777240609891 0.006452074391988555 0.010859055410933433
15 0.7927849308536004 0.7204648568240981 0.01380066762041011 0.004708069914466344
1 0.9056270863137815 0.7210505764224618 0.01630901287553648 0.005879509111193753
15 0.9690438721983786 0.7213815544812198 0.0058035288507391515 0.01026031982149498
15 0.7732260371959943 0.7215730754927482 0.012832618025751074 0.003949423577538118
15 0.7919980925131139 0.7266437337300111 0.012226990939437292 0.004421718110821867
15 0.8102408202193611 0.727002603198215 0.017238912732474965 0.005883227965786538
1 0.9061683357176918 0.7276496838973596 0.015484024797329517 0.004946076608404612
15 0.7325584167858846 0.7292171811082186 0.013519313304721031 0.0043622164373373
1 0.7472365283738674 0.7290721457791 0.014263233190271818 0.004072145779100037
1 0.8119027181688125 0.732339159538862 0.014840247973295185 0.004656005950167348
20 0.4516714353838817 0.07337300111565638 0.0897997138769671 0.05451840833023429
15 0.7325488793514544 0.7341204908888063 0.012546494992846923 0.0037560431387132763
15 0.9634620886981402 0.734038676087765 0.005131139723414401 0.011030122722201562
1 0.7472460658082976 0.7344849386388992 0.015236051502145923 0.004484938638899219
1 0.9558416785884597 0.734497954629974 0.006103958035288508 0.011204908888062476
15 0.9494945159752026 0.735174786165861 0.005808297567954221 0.010327259204165117
15 0.9697711015736766 0.7352547415396058 0.0053505007153075825 0.009743399033097806
15 0.7745255126371007 0.7362569728523615 0.014477825464949929 0.004310152473038304
15 0.13381020505484026 0.7379936779471923 0.0053409632808774435 0.010758646336928227
15 0.14015975202670483 0.7377296392711046 0.0056413924654268 0.010230568984752697
15 0.14587982832618027 0.7380717738936408 0.005636623748211731 0.01017106731126813
15 0.7742274678111588 0.7416697657121606 0.013881735813066285 0.004722945332837486
15 0.7559966618979495 0.7460152473038304 0.013662374821173103 0.004488657493492004
1 0.06241297091082498 0.7465265898103385 0.006561754887935145 0.01146150985496467
15 0.79189556509299 0.7465470435105988 0.012975679542203147 0.003320937151357382
1 0.0707725321888412 0.7471197471178878 0.006113495469718646 0.013391595388620304
15 0.07781115879828325 0.747182967645965 0.0058845970433953265 0.011286723689103757
15 0.09185264663805437 0.7472926738564523 0.0053552694325226516 0.010762365191521012
15 0.0980615164520744 0.7476348084789886 0.006328087744396757 0.010702863518036445
15 0.0845517405817835 0.7476441056154705 0.005059608965188364 0.011465228709557455
20 0.9562255603242727 0.7478765340275195 0.01831664282308059 0.012673856452212718
15 0.12564139246542683 0.7484250650799554 0.006170720076299476 0.01228337671997025
15 0.7910157367668097 0.7507642246188174 0.01312350977587029 0.0035738192636667904
15 0.9159108249880782 0.7540833023428783 0.013986647591797805 0.004261807363332094
15 0.7913161659513591 0.7565786537746374 0.013724368144969004 0.004789884715507624
15 0.8545374344301383 0.7590423949423578 0.005689079637577491 0.010461137969505391
15 0.7342989985693849 0.7592692450725177 0.015092989985693847 0.004964670881368538
15 0.07033142584644732 0.7610208255857196 0.006185026227944683 0.010699144663443658
15 0.062114926084883164 0.7610301227222016 0.005965665236051502 0.01146150985496467
15 0.7337458273724368 0.7639512830048345 0.014940391034811635 0.003915953886203049
20 0.9137148307105388 0.7643603570100408 0.018178350023843586 0.01291558200074377
20 0.9323652837386743 0.7642599479360356 0.01637577491654745 0.014202305689847526
20 0.10541249403910348 0.7675771662328003 0.05059608965188364 0.024555596876162142
15 0.7414616118264187 0.7722666418743027 0.005574630424415832 0.01087764968389736
15 0.06585360038149737 0.7771550762365191 0.00581306628516929 0.010241725548531052
15 0.9364449213161659 0.7773280029750838 0.006413924654268001 0.010587579025660097
15 0.059103481163567 0.7773521755299369 0.005665236051502146 0.009892153216809224
15 0.9284024797329518 0.7772982521383415 0.00558893657606104 0.01052807735217553
15 0.14030996661897951 0.7835831164001487 0.005941821649976157 0.011941242097433991
1 0.9362947067238913 0.7887430271476384 0.006113495469718646 0.010360728895500186
1 0.9193586075345732 0.7889624395686129 0.014206008583690987 0.004105615470435106
20 0.104861707200763 0.795937151357382 0.050448259418216505 0.024748977314986983
9 0.9094754411063424 0.8085738192636668 0.037358130662851693 0.03217181108218669
15 0.9024034334763948 0.832921160282633 0.006046733428707677 0.010208255857195984
1 0.8953171196948021 0.8335068798809967 0.005226514067715785 0.011379695053923392
15 0.9078254649499284 0.8335868352547415 0.0054458750596089655 0.01079583488285608
20 0.09448020982355747 0.8451431759018223 0.018240343347639486 0.01233915953886203
20 0.11432999523128279 0.8460431387132764 0.018836432999523128 0.008932688731870584
15 0.5631068192656176 0.8514670881368538 0.012241297091082499 0.004161398289326887
15 0.09655221745350501 0.8543919672740796 0.01284692417739628 0.004804760133878766
1 0.16974725798760132 0.8546262551134252 0.015221745350500715 0.0037857939754555596
1 0.11424177396280401 0.8546188174042395 0.013891273247496424 0.004514689475641502
1 0.5630233667143538 0.8563108962439568 0.014935622317596566 0.004923763480847899
15 0.6790963280877444 0.8565079955373746 0.01246065808297568 0.004574191149126069
15 0.1693991416309013 0.8591911491260691 0.013571769194086791 0.003990330978058758
15 0.09567477348593229 0.8597601338787654 0.012999523128278494 0.003640758646336928
15 0.11542918454935623 0.8597601338787654 0.01531235097758703 0.003640758646336928
15 0.08144492131616594 0.8599925622908144 0.013152122079160704 0.004105615470435106
1 0.6643824511206485 0.8605410933432502 0.015460181211254174 0.004458906656749721
15 0.6790963280877444 0.8607660840461138 0.01246065808297568 0.0041651171439196725
9 0.1415188364329995 0.862063964298996 0.034110634239389606 0.018661212346597247
15 0.6988531235097758 0.8623428783934549 0.014778254649499284 0.004343622164373373
15 0.16959704339532664 0.8658367422833768 0.014921316165951359 0.004637411677203422
15 0.6979065331425847 0.8672666418743027 0.011931330472103005 0.0037783562662699888
1 0.6795565092989986 0.8672740795834882 0.014334763948497854 0.0052807735217552994
1 0.16929899856938482 0.8706433618445518 0.014325226514067715 0.00458162885831164
15 0.6788078206962327 0.8721811082186687 0.012837386742966143 0.003938267013759762
15 0.6977753934191702 0.8727129044254369 0.01357653791130186 0.005001859427296393
15 0.6785073915116834 0.8773689103756043 0.01223652837386743 0.004644849386388992
9 0.38626371006199334 0.08764224618817405 0.03337625178826895 0.018348828560803273
15 0.12974487362899378 0.8789419858683525 0.005793991416309013 0.010022313127556711
15 0.12280877443967571 0.878949423577538 0.005274201239866477 0.010780959464484938
15 0.892346208869814 0.8810022313127557 0.005007153075822604 0.010423949423577538
15 0.7468049594659036 0.8812067683153589 0.005770147830233667 0.010833023428783934
15 0.7400906056270863 0.8815414652287096 0.00569384835479256 0.010014875418371141
15 0.9110634239389604 0.8818928969877278 0.00619933237958989 0.010717738936407586
1 0.8983571769194086 0.8819003346969133 0.0046304244158321415 0.011476385273335813
15 0.9041249403910349 0.8821197471178877 0.005674773485932284 0.010427668278170323
15 0.678657606103958 0.8822833767199703 0.012536957558416785 0.004060989215321681
4 0.08471387696709586 0.8889494235775381 0.0454411063423939 0.033756043138713276
15 0.6682045779685264 0.8964986984008925 0.012613257033857891 0.0034845667534399404
15 0.6919527896995709 0.8973465972480477 0.014329995231282784 0.005180364447750093
1 0.2887792083929423 0.08997024916325772 0.01580352885073915 0.00589810338415768
1 0.6676466380543634 0.9016939382670138 0.01531235097758703 0.004949795462997397
1 0.6913638531235098 0.9076459650427667 0.014105865522174535 0.0049535143175901825
15 0.6933118741058655 0.9136128672368911 0.01800190748688603 0.00647452584603942
15 0.6102956604673343 0.9238936407586463 0.004568431092036242 0.009929341762737076
15 0.604237005245589 0.924090740052064 0.0038960419647114924 0.009579769431015248
15 0.6484763948497854 0.924090740052064 0.0046304244158321415 0.009579769431015248
1 0.597658559847401 0.9242618073633322 0.005999046256556986 0.01215321680922276
15 0.6546852646638054 0.9245965042766827 0.005603242727706247 0.011335068798809966
15 0.6355674773485933 0.9248214949795462 0.004563662374821173 0.011041279285979918
15 0.14226037195994276 0.9266604685756786 0.013657606103958036 0.0035626626998884344
15 0.12527181688125893 0.9268222387504649 0.013061516452074392 0.005373744886574935
15 0.9058321411540295 0.9302975083674229 0.013857892226990938 0.00414280401636296
1 0.9355913209346686 0.9306470806991447 0.01519790176442537 0.004841948679806619
15 0.8506723891273247 0.9307363332093715 0.00558893657606104 0.010226850130159911
15 0.9208941344778254 0.9308739308293046 0.012508345255126372 0.004551878021569357
1 0.12488078206962328 0.9319709929341763 0.01418693371483071 0.005258460394198587
1 0.1422699093943729 0.9320806991446634 0.01463042441583214 0.0047341018966158424
15 0.6588197424892704 0.9344217181108219 0.01101096804959466 0.0042097433990330975
1 0.8508130662851693 0.9426180736333208 0.004916547448736291 0.01093343250278914
1 0.8433428707677635 0.9431963555224991 0.006189794945159752 0.011346225362588324
9 0.14023128278493086 0.9466920788397174 0.05156413924654268 0.022800297508367425
15 0.751659513590844 0.9490219412420975 0.0049880782069623274 0.010353291186314615
15 0.7578302336671435 0.9491390851617703 0.0058845970433953265 0.010587579025660097
15 0.19129947544110634 0.09522685013015991 0.005870290891750119 0.010461137969505391
15 0.20381020505484024 0.09545184083302344 0.006094420600858369 0.010167348456675345
15 0.10038865045302812 0.9540554109334325 0.004306151645207439 0.01000743770918557
15 0.09482832618025751 0.954062848642618 0.005584167858845971 0.010766084046113797
1 0.19701239866475917 0.09557828188917813 0.0048974725798760135 0.011164001487541837
1 0.4388960419647115 0.9589810338415767 0.012746781115879829 0.004983265154332466
15 0.9620147830233667 0.9592301970992934 0.006051502145922746 0.009944217181108219
15 0.21740104911778732 0.09626255113425065 0.004663805436337625 0.011044998140572703
1 0.12085121602288985 0.9615563406470807 0.014711492608488317 0.004927482335440684
9 0.40907248450166905 0.9616232800297507 0.03702908917501192 0.02365563406470807
15 0.3836933714830711 0.9625529936779471 0.005345731998092513 0.009895872071402008
1 0.37752265140677155 0.9631368538490145 0.0044492131616595135 0.01106359241353663
15 0.4378564616118264 0.9637802156935664 0.01162136385312351 0.0041688359985124586
15 0.45263710061993323 0.9643473410189662 0.011616595135908441 0.003815544812197843
15 0.45278731521220794 0.9690758646336928 0.011917024320457796 0.004347341018966158
15 0.4384453981878874 0.9689289698772777 0.01184549356223176 0.00405355150613611
20 0.6980257510729614 0.9693380438824842 0.01789222699093944 0.013053179620676833
15 0.1108893657606104 0.9693938267013759 0.005278969957081545 0.010189661584232056
20 0.7171244635193132 0.9695723317218297 0.0169861707200763 0.013521755299367794
15 0.12413686218407248 0.9697378207512086 0.006022889842632332 0.010133878765340274
20 0.7364401525989509 0.9698066195611751 0.019375298044825944 0.013990330978058758
15 0.11752742012398665 0.9700799553737449 0.005202670481640439 0.010074377091855708
15 0.6626132570338579 0.9706638155448121 0.00619933237958989 0.011242097433990331
15 0.6766452074391989 0.9707363332093715 0.004697186456843109 0.009899590925994795
15 0.6836862184072485 0.9710784678319078 0.00447305674773486 0.009840089252510228
4 0.756101573676681 0.9716084046113798 0.019594659036719125 0.03023800669393827
15 0.37910824988078207 0.973233544068427 0.012389127324749642 0.005224990702863518
15 0.4535264663805436 0.9737727779843808 0.012441583214115403 0.004815916697657121
15 0.4387458273724368 0.9741149126069171 0.012446351931330472 0.0047564150241725545
4 0.26728659990462567 0.97429899590926 0.19790176442536958 0.035619189289698774
15 0.6979208392942299 0.9796076608404611 0.011959942775393419 0.004585347712904426
15 0.7127372436814496 0.9799497954629974 0.012026704816404386 0.004525846039419859
1 0.3095445875059609 0.10309780587579026 0.005832141154029566 0.010583860171067312
15 0.22834048640915594 0.1165507623651915 0.013190271816881259 0.004763852733358126
1 0.22834048640915594 0.12472666418743027 0.013190271816881259 0.004008925251022684
15 0.10147591797806389 0.13236333209371515 0.013156890796375775 0.0036630717738936405
1 0.08513590844062947 0.1328319077724061 0.014811635670004769 0.0046002231312755664
1 0.12176442536957559 0.13383042023056899 0.013676680972818312 0.004365935291930086
15 0.10072722937529804 0.13752882112309409 0.011659513590844063 0.005068798809966531
1 0.08425608011444921 0.137755671253254 0.014959465903671913 0.0047787281517292675
15 0.22863137815927514 0.14817962067683152 0.012818311874105865 0.0055448121978430645
20 0.209897472579876 0.15038304202305688 0.017315212207916073 0.013670509483079211
9 0.14551263710061993 0.15279285979918186 0.029699570815450646 0.03336556340647081
15 0.22822842155460182 0.15377277798438083 0.01296614210777301 0.004087021197471179
1 0.1701716738197425 0.15981219784306433 0.013209346685741535 0.004265526217924879
1 0.21568669527896997 0.16320193380438824 0.006003814973772055 0.011044998140572703
1 0.17047210300429186 0.1650985496467088 0.013810205054840248 0.003681666046857568
15 0.22706962327134003 0.17306619561175157 0.01446351931330472 0.004741539605801413
15 0.23206485455412493 0.18147266641874304 0.004425369575584167 0.009654146522870955
15 0.23237482117310446 0.19358125697285236 0.005999046256556986 0.010070658237262923
15 0.22331187410586553 0.2027296392711045 0.012670481640438722 0.003822982521383414
15 0.20593228421554602 0.20296206768315359 0.013199809251311397 0.004287839345481591
9 0.144482594182165 0.20669579769431012 0.029546971864568432 0.011011528449237635
15 0.22300190748688603 0.2076534027519524 0.011096804959465903 0.004001487541837114
15 0.2234597043395327 0.2127296392711045 0.01296614210777301 0.005228709557456304
1 0.15309251311397234 0.21406470806991446 0.014339532665712923 0.004179992562290814
1 0.13526466380543634 0.21483822982521386 0.0139723414401526 0.004239494235775381
15 0.22418931807343825 0.21695239866121235 0.01251788268955651 0.004005206396429899
15 0.2079518359561278 0.21718668650055784 0.013423938960419646 0.004473782075120863
15 0.20878159275154984 0.22221829676459648 0.012222222222222221 0.004124209743399033
15 0.222412970910825 0.22233544068426925 0.010872675250357655 0.004358497582744515
15 0.2080901287553648 0.22728151729267385 0.012746781115879829 0.0038378579397545555
15 0.22316165951359085 0.2280903681666047 0.012370052455889366 0.0047117887690591295
15 0.2032212684787792 0.23197099293417628 0.013500238435860753 0.0035477872815172923
1 0.22523843586075346 0.2327817032354035 0.014616118264186934 0.004425436965414652
15 0.2140963280877444 0.23615656377835625 0.004730567477348594 0.009687616214206024
15 0.20321173104434906 0.2370397917441428 0.012527420123986648 0.0040163629602082565
1 0.22489031950405342 0.2375790256600967 0.01296614210777301 0.003607288955001859
9 0.14870290891750118 0.2433413908516177 0.030357653791130184 0.032982521383413906
1 0.19642823080591323 0.24873187058386018 0.005636623748211731 0.011037560431387133
1 0.22445159752026705 0.260710301227222 0.013042441583214116 0.004499814057270361
20 0.20734859322842156 0.26500743770918556 0.018893657606103956 0.013094087021197472
1 0.22505007153075823 0.2653328374860543 0.01423938960419647 0.0033320937151357383
15 0.22414163090128755 0.2701264410561547 0.011468764902241297 0.004737820751208628
15 0.20726037195994276 0.27504276682781703 0.013948497854077254 0.004157679434734102
15 0.22374105865522176 0.27550204537002604 0.01162136385312351 0.004332465600595017
9 0.14654506437768242 0.2796429899590926 0.030810681926561754 0.03195239866121235
1 0.20696948020982356 0.27950539233915955 0.014320457796852646 0.004157679434734102
1 0.2241511683357177 0.2803086649312012 0.012441583214115403 0.0042766827817032355
15 0.20721268478779206 0.2851450353291186 0.01289938006676204 0.004280401636296021
15 0.22317119694802098 0.28511528449237633 0.013342870767763472 0.004220899962811454
15 0.22374105865522176 0.2905187802156936 0.01162136385312351 0.0038713276310896245
15 0.22990462565569864 0.29843808107103015 0.004873628993800668 0.008553365563406471
15 0.23004530281354316 0.3098977314986984 0.004201239866475919 0.009903309780587578
9 0.1527587029089175 0.3528821123094087 0.05372913686218407 0.04306433618445519
1 0.10870529327610873 0.363110821866865 0.014263233190271818 0.006251394570472294