9 0.3969507663725035 0.7953998416468725 0.029386901997213194 0.05477434679334917
9 0.5139038550859266 0.7958630245447347 0.030130051091500236 0.05253365003958828
9 0.4743613562470971 0.7965122723673793 0.0337203901532745 0.0522486144101346
9 0.434526242452392 0.7969833729216153 0.027436135624709708 0.05477434679334917
9 0.5677612633534603 0.7986777513855898 0.030088248954946585 0.05341250989707046
9 0.26262192289828146 0.7989469517022961 0.019902461681374828 0.04128266033254157
1 0.12403390617742685 0.7992596991290578 0.009331165815141663 0.026072842438638163
9 0.23567347886669762 0.8004592240696754 0.01988388295401765 0.05380839271575613
9 0.20578959591267998 0.8019596199524941 0.023283790060380866 0.05205859065716548
9 0.7246446818392941 0.8114766429136975 0.02801672085462146 0.04892319873317498
9 0.6849349744542499 0.8115756136183689 0.029414770088248953 0.04912114014251781
9 0.7785113794705063 0.8135431512272369 0.04285647933116581 0.053056215360253366
1 0.25632605666511843 0.841627078384798 0.017529029261495587 0.023713380839271575
1 0.1576474686483976 0.8419239904988123 0.007816999535531815 0.013222486144101346
1 0.31675104505341384 0.8464014251781473 0.01018578727357176 0.023760886777513857
9 0.3427589410125407 0.8529770387965162 0.04548072457036693 0.043246239113222486
1 0.7648653042266605 0.8587529691211402 0.01370645610775662 0.015209817893903405
1 0.14787738039944265 0.8734560570071258 0.005926614026939154 0.027197149643705464
1 0.3130097538318625 0.8897307996832937 0.019424059451927544 0.013824228028503563
9 0.1844217371110079 0.8905146476642913 0.05950766372503484 0.0755661124307205
1 0.135039479795634 0.9229691211401425 0.012763585694379935 0.01695961995249406
15 0.1234881560613098 0.11132224861441013 0.009168601950766372 0.023119556611243073
15 0.08395494658615885 0.11191211401425179 0.004417092429168602 0.017965162311955662
15 0.09772642823966558 0.11349168646080761 0.005020901068276823 0.014790182106096596
15 0.04965629354389224 0.11471892319873317 0.005490013934045518 0.020411718131433096
15 0.0712842545285648 0.11435866983372922 0.00601486298188574 0.019691211401425178
15 0.09257315373896888 0.11428345209817894 0.005861588481189038 0.017957244655581947
15 0.11319554110543428 0.11586302454473477 0.010877844867626569 0.02428345209817894
15 0.10418950301904319 0.11565320665083134 0.005870877844867626 0.019113222486144103
15 0.06098002786809103 0.11630245447347584 0.0067719461216906645 0.020411718131433096
15 0.07728053878309335 0.11709422011084718 0.005002322340919647 0.020411718131433096
9 0.14250812819321876 0.11912509897070465 0.027700882489549467 0.03714172604908947
20 0.41234091964700414 0.12966349960411716 0.014649326521133302 0.026547901821060968
15 0.2974245239201115 0.12958828186856688 0.00869019972131909 0.021646872525732382
15 0.3319716674407803 0.12958828186856688 0.008114259173246633 0.021646872525732382
15 0.3790664189503019 0.1305581947743468 0.007552252670692058 0.020419635787806808
15 0.38991639572689274 0.1302019002375297 0.006957733395262425 0.022874109263657957
15 0.3429586623316303 0.13040380047505937 0.008722712494194148 0.02327790973871734
15 0.28705294937296794 0.13150435471100555 0.006525777984208082 0.02389548693586698
15 0.4356758012076173 0.1310688836104513 0.006511843938690199 0.021441013460015833
15 0.42611472364143055 0.13260095011876485 0.007826288899210405 0.024505146476642915
9 0.228625174175569 0.1582185273159145 0.024366000928936368 0.05673792557403008
9 0.2526405016256386 0.16055423594615995 0.021305155596841614 0.05032462391132225
20 0.31670227589410127 0.18119160728424386 0.015661867162099396 0.025091053048297705
20 0.29161170459823504 0.18169833729216153 0.019359033906177426 0.026104513064133014
20 0.3401741755689735 0.18410134600158354 0.016158848118903855 0.027743467933491684
9 0.46113330236878775 0.19564528899445763 0.022127264282396655 0.04766429136975456
9 0.40782396655829073 0.19521377672209025 0.026980956804458896 0.05155186064924782
9 0.5189433348815606 0.19853523357086303 0.020701346957733395 0.047110055423594616
9 0.36428704133766837 0.19942201108471894 0.022582443102647468 0.05205067300079176
1 0.618072457036693 0.2510886777513856 0.023882954017649793 0.02553444180522565
1 0.21701114723641432 0.2663380839271576 0.017858801672085464 0.016444972288202693
1 0.2160566651184394 0.27769200316706255 0.01409196470041802 0.01381631037212985
20 0.5696748722712495 0.2850673000791766 0.02927078495123084 0.06973871733966745
15 0.1831328379006038 0.29239904988123516 0.014198792382721783 0.016310372129849565
9 0.6747607988852764 0.2945724465558195 0.02207152810032513 0.04757719714964371
15 0.18168834184858337 0.3077593032462391 0.013167673014398515 0.012193190815518607
1 0.882124941941477 0.3083808392715756 0.01041802136553646 0.015019794140934283
1 0.8441732466326057 0.30902612826603326 0.009758476544356713 0.011559778305621536
1 0.8074454249883883 0.3093863816310372 0.010617742684626104 0.020197941409342834
20 0.6116465397120298 0.31638163103721295 0.013817928471899674 0.029437846397466348
15 0.4157710171853228 0.3201900237529691 0.006646539712029726 0.021219319081551863
15 0.3833975847654436 0.32057403008709423 0.00878309335810497 0.02040380047505938
15 0.4271783557826289 0.3216943784639747 0.008095680445889456 0.02264449722882027
15 0.475078959591268 0.32118368962787014 0.007287505805852299 0.021623119556611243
15 0.37131444496052024 0.32118368962787014 0.005053413841151881 0.021623119556611243
15 0.46451230840687413 0.3222842438638163 0.0075197398978170005 0.022240696753760888
1 0.5487018114259173 0.32817498020585906 0.006832326985601486 0.021353919239904987
15 0.18237575476079887 0.3285154394299288 0.01454249883882954 0.015700712589073632
1 0.594177891314445 0.32976642913697546 0.006748722712494194 0.01820269200316706
9 0.8363167673014398 0.3346714172604909 0.02748722712494194 0.039097387173396676
9 0.7997073850441244 0.33618368962787015 0.02858337203901533 0.03737133808392716
9 0.6324222015791918 0.3355265241488519 0.021927542963307015 0.05030878859857482
9 0.8756990246168138 0.3365676959619952 0.027292150487691593 0.03813935075217736
9 0.21535299581978634 0.33806017418844025 0.045197398978169996 0.10129849564528899
15 0.1831328379006038 0.3424703087885986 0.014198792382721783 0.015106888361045128
20 0.6120483046911287 0.3525019794140934 0.01647933116581514 0.02725257323832146
9 0.6813771481653508 0.35401425178147267 0.023228053878309333 0.05244655581947743
1 0.7997004180213656 0.3717022961203484 0.02113794705062703 0.019730799683293745
1 0.8766395726892707 0.37213380839271576 0.018026010218300047 0.015843230403800476
1 0.8361077566186716 0.37385985748218525 0.016850905712958664 0.01929532858273951
15 0.12375754760798885 0.37952889944576407 0.01156525777984208 0.013214568487727634
15 0.13731072921504878 0.38024940617577196 0.006158848118903855 0.01465558194774347
1 0.6167231769623781 0.3806927949326999 0.02025545750116117 0.0266270783847981
15 0.1478704133766837 0.38111243072050677 0.005912679981421273 0.01479809976247031
15 0.16915699024616812 0.3814726840855107 0.005754760798885277 0.013935075217735552
15 0.1588086391082211 0.3826959619952494 0.005494658615884812 0.016381631037212987
1 0.8141825359962842 0.42084718923198733 0.009228982814677196 0.011923990498812351
1 0.635861588481189 0.4214766429136976 0.01580120761727822 0.013182897862232777
1 0.8550069670227589 0.4223594615993666 0.009131444496052021 0.014948535233570863
20 0.6107756618671621 0.43864212193190816 0.013934045517882025 0.033262074425969915
9 0.6750673478866698 0.4410847189231988 0.019897816999535533 0.0492319873317498
9 0.8337296795169531 0.4417973079968329 0.030673478866697634 0.05382422802850357
20 0.6121086855550394 0.4737767220902613 0.014742220157919182 0.029105304829770386
1 0.6358151416627962 0.4908392715756136 0.010134695773339527 0.010973871733966745
15 0.1273409196470042 0.491215360253365 0.005726892707849512 0.02122723673792557
15 0.16062470970738504 0.490993665874901 0.0044821179749187185 0.016033254156769598
15 0.1837296795169531 0.4917102137767221 0.004245239201114724 0.014299287410926365
15 0.0717533673943335 0.4930047505938242 0.005095215977705528 0.015304829770387964
15 0.062122619600557365 0.49315122723673793 0.005341384115188109 0.01559778305621536
15 0.13494426381792848 0.49258115597783053 0.0051416627960984675 0.02079176563737134
15 0.1167394333488156 0.49294140934283454 0.006818392940083604 0.023095803642121934
15 0.08776126335346028 0.4930799683293745 0.00552717138875987 0.01545526524148852
15 0.15521830004644682 0.4932937450514647 0.004816535067347886 0.014299287410926365
15 0.1686507199256851 0.4935827395091053 0.005671156525777985 0.014877276326207441
15 0.1484184858337204 0.4943032462391132 0.006079888527635857 0.017901821060965953
15 0.1418276823037622 0.49401821060965956 0.004974454249883883 0.018915281076801266
15 0.189684161634928 0.49458828186856685 0.004078030654900139 0.015304829770387964
1 0.6180399442638179 0.5011361836896279 0.020102183000464468 0.022066508313539193
1 0.6810729215048769 0.5014014251781472 0.014259173246632605 0.035265241488519394
1 0.6693311658151416 0.506243072050673 0.007496516488620529 0.022779097387173396
1 0.6529633070134695 0.5182858273950911 0.01470506270320483 0.027862232779097384
1 0.7010543427775197 0.5243547110055423 0.01706456107756619 0.027331749802058592
1 0.6392475615420343 0.5242596991290578 0.006781235485369252 0.01922406967537609
1 0.6900116117045982 0.5294022169437846 0.006126335346028797 0.020007917656373712
1 0.6181955411054343 0.5330601741884402 0.02227124941941477 0.0257403008709422
1 0.6333255921969345 0.5475178147268408 0.00608453320947515 0.016650831353919242
1 0.6544356711565258 0.5519239904988124 0.014862981885740827 0.030213776722090257
1 0.7014398513701812 0.558919239904988 0.013190896423594983 0.03311955661124307
1 0.7227357176033441 0.5602375296912114 0.015838365071992568 0.02942201108471892
1 0.6894263817928472 0.5636342042755345 0.007742684626103113 0.02038004750593824
1 0.7111495587552252 0.5644338875692795 0.007529029261495588 0.017228820269200317
20 0.2236716209939619 0.5819675376088678 0.015387830933581051 0.02695961995249406
1 0.6272549930329773 0.5850395882818685 0.017166744078030656 0.03468725257323833
1 0.4324477473293079 0.585716547901821 0.008416163492800744 0.01862232779097387
1 0.6157245703669298 0.586187648456057 0.008039944263817928 0.022731591448931117
1 0.3792591732466326 0.5918012668250199 0.007008824895494659 0.013372921615201901
1 0.6687529029261495 0.5948970704671417 0.007268927078495123 0.02114806017418844
1 0.6809196470041802 0.5957244655581948 0.0139526242452392 0.03230403800475059
9 0.3972805387830934 0.5997466349960412 0.030046446818392938 0.049849564528899444
9 0.6491105434277752 0.6046001583531275 0.032080817464003715 0.06747426761678543
20 0.22233859730608452 0.6149366587490103 0.017366465397120296 0.02480601741884402
1 0.23355782628889923 0.6181433095803642 0.011007895959126799 0.02646872525732383
1 0.7002902926149558 0.6227870150435472 0.006247097073850441 0.02625494853523357
1 0.6699117510450534 0.626159936658749 0.008657686948444031 0.021916072842438638
1 0.6809196470041802 0.6264608076009501 0.017668369716674407 0.028851939825811558
9 0.721058987459359 0.6314528899445764 0.03849512308406874 0.05150435471100554
9 0.7758824895494658 0.6369952494061758 0.0394565722248026 0.04992082343626286
1 0.3781955411054343 0.6451425178147269 0.0058104969809568046 0.01712589073634204
20 0.2427217835578263 0.6473079968329374 0.01540176497909893 0.02620744259699129
9 0.39650952159777053 0.6578503562945368 0.027575476079888528 0.04729216152019002
9 0.29022991175104507 0.6653800475059383 0.024026939154667904 0.05126682501979414
1 0.6200092893636786 0.6665835312747427 0.013822573153738969 0.01566904196357878
1 0.2588690199721319 0.6747585114806017 0.012396655829075709 0.02410134600158353
20 0.24370181142591735 0.6769517022961203 0.015503947979563401 0.026904196357878066
1 0.4211007895959127 0.6775771971496437 0.004300975383186251 0.013903404592240695
1 0.760829075708314 0.702209026128266 0.008420808174640037 0.02357878068091845
1 0.4951741755689735 0.7053206650831354 0.008462610311193683 0.020300870942201107
1 0.45374825824431025 0.7073832145684877 0.010143985137018113 0.0165083135391924
1 0.37836739433348815 0.7088202692003167 0.006154203437064561 0.016215360253365004
9 0.3980910357640502 0.7205779889152811 0.02609382257315374 0.053982581155977837
9 0.5141221551323735 0.7206690419635788 0.029637714816535068 0.05258115597783056
9 0.7253762192289828 0.7207007125890736 0.028550859266140267 0.049477434679334915
1 0.8609637714816535 0.7205106888361045 0.0061820715281003255 0.023760886777513857
9 0.4727032048304691 0.7210292953285827 0.02483046911286577 0.04696753760886777
9 0.6857059916395727 0.7214885193982581 0.030027868091035765 0.051053048297703886
9 0.4340385508592661 0.7217893903404592 0.02924756154203437 0.054821852731591444
9 0.28983279145378543 0.7217775138558987 0.019516953088713426 0.051631037212984954
1 0.24676497909893172 0.7260649247822645 0.008625174175568974 0.023784639746634997
1 0.22783557826288897 0.7289825811559779 0.007923827217835577 0.018535233570863025
9 0.7785113794705063 0.7431116389548693 0.04285647933116581 0.04679334916864608
9 0.20537389688806318 0.744117181314331 0.024310264746864842 0.05355502771179731
9 0.8319298653042266 0.7451029295328583 0.04936832326985602 0.08244655581947744
9 0.8973316302833255 0.7456017418844022 0.04826288899210404 0.08186064924782264
1 0.7471226196005574 0.7457482185273159 0.007947050627032048 0.020395882818685672
1 0.7046655829075709 0.7471377672209026 0.00849512308406874 0.018424386381631037
1 0.2688597306084533 0.7542676167854315 0.00915466790524849 0.02318289786223278
1 0.2765002322340919 0.776492478226445 0.00864375290292615 0.021710213776722092
1 0.3786716209939619 0.7830324623911322 0.007691593125870877 0.020538400633412512
1 0.547710171853228 0.7834204275534442 0.008564793311658152 0.019730799683293745
1 0.49431723176962383 0.7843072050673001 0.006748722712494194 0.016753760886777515
9 0.25252206223873663 0.7839152810768013 0.006205294937296795 0.019136975455265243
1 0.45423594983743615 0.7848456057007126 0.007403622851834649 0.02258115597783056
1 0.6667440780306549 0.7859224069675376 0.006967022758941012 0.018400633412509897
1 0.7063539247561542 0.786714172604909 0.007227124941941478 0.018400633412509897
1 0.4171876451463075 0.7872842438638163 0.0066929865304226665 0.0211243072050673
9 0.29472131908964233 0.7877315914489311 0.027436135624709708 0.05210609659540776
9 0.34319321876451464 0.7904552652414886 0.04449140733859731 0.048052256532066503