15 0.3756729006233957 0.4917384615384615 0.010605060506050605 0.005015384615384615
15 0.37618628529519615 0.49789450549450553 0.010165016501650165 0.006778021978021978
1 0.44247524752475254 0.5259582417582418 0.010729739640630731 0.005762637362637362
1 0.4308525852585258 0.5264857142857143 0.011686835350201687 0.006817582417582417
15 0.4319160249358269 0.5341802197802198 0.010146681334800147 0.005503296703296703
15 0.4321727172717272 0.5400263736263736 0.011393472680601393 0.005767032967032967
1 0.5206857352401907 0.541920879120879 0.012401906857352402 0.0060395604395604395
1 0.5066318298496516 0.5429098901098901 0.01143014301430143 0.007138461538461538
1 0.4975889255592226 0.5434241758241758 0.005812247891455812 0.0152
15 0.4324294096076274 0.5463142857142858 0.009706637330399706 0.005156043956043957
1 0.5089237257059039 0.5492483516483516 0.010146681334800147 0.00574945054945055
1 0.5215108177484415 0.5498351648351648 0.011118445177851119 0.006923076923076923
9 0.21498166483314998 0.5626549450549451 0.022189218921892188 0.03256263736263736
9 0.25333700036670337 0.5643648351648352 0.021892189218921894 0.02982857142857143
1 0.6317198386505317 0.5758 0.01078107810781078 0.006105494505494506
9 0.16106894022735607 0.5794417582417583 0.05444444444444444 0.0634989010989011
1 0.5424605793912725 0.5800527472527472 0.00607994132746608 0.014610989010989011
1 0.6355683901723506 0.5820659340659341 0.01261092775944261 0.00632967032967033
15 0.07376237623762376 0.5881780219780219 0.011111111111111112 0.006246153846153847
15 0.6365768243491016 0.5888813186813187 0.012427576090942428 0.006773626373626373
15 0.07290062339567291 0.5948593406593407 0.009387605427209388 0.006421978021978022
1 0.54506967363403 0.5960395604395604 0.003964063072973964 0.014936263736263736
15 0.5343454345434544 0.595967032967033 0.005251191785845251 0.013912087912087912
15 0.5398753208654199 0.5960769230769231 0.004576457645764576 0.013252747252747252
9 0.37546021268793545 0.600567032967033 0.040982764943160985 0.06443076923076924
4 0.7385606894022736 0.061560439560439564 0.18485881921525488 0.12312087912087913
1 0.548032636596993 0.6195999999999999 0.005489548954895489 0.014584615384615385
9 0.23534103410341034 0.6297186813186813 0.06144114411441145 0.09372307692307692
15 0.3746846351301797 0.6413010989010989 0.004961496149614961 0.013151648351648353
15 0.6746516318298497 0.6549494505494505 0.004235423542354236 0.013195604395604396
15 0.7446571323799047 0.6551538461538461 0.006365969930326365 0.011846153846153847
15 0.7078071140447378 0.6553230769230769 0.0038063806380638065 0.011305494505494505
15 0.6793546021268794 0.6559978021978022 0.00484048404840484 0.012654945054945054
15 0.7026200953428676 0.6556571428571428 0.004433443344334434 0.01373186813186813
15 0.6086193619361936 0.6557714285714287 0.004184085075174184 0.012202197802197803
15 0.6229061239457279 0.656810989010989 0.005621562156215621 0.010764835164835165
15 0.6180528052805281 0.6574505494505495 0.004715804913824715 0.012923076923076923
15 0.5755152181884855 0.6577999999999999 0.004715804913824715 0.012742857142857143
15 0.6127667766776678 0.6580703296703296 0.004411441144114411 0.013283516483516482
15 0.5799083241657499 0.6583186813186813 0.0039677301063439675 0.012021978021978023
15 0.5406087275394206 0.6595120879120879 0.003843050971763843 0.01265054945054945
15 0.5458030803080308 0.6602065934065934 0.003230656398973231 0.01316043956043956
15 0.5172277227722772 0.6612461538461538 0.00401906857352402 0.014360439560439562
15 0.3468921892189219 0.6646021978021979 0.012449578291162451 0.0052483516483516485
15 0.34696552988632196 0.6703626373626373 0.01112944627796113 0.007098901098901099
15 0.41041804180418046 0.6863450549450549 0.011155115511551156 0.005657142857142857
1 0.398014301430143 0.68649010989011 0.009816648331499816 0.005947252747252747
1 0.4015273193986065 0.7288483516483517 0.0043747708104143745 0.014180219780219779
15 0.41191602493582696 0.7288483516483517 0.0053502016868353505 0.014180219780219779
15 0.3966703337000367 0.7293626373626373 0.0049284928492849284 0.013450549450549451
15 0.4068738540520719 0.7293626373626373 0.004066740007334067 0.013450549450549451
4 0.5501741840850752 0.07315604395604396 0.13885221855518884 0.13752087912087912
1 0.28053355335533553 0.7398505494505495 0.005144847818115144 0.01156923076923077
1 0.3098313164649798 0.7531450549450549 0.007268060139347268 0.005630769230769231
1 0.2905298863219655 0.7533340659340659 0.0068023469013568025 0.0148
1 0.3208342500916758 0.7538087912087912 0.010205353868720205 0.006079120879120879
1 0.386023102310231 0.7610857142857143 0.005636230289695636 0.014479120879120878
15 0.25299596626329296 0.7696747252747252 0.010209020902090209 0.006162637362637362
1 0.3858214154748808 0.7722901098901099 0.004499449944994499 0.014030769230769232
15 0.25215804913824713 0.7758703296703297 0.010733406674000733 0.006246153846153847
15 0.25300330033003304 0.7822923076923076 0.010957095709570958 0.006782417582417583
1 0.42163182984965164 0.7837362637362637 0.003513017968463513 0.014945054945054945
1 0.39382838283828386 0.785232967032967 0.007312064539787312 0.00650989010989011
1 0.37923359002566925 0.7887362637362637 0.0052585258525852585 0.015274725274725275
1 0.3818463513017969 0.8000571428571429 0.00975064173083975 0.006268131868131868
1 0.36896406307297397 0.0806087912087912 0.011122112211221122 0.007371428571428571
15 0.26515951595159515 0.8054461538461539 0.0096002933626696 0.005617582417582418
1 0.3957792445911258 0.819887912087912 0.009746974697469747 0.00549010989010989
9 0.3249101576824349 0.8221142857142857 0.09096442977631096 0.10137142857142857
1 0.4188357169050238 0.822378021978022 0.010388705537220388 0.006074725274725275
15 0.26500916758342496 0.8250417582417583 0.0092995966263293 0.0052483516483516485
1 0.4074000733406674 0.8256725274725275 0.010986431976530986 0.0038725274725274726
1 0.41980931426475976 0.8290725274725275 0.012335900256692336 0.006276923076923077
15 0.407970297029703 0.8313186813186814 0.00845984598459846 0.007252747252747253
15 0.39489182251558486 0.8332923076923077 0.00943894389438944 0.005046153846153846
15 0.421032269893656 0.8358021978021978 0.009647964796479648 0.004791208791208791
1 0.43049321598826545 0.8392901098901099 0.0058342500916758345 0.014404395604395605
1 0.39413458012467917 0.8397032967032967 0.010124679134580124 0.00643956043956044
15 0.38148881554822145 0.8421186813186813 0.009768976897689768 0.005116483516483516
15 0.4206784011734507 0.8437164835164835 0.010407040704070407 0.004795604395604396
1 0.3948001466813348 0.845989010989011 0.010722405573890722 0.004945054945054945
1 0.4080968096809681 0.8479494505494506 0.008712871287128714 0.0044703296703296706
1 0.3813806380638064 0.8492923076923078 0.011752841950861752 0.0053978021978021975
1 0.42005867253392004 0.8516285714285714 0.009900990099009901 0.004795604395604396
15 0.3817198386505317 0.8564813186813186 0.009497616428309498 0.00570989010989011
9 0.7016758342500917 0.8617010989010988 0.04141547488082142 0.06362197802197803
15 0.6124000733406675 0.8864923076923077 0.011012101210121012 0.005072527472527472
15 0.623951228456179 0.8866 0.010645397873120646 0.004408791208791209
1 0.6354308764209754 0.8874461538461539 0.009402273560689402 0.005221978021978022
15 0.6014393105977265 0.8878901098901099 0.012559589292262559 0.00610989010989011
1 0.36955078841217454 0.08918241758241757 0.012295562889622295 0.007815384615384616
1 0.27840667400073343 0.8926725274725275 0.003091309130913091 0.012158241758241758
1 0.6108195819581957 0.8935318681318681 0.012984965163182984 0.0059648351648351645
1 0.28881738173817384 0.8939714285714286 0.005577557755775578 0.014756043956043956
15 0.6014319765309865 0.8941054945054945 0.011078107810781078 0.0053538461538461535
15 0.6353373670700404 0.8942131868131868 0.01214888155482215 0.006448351648351648
1 0.2798569856985698 0.9075406593406594 0.0037917125045837915 0.011125274725274725
15 0.2562449578291162 0.9082065934065935 0.002772277227722772 0.013336263736263737
1 0.28533003300330034 0.9085978021978022 0.0037367070040337366 0.01236043956043956
1 0.2338925559222589 0.9117824175824175 0.010139347268060138 0.007301098901098901
15 0.10394022735606893 0.9367252747252748 0.006927026035936927 0.01410989010989011
15 0.6008507517418409 0.9467318681318682 0.0047818115144847816 0.013024175824175824
15 0.5903905390539054 0.9479956043956044 0.005863586358635864 0.012914285714285713
15 0.31934360102676934 0.9520153846153846 0.005023835716905024 0.013041758241758242
15 0.3041694169416942 0.9521032967032966 0.004011734506784012 0.012338461538461538
15 0.2794316098276494 0.9527736263736264 0.005141180784745141 0.014558241758241757
1 0.29997066373304 0.9527472527472527 0.004415108177484414 0.012747252747252748
15 0.2951998533186652 0.9526813186813187 0.003674367436743674 0.014373626373626375
15 0.515034836817015 0.9531934065934066 0.004033736707004034 0.012760439560439561
15 0.2746883021635497 0.9535186813186813 0.004455445544554456 0.013410989010989012
15 0.2648771543821049 0.9538483516483517 0.003901723505683902 0.013191208791208792
15 0.5052218555188852 0.9540527472527471 0.00420975430876421 0.012720879120879122
15 0.5283736707004034 0.9544241758241758 0.005775577557755775 0.013463736263736262
15 0.5099376604327099 0.9542241758241758 0.0055738907224055735 0.013942857142857142
9 0.5715878254492116 0.957567032967033 0.02913091309130913 0.02941978021978022
1 0.5142794279427944 0.963032967032967 0.01059039237257059 0.006065934065934067
20 0.5978181151448478 0.9630703296703297 0.009717638430509717 0.01581098901098901
15 0.5898349834983498 0.9637450549450549 0.004752475247524752 0.011885714285714286
1 0.37112761276127615 0.10404395604395604 0.010315364869820315 0.007648351648351648
9 0.33518518518518514 0.11008571428571429 0.033039970663733036 0.035556043956043955
1 0.37175100843417674 0.11116703296703297 0.010828749541620828 0.00607032967032967
15 0.3862687935460213 0.11543296703296704 0.010528052805280528 0.006690109890109891
1 0.37182434910157686 0.11727912087912087 0.009508617528419508 0.005107692307692307
9 0.19623212321232122 0.12398021978021978 0.05436376971030436 0.06334505494505495
9 0.1727301063439677 0.1709142857142857 0.024228089475614226 0.01919120879120879
15 0.045804913824715805 0.18167032967032967 0.009468280161349468 0.005538461538461538
4 0.8792024202420242 0.20665054945054945 0.14491015768243493 0.035279120879120884
1 0.04688302163549688 0.24094945054945052 0.011624495782911625 0.005415384615384615
1 0.046628162816281626 0.24697362637362638 0.009647964796479648 0.0042769230769230775
15 0.11274294096076273 0.25962857142857143 0.010597726439310597 0.00672967032967033
15 0.10063989732306564 0.26765054945054945 0.01792812614594793 0.007828571428571428
1 0.04753025302530253 0.2799736263736264 0.009251925192519252 0.005221978021978022
15 0.04732856618995233 0.31394285714285713 0.011048771543821048 0.005468131868131868
15 0.04823799046571323 0.3203516483516483 0.009933993399339935 0.004219780219780219
15 0.048148148148148155 0.3378857142857143 0.009754308764209754 0.004123076923076924
15 0.048650531719838644 0.34414945054945056 0.01075907590759076 0.006101098901098901
15 0.04915841584158416 0.3549120879120879 0.009574624129079574 0.006527472527472527
4 0.39633296662999634 0.3599978021978022 0.04092409240924092 0.337578021978022
15 0.049169416941694175 0.3608879120879121 0.010330033003300331 0.0044131868131868125
4 0.3326164283094976 0.3629230769230769 0.03743674367436744 0.3355164835164835
4 0.13814264759809317 0.365621978021978 0.0415951595159516 0.33036483516483517
4 0.2013182984965163 0.3659450549450549 0.04106710671067106 0.33276923076923076
4 0.2701870187018702 0.3664923076923077 0.04312431243124312 0.33825934065934066
15 0.04947194719471947 0.3669362637362637 0.009468280161349468 0.005960439560439561
15 0.5757132379904657 0.37296263736263735 0.010979097909790979 0.008342857142857143
1 0.5637055372203886 0.3736967032967033 0.010432709937660432 0.006294505494505494
15 0.5632783278327833 0.3802175824175824 0.011045104510451046 0.006149450549450549
1 0.5766299963329666 0.3805120879120879 0.011345801246791347 0.006738461538461539
1 0.5758049138247158 0.3868505494505495 0.01042904290429043 0.006228571428571429
1 0.5649284928492849 0.3878747252747253 0.010678401173450678 0.007397802197802197
9 0.10392372570590391 0.3913186813186813 0.030363036303630363 0.03802197802197802
1 0.5645929592959296 0.39337142857142854 0.01074074074074074 0.005204395604395604
1 0.5766611661166117 0.39337142857142854 0.009941327466079942 0.005204395604395604