15 0.9390791476407915 0.620863453815261 0.0171740233384069 0.008221457257601835
1 0.9382267884322678 0.6295123350545038 0.013439878234398782 0.008307515777395295
15 0.9385007610350077 0.6372977624784854 0.016017250126839168 0.006666666666666666
1 0.938064434297311 0.6462535857716581 0.015144596651445968 0.007366609294320137
15 0.25900050735667174 0.06539013195639701 0.018762049720953827 0.0068559954102122775
15 0.9389649923896499 0.654776247848537 0.019989852866565194 0.008347676419965576
9 0.14502790461694573 0.6583476764199656 0.023186199898528666 0.039586919104991396
15 0.045537798072044645 0.6605938037865748 0.011927955352612887 0.02227768215720023
15 0.11769406392694064 0.6609954102122777 0.007077625570776255 0.01734366035570855
15 0.07104261796042619 0.6624325874928284 0.008143074581430746 0.016775674125071714
15 0.12381532217148655 0.6620711417096959 0.008158295281582953 0.018347676419965576
15 0.06176560121765601 0.6622834193918531 0.006839167935058346 0.01991967871485944
15 0.07751395230847286 0.662825588066552 0.007894469812278032 0.017561675272518645
15 0.938302891933029 0.6631239242685026 0.018665651953323186 0.00897877223178428
4 0.7622602739726028 0.06663511187607572 0.30990867579908676 0.13327022375215145
1 0.24231861998985288 0.06713711990820424 0.013810248604769152 0.009202524383247274
15 0.0888939624556063 0.6664257028112449 0.013404363267376967 0.007550200803212851
15 0.9380999492643328 0.6704704532415376 0.016230339928970064 0.007607573149741824
15 0.045438863521055306 0.6782271944922548 0.009700659563673263 0.02082616179001721
1 0.937945205479452 0.6787033849684452 0.014906139015728057 0.008009179575444636
15 0.14746067985794012 0.0688095238095238 0.009786910197869102 0.018284566838783708
1 0.10183663115169965 0.06932300631095811 0.00884830035514967 0.015869191049913942
1 0.11060629122272958 0.06912220309810671 0.008122780314561137 0.01661503155479059
15 0.1328006088280061 0.0692742398164085 0.00684931506849315 0.01806655192197361
15 0.16322425164890916 0.06955249569707402 0.006813800101471334 0.017475616752725187
15 0.1253805175038052 0.06979919678714859 0.007229832572298325 0.015674125071715433
1 0.14054794520547945 0.06954102122776822 0.00610857432775241 0.015157773952954676
15 0.11853881278538812 0.06945496270797476 0.005722983257229832 0.0195754446356856
1 0.32757990867579906 0.06952954675846242 0.014875697615423643 0.010545037292025243
15 0.1547818366311517 0.06978485370051635 0.007179096905124302 0.017940332759609868
1 0.045910705225773715 0.6971686746987952 0.008614916286149164 0.015106138841078599
15 0.9759817351598173 0.7021141709695927 0.019949264332825976 0.010080321285140562
1 0.9765246067985794 0.7116006884681583 0.014946727549467275 0.009546758462421112
1 0.046856925418569256 0.7207343660355708 0.007463216641298833 0.01633964429145152
4 0.3741958396752917 0.07334767641996558 0.06751902587519026 0.13981067125645438
15 0.32466007102993405 0.7392168674698795 0.00802130898021309 0.018881239242685022
15 0.317572298325723 0.7397418244406195 0.009066463723997971 0.019931153184165235
15 0.17822425164890918 0.07422834193918532 0.018548959918822935 0.009615605278255881
15 0.3955073566717402 0.7401549053356282 0.007656012176560122 0.01731497418244406
1 0.3549543378995434 0.7404475043029259 0.005697615423642821 0.015605278255880666
15 0.3872475900558092 0.7406655192197361 0.008386605783866059 0.017188755020080323
15 0.43742770167427697 0.7408720596672403 0.007275494672754947 0.017601835915088928
1 0.3401293759512938 0.7408405048766495 0.0075038051750380514 0.017538726333907056
15 0.3473592085235921 0.7411216293746414 0.008772196854388634 0.020395869191049912
1 0.3627016742770167 0.7411417096959265 0.006986301369863014 0.015846242111302353
1 0.3320192795535261 0.7411732644865175 0.005489599188229326 0.01590935169248422
15 0.48794013191273466 0.7414027538726334 0.005814307458143075 0.015220883534136547
15 0.44505580923389143 0.7414285714285714 0.007311009639776763 0.017567412507171545
15 0.5521993911719939 0.7418158347676419 0.0064789446981227804 0.01604704532415376
15 0.49421106037544393 0.7418301778542742 0.008209030948756977 0.018370625358577166
15 0.5444596651445968 0.7424497991967871 0.007234906139015728 0.01846242111302352
15 0.5623718924403855 0.7429116465863453 0.005514967021816337 0.01938611589213999
15 0.5022856418061897 0.7433734939759037 0.008122780314561137 0.020309810671256454
1 0.5915651953323185 0.7440476190476191 0.007077625570776255 0.01706827309236948
1 0.5995890410958904 0.7441738382099828 0.0058751902587519025 0.01732071141709696
1 0.6065778792491121 0.7456110154905335 0.007676306443429731 0.015605278255880666
1 0.24196347031963472 0.07523522662076879 0.01512937595129376 0.008187033849684451
1 0.6139523084728564 0.7464084911072862 0.006189751395230847 0.016052782558806655
1 0.25180872653475395 0.7483161216293747 0.015540334855403348 0.009541021227768216
15 0.28626331811263317 0.7484681583476763 0.018493150684931507 0.009845094664371773
15 0.1956747843734145 0.07561675272518646 0.013876204972095383 0.008950086058519793
15 0.045999492643328255 0.756259323006311 0.009807204464738711 0.019690189328743547
15 0.25336631151699646 0.7570797475616752 0.01561136478944698 0.007561675272518646
1 0.2686453576864536 0.7579977051061388 0.0136986301369863 0.008250143430866323
15 0.2522831050228311 0.7687636259323006 0.01750380517503805 0.007980493402180149
15 0.26926433282597667 0.7691508892713712 0.01798072044647387 0.008755020080321285
9 0.16020294266869609 0.7714228341939184 0.13268391679350583 0.14984509466437176
15 0.26930999492643326 0.7798250143430866 0.01807204464738711 0.011744119334480779
15 0.048338406900050736 0.7882300631095812 0.016514459665144594 0.009047619047619047
15 0.06518011161846778 0.7881927710843373 0.013668188736681889 0.008973034997131382
4 0.5551826484018265 0.07940045897877222 0.06419583967529173 0.10946069994262765
15 0.04910197869101979 0.7968387837062536 0.014997463216641298 0.005611015490533562
1 0.32687721968543887 0.08019219736087206 0.014485032978183663 0.008921399885255307
4 0.9594114662607813 0.08060814687320711 0.08117706747843734 0.11072862880091795
15 0.0656697108066971 0.8042226047045324 0.015662100456621007 0.004314400458978772
15 0.048970065956367326 0.8045410212277683 0.017777777777777778 0.007246127366609295
15 0.050466768138001016 0.8119650028686174 0.014682902080162355 0.0060298336201950655
15 0.06520040588533739 0.8148450946643718 0.011679350583460172 0.0072002294893861165
1 0.04961187214611872 0.8221629374641423 0.013987823439878234 0.006919104991394148
15 0.06581177067478437 0.8242598967297762 0.014931506849315069 0.005375788869764773
15 0.05033992897006596 0.8298795180722892 0.014429223744292239 0.005140562248995985
15 0.10596651445966515 0.08336775674125071 0.015078640284119735 0.008387837062535857
15 0.06425672247590056 0.8327940332759609 0.015880263825469306 0.00408491107286288
15 0.050502283105022826 0.8371916236374067 0.012724505327245053 0.008290304073436602
1 0.17799340436326738 0.08467010900745842 0.015043125317097918 0.007550200803212851
15 0.04497970573313039 0.8464486517498565 0.015885337392186706 0.00615031554790591
15 0.24223997970573313 0.0847877223178428 0.01974124809741248 0.008932874354561101
1 0.1963039066463724 0.08514629948364888 0.015134449518011161 0.0073551348250143435
1 0.5025240994419077 0.8587091222030981 0.015702688990360224 0.011164658634538154
1 0.4414485032978184 0.8599196787148594 0.013287671232876714 0.007848537005163511
1 0.4858625063419584 0.8597848537005164 0.0158650431253171 0.01102122776821572
1 0.4675748351090817 0.8598078026391279 0.01480466768138001 0.011067125645438897
1 0.5190740740740741 0.8603757888697647 0.015317097919837647 0.009908204245553644
1 0.41459665144596647 0.8603413654618474 0.015393201420598681 0.010986804360298336
1 0.537742262810756 0.8607142857142857 0.017138508371385083 0.010585197934595525
1 0.6401116184677829 0.8604417670682731 0.01284627092846271 0.004302925989672977
1 0.7540309487569761 0.8614802065404474 0.015418569254185693 0.008674698795180723
1 0.7219000507356672 0.8617068273092369 0.015083713850837139 0.007980493402180149
1 0.816451040081177 0.8620309810671256 0.015449010654490105 0.008628800917957544
1 0.7792820903094875 0.8616867469879519 0.018229325215626584 0.009087779690189328
1 0.8350811770674784 0.8618502581755594 0.016179604261796043 0.008267355134825015
1 0.6756139015728057 0.8618932874354561 0.01485032978183663 0.009500860585197933
1 0.852615423642821 0.8624784853700516 0.01471841704718417 0.009523809523809525
1 0.6754287163876205 0.8626506024096385 0.013465246067985794 0.00757314974182444
15 0.6076610857432776 0.8630091795754445 0.01491628614916286 0.007142857142857143
15 0.62460933536276 0.8636431440045897 0.01532724505327245 0.0061158921399885255
1 0.017313546423135463 0.8637292025243832 0.008244545915778792 0.012025243832472748
1 0.03861998985286657 0.8645811818703385 0.007224759005580924 0.01717154331612163
1 0.04767123287671233 0.8651577739529547 0.006047691527143582 0.014882386689615607
1 0.026009639776763065 0.8651549053356282 0.0073718924403855905 0.01831899024670109
15 0.23448756976154236 0.8688123924268503 0.006265854895991882 0.016454388984509467
15 0.6078868594622019 0.8803241537578886 0.01536783358701167 0.007349397590361446
15 0.017602739726027397 0.8827251864601262 0.006793505834601725 0.020183591508892713
15 0.6923947234906139 0.8830407343660356 0.0139117199391172 0.004750430292598967
15 0.026111111111111113 0.8835972461273666 0.003515981735159817 0.013895582329317268
1 0.6076306443429732 0.8875674125071715 0.011811263318112634 0.006919104991394148
1 0.5906240487062404 0.8888324727481354 0.01432775240994419 0.007154331612162937
15 0.7079654997463217 0.8908290304073436 0.012582445459157788 0.007705106138841078
15 0.6925900558092339 0.8913884107860012 0.012272957889396247 0.0065289730349971315
9 0.7613064434297312 0.8963281698221457 0.08070522577371893 0.05771658060814687
15 0.5917453069507864 0.8967900172117039 0.013526128868594622 0.007005163511187608
15 0.5749670218163369 0.896732644865175 0.014469812278031456 0.0057429718875502
15 0.6074657534246576 0.8972461273666094 0.015540334855403348 0.006769936890418818
15 0.6918899036022323 0.9006511761331039 0.012902080162354135 0.005547905909351693
1 0.3262100456621005 0.09045324153757889 0.015180111618467784 0.00993689041881813
15 0.9540284119736175 0.9023034997131382 0.008513444951801117 0.018032128514056226
15 0.5740233384069001 0.9061904761904762 0.014611872146118721 0.006299483648881239
15 0.606204972095383 0.9073809523809524 0.01606291222729579 0.008680436029833621
15 0.6921714865550482 0.909641422834194 0.012450532724505328 0.00516924842226047
15 0.5900659563673262 0.9139300057372347 0.013211567732115678 0.004566838783706254
15 0.5733079654997463 0.9145065978198508 0.01419583967529173 0.005720022948938612
9 0.646121258244546 0.9161990820424555 0.05327752409944191 0.09631095811818703
15 0.6937823439878235 0.9181669535283993 0.011613394216133943 0.005008605851979347
15 0.10667681380010147 0.0927481353987378 0.014469812278031456 0.007641996557659209
15 0.7082952815829527 0.9265289730349971 0.014256722475900558 0.006815834767641997
1 0.24185692541856924 0.09298049340218015 0.01491628614916286 0.008106712564543891
9 0.9315398274987317 0.9340074584050487 0.02644850329781837 0.035542168674698796
4 0.4609462201927955 0.0937435456110155 0.10098934550989346 0.15994836488812395
1 0.19710553018772198 0.09410499139414802 0.012678843226788432 0.009208261617900173
20 0.27872399797057335 0.9357200229489386 0.019649923896499236 0.017165806081468733
15 0.6071258244545916 0.935837636259323 0.018919330289193303 0.004779116465863454
15 0.24611618467782853 0.9409552495697074 0.01734652460679858 0.010424555364314402
1 0.5741146626078133 0.9423838209982789 0.012765093860984272 0.006397016637980493
15 0.6068036529680365 0.9441135972461273 0.014216133942161339 0.006414228341939185
1 0.1784830035514967 0.0945869191049914 0.015007610350076103 0.007877223178427997
15 0.5920903094875698 0.9500258175559381 0.015230847285641806 0.00676419965576592
15 0.24635717909690513 0.950582329317269 0.016813800101471335 0.009024670109007458
15 0.22078893962455606 0.9522518646012622 0.0072805682394723485 0.019248422260470452
15 0.6064205986808727 0.952122776821572 0.013450025367833587 0.006368330464716006
15 0.2730314561136479 0.9538525530694205 0.0082648401826484 0.017860011474469306
15 0.28246321664129886 0.9549110728628801 0.00784880771182141 0.02112449799196787
15 0.9163977676306444 0.9551319563970166 0.013414510400811772 0.006649454962707975
15 0.2583561643835617 0.9552667814113597 0.00732623033992897 0.019541021227768216
15 0.2663115169964485 0.9554647160068847 0.008016235413495687 0.019936890418818128
20 0.23269913749365803 0.9556196213425129 0.012836123795027904 0.021394148020654043
15 0.8962176560121765 0.958881239242685 0.0075545408422120755 0.018737808376362592
15 0.905025367833587 0.9594721744119334 0.006905124302384576 0.015329890992541595
15 0.19121765601217655 0.9609323006310958 0.008006088280060882 0.01825014343086632
15 0.6068239472349061 0.9613195639701664 0.013242009132420091 0.006402753872633391
15 0.18515220700152207 0.9622948938611589 0.007037037037037037 0.01868043602983362
15 0.9161948249619483 0.9636431440045898 0.014023338406900052 0.008755020080321285
1 0.6345281582952815 0.9701290877796902 0.0067529173008625066 0.015989672977624787
1 0.627257737189244 0.9708548479632817 0.006418061897513952 0.01629374641422834
15 0.9487138508371384 0.9718646012621917 0.019193302891933026 0.007986230636833047
1 0.6133434804667682 0.9732472748135398 0.007001522070015221 0.011899024670109006
1 0.7987747336377473 0.9744004589787723 0.005464231354642314 0.015352839931153186
15 0.8080796549974631 0.975109007458405 0.005809233891425672 0.016769936890418818
15 0.9613470319634704 0.9753413654618474 0.008944698122780315 0.0172346528973035
15 0.7918645357686455 0.9755823293172691 0.0058498224251648905 0.017716580608146872
15 0.8152080162354135 0.9754044750430293 0.006874682902080162 0.017360872059667243
15 0.9496803652968037 0.9807085484796328 0.017067478437341452 0.008462421113023522
15 0.10652207001522071 0.09983648881239242 0.01517503805175038 0.008049340218014917
1 0.3270953830542872 0.10086632243258749 0.013906646372399797 0.008961560527825587
1 0.17833333333333334 0.1026649454962708 0.013693556570268899 0.007969018932874355
15 0.1960603754439371 0.10378657487091222 0.01667681380010147 0.00791738382099828
15 0.42713597158802635 0.10503155479059093 0.00495687468290208 0.00008032128514056226
9 0.1412861491628615 0.10731784279977051 0.04817351598173516 0.0574354561101549
15 0.10649162861491629 0.1084136546184739 0.01612886859462202 0.009139414802065404
1 0.3271359715880264 0.11051348250143431 0.015002536783358701 0.007601835915088927
1 0.17835362760020296 0.11113884107860011 0.013734145104008118 0.007705106138841078
15 0.19663368848300355 0.11342512908777969 0.014779299847792998 0.007687894434882387
15 0.10597666159309994 0.11627653471026965 0.015098934550989346 0.0076534710269650025
1 0.178505834601725 0.12071141709695928 0.014038559107052258 0.006196213425129088
1 0.3263444951801116 0.12132816982214573 0.015449010654490105 0.008577165806081468
15 0.10563165905631658 0.12570854847963284 0.014408929477422627 0.008158347676419967
1 0.17776509386098427 0.1299340218014917 0.014586504312531709 0.007429718875502008
15 0.21686707255200405 0.13215720022948937 0.016686960933536277 0.008433734939759036
15 0.10678335870116692 0.13506597819850832 0.014682902080162355 0.008514056224899598
1 0.2520573313039067 0.1353241537578887 0.01197869101978691 0.007882960413080895
1 0.11747082699137494 0.14339357429718877 0.006631151699644851 0.014842226047045324
1 0.1241501775748351 0.14446643717728055 0.007813292744799595 0.014693057946069994
1 0.14703196347031963 0.14459552495697073 0.007914764079147641 0.014951233505450372
1 0.14001775748351092 0.14500860585197933 0.007077625570776255 0.014629948364888123
1 0.15473617453069508 0.1451606425702811 0.009117199391171994 0.01608146873207114
1 0.1693150684931507 0.14512048192771085 0.007833587011669203 0.01714859437751004
1 0.1321664129883308 0.1450229489386116 0.006595636732623034 0.014658634538152611
1 0.1619837645865043 0.14550487664945497 0.008391679350583459 0.016769936890418818
1 0.17753424657534247 0.14561101549053357 0.009051243023845763 0.01583476764199656
15 0.18514205986808727 0.1454360298336202 0.0070167427701674275 0.020074584050487666
15 0.20082445459157788 0.14606999426276535 0.007940131912734653 0.017900172117039585
1 0.19299847792998476 0.14614744693057946 0.007508878741755454 0.01690763052208835
1 0.10592085235920853 0.14670682730923695 0.013972602739726028 0.008846815834767641
15 0.21742770167427702 0.14870051635111875 0.01780821917808219 0.007096959265633964
15 0.10556823947234906 0.1574584050487665 0.014282090309487568 0.008548479632816982
15 0.1232572298325723 0.16012335054503732 0.008056823947234906 0.015025817555938039
15 0.1393277524099442 0.1607716580608147 0.007727042110603754 0.015174985656913368
15 0.11714865550481988 0.16125932300631096 0.007001522070015221 0.01729776247848537
1 0.17779299847792998 0.16202524383247277 0.007539320142059868 0.01768215720022949
15 0.13283105022831052 0.16166953528399314 0.006910197869101979 0.015823293172690763
1 0.14719431760527651 0.16196213425129088 0.008239472349061389 0.016408491107286288
15 0.19362252663622526 0.16257888697647735 0.007742262810755961 0.017641996557659207
15 0.20150684931506851 0.16267355134825015 0.00626078132927448 0.016683878370625356
15 0.18568746829020802 0.1626419965576592 0.00810755961440893 0.017768215720022948
1 0.09113647894469812 0.1665633964429145 0.013830542871638762 0.010694205393000575
15 0.10581684424150177 0.16805507745266782 0.014779299847792998 0.007940332759609868
9 0.8921029934043633 0.1700774526678141 0.05919330289193303 0.060177854274239814
1 0.10587265347539321 0.17651176133103846 0.013876204972095383 0.007641996557659209
15 0.1862886859462202 0.1812191623637407 0.008295281582952816 0.018204245553643143
15 0.17789446981227802 0.18172117039586919 0.0067275494672754945 0.018060814687320712
1 0.19462455606291224 0.18224325874928282 0.00771689497716895 0.01566265060240964
15 0.07059614408929478 0.18300917957544463 0.016382546930492136 0.008014916810097533
15 0.0897818366311517 0.18367469879518072 0.01619482496194825 0.009345955249569706
1 0.10604008117706748 0.1842742398164085 0.015225773718924404 0.008250143430866323
22 0.3097691527143582 0.20048479632816982 0.051298833079655 0.09001147446930578
9 0.41954337899543376 0.2094520940906483 0.08616945712836124 0.05401606425702812
1 0.16611364789446983 0.24113023522662078 0.01360730593607306 0.007217441193344808
1 0.1356215119228818 0.24123924268502583 0.01654997463216641 0.009730349971313827
1 0.16526128868594622 0.2577710843373494 0.014946727549467275 0.008370625358577166
9 0.5385032978183664 0.2692857142857143 0.040984271943176054 0.049759036144578314
15 0.4680365296803653 0.27599827882960415 0.014713343480466767 0.04253012048192771
9 0.4137595129375951 0.28310958118187035 0.07460172501268392 0.07740676993689041
15 0.5053450025367834 0.30609007458405046 0.016270928462709285 0.007475616752725186
1 0.1343658041603247 0.30962707974756165 0.015053272450532725 0.008812392426850257
1 0.5202333840690005 0.3102294893861159 0.006473871131405378 0.016901893287435455
15 0.5060958904109589 0.31487091222030983 0.01574327752409944 0.008973034997131382
1 0.16487062404870623 0.31533275960986806 0.01315068493150685 0.007601835915088927
1 0.8947590055809234 0.3191279403327596 0.011740233384069002 0.028961560527825586
1 0.9288127853881278 0.3201290877796902 0.011861998985286656 0.029816408491107286
9 0.31950786402841197 0.32794320137693633 0.07077625570776255 0.11888123924268502
1 0.134117199391172 0.3737808376362593 0.014556062912227297 0.010900745840504877
1 0.9565981735159818 0.37567699368904184 0.014667681380010147 0.008955823293172691
15 0.0714967021816337 0.37910786001147445 0.0171689497716895 0.012375215146299483
1 0.16492389649923897 0.3794406196213425 0.014271943176052765 0.008450946643717728
1 0.9567732115677321 0.38440619621342514 0.014003044140030441 0.011497418244406196
1 0.9402486047691527 0.38466724039013195 0.015454084221207509 0.008577165806081468
15 0.07104008117706748 0.3872576018359151 0.015240994419076611 0.00687320711417097
1 0.9567250126839167 0.39326161790017217 0.014921359715880263 0.007406769936890419
15 0.9400583460172501 0.3932845668387837 0.015073566717402334 0.007452667814113597
1 0.07221714865550483 0.3965146299483649 0.020639269406392696 0.009323006310958119
1 0.9564205986808727 0.4014687320711417 0.01532724505327245 0.010051635111876076
15 0.9404845256215119 0.4020711417096959 0.01491121258244546 0.007814113597246127
15 0.07224505327245054 0.40574010327022375 0.01765093860984272 0.008267355134825015
15 0.44664890918315575 0.4093115318416523 0.015570776255707764 0.008525530694205393
15 0.939388635210553 0.4107573149741825 0.016778285134449518 0.007974756167527252
15 0.07226281075596144 0.41393574297188757 0.017686453576864537 0.008594377510040161
1 0.9563444951801116 0.4188955823293173 0.014160324708269913 0.007039586919104991
15 0.44649416539827497 0.4192398164084911 0.01526128868594622 0.006580608146873207
1 0.9396829020801624 0.41988525530694204 0.01635210553018772 0.0078714859437751
1 0.0721486555048199 0.4229776247848537 0.015428716387620497 0.00717154331612163
15 0.13507864028411973 0.42612162937464143 0.017493658041603244 0.008869764773379231
1 0.9560096397767631 0.42729776247848533 0.014505327245053273 0.007779690189328744
1 0.44616184677828513 0.42724612736660933 0.014596651445966514 0.008823866896156054
15 0.46187468290208017 0.4279202524383247 0.015580923389142567 0.0067297762478485375
15 0.9391298833079655 0.4286833046471601 0.015246067985794013 0.00940332759609868
15 0.07222729578893963 0.43053069420539297 0.016600710299340436 0.00965576592082616
15 0.16503551496702182 0.43295180722891563 0.0165246067985794 0.007613310384394722
15 0.444949264332826 0.435952380952381 0.014200913242009132 0.0067297762478485375
15 0.4850228310502283 0.4361015490533563 0.015200405885337392 0.007028112449799197
1 0.9561491628614915 0.4361617900172117 0.016813800101471335 0.009443488238668961
15 0.49915017757483515 0.436675272518646 0.014028411973617452 0.007028112449799197
15 0.46056062912227297 0.436899024670109 0.014982242516489093 0.007475616752725186
15 0.9397209538305429 0.43677854274239813 0.01541349568746829 0.007234652897303499
15 0.4611567732115678 0.4446586345381526 0.01617453069507864 0.008078026391279403
1 0.9388888888888889 0.44525530694205395 0.014764079147640791 0.010418818129661504
15 0.48462455606291227 0.4452323580034423 0.014403855910705227 0.008078026391279403
15 0.46135464231354645 0.4520424555364314 0.013526128868594622 0.007928858290304073
15 0.48492643328259766 0.45256454388984513 0.01297818366311517 0.005530694205393001
1 0.956638762049721 0.4548737808376363 0.014748858447488584 0.011296615031554791
15 0.46124556062912225 0.46039873780837637 0.014322678843226789 0.006282271944922547
15 0.44336123795027904 0.4608462421113024 0.01711314053779807 0.007177280550774527
1 0.48472856418061894 0.4610958118187034 0.012582445459157788 0.005381526104417671
15 0.9398376458650431 0.47111302352266204 0.0186910197869102 0.008204245553643144
1 0.9560755961440893 0.47150315547905913 0.014637239979705733 0.008984509466437177
1 0.13296549974632166 0.47604130808950085 0.014282090309487568 0.008881239242685026
15 0.4133307965499746 0.47900172117039586 0.007787924911212582 0.018244406196213425
15 0.40527397260273973 0.47922547332185883 0.006894977168949772 0.018691910499139413
1 0.41240487062404874 0.4985857716580608 0.00593607305936073 0.01495697074010327
15 0.4206722475900558 0.49878370625358576 0.007250126839167935 0.017647733792312107
15 0.03736681887366819 0.49989959839357434 0.015880263825469306 0.0072576018359150896
15 0.054558599695586 0.5006282271944923 0.013734145104008118 0.007567412507171543
15 0.9391730086250634 0.5190590935169248 0.018376458650431252 0.008858290304073436
15 0.035913242009132415 0.5233878370625359 0.007899543378995434 0.014073436603557086
15 0.9378006088280061 0.5269449225473322 0.018675799086757993 0.007418244406196213
9 0.7830314561136479 0.5321371199082042 0.22461187214611872 0.2518818129661503
1 0.9387671232876712 0.5372461273666093 0.015535261288685947 0.009661503155479059
15 0.9391324200913241 0.5646557659208262 0.01728056823947235 0.00825588066551922
15 0.9395611364789447 0.5729833620195066 0.018138001014713342 0.009994262765347104