4 0.3691760780287474 0.5309188481675392 0.38824948665297737 0.047178010471204186
4 0.22560831622176591 0.05561256544502618 0.03951232032854209 0.09237696335078534
1 0.24639373716632446 0.5617801047120419 0.036935318275154005 0.010471204188481676
4 0.36715092402464067 0.6257041884816754 0.38625256673511293 0.04931413612565445
9 0.1332417864476386 0.6540785340314136 0.07551848049281315 0.1992565445026178
1 0.23603952772073922 0.6547120418848168 0.03778747433264887 0.013089005235602094
9 0.913300821355236 0.06653926701570681 0.12023613963039015 0.09852356020942409
9 0.6394712525667351 0.6697094240837697 0.14239219712525666 0.14465445026178012
9 0.051901950718685835 0.6736230366492146 0.07094969199178645 0.24672251308900525
15 0.3515657084188912 0.6801910994764397 0.017299794661190967 0.009596858638743454
1 0.23466889117043122 0.6845549738219895 0.020672484599589324 0.013089005235602094
1 0.25811601642710474 0.6851649214659685 0.022392197125256672 0.012214659685863874
15 0.8889450718685832 0.7111151832460733 0.010949691991786447 0.015947643979057593
15 0.8592171457905545 0.7113769633507854 0.006935318275154004 0.01856544502617801
15 0.7684933264887064 0.7123664921465968 0.010292607802874743 0.017403141361256546
15 0.9127695071868583 0.7126858638743455 0.012397330595482545 0.015947643979057593
15 0.7775385010266941 0.7126570680628272 0.00887577002053388 0.017984293193717277
15 0.876935318275154 0.7130078534031413 0.009517453798767967 0.01449738219895288
15 0.7407058521560574 0.7132670157068063 0.009132443531827515 0.017109947643979058
15 0.7502926078028747 0.713238219895288 0.010852156057494866 0.019146596858638745
15 0.9010703285420945 0.7142565445026178 0.009532854209445586 0.015947643979057593
15 0.8672638603696099 0.7150994764397905 0.008655030800821355 0.019727748691099476
4 0.36646560574948667 0.7178507853403141 0.38796201232032856 0.047219895287958114
15 0.3244199178644764 0.756282722513089 0.03179671457905544 0.007853403141361256
4 0.5759676591375771 0.0774869109947644 0.5266786447638604 0.041884816753926704
4 0.41167094455852155 0.7892408376963351 0.6313501026694045 0.061204188481675394
9 0.05190965092402464 0.8138298429319372 0.04632443531827515 0.03708376963350785
9 0.33288501026694045 0.8342434554973822 0.12983572895277207 0.03183769633507853
9 0.21767710472279259 0.8349424083769633 0.10065195071868582 0.030094240837696334
9 0.5781853182751541 0.8356387434554974 0.10298254620123204 0.033581151832460736
9 0.46026950718685833 0.8365130890052356 0.12279774127310061 0.030094240837696334
9 0.053906570841889115 0.8603560209424084 0.040051334702258724 0.03589528795811518
4 0.41229722792607804 0.8801675392670156 0.6284958932238193 0.055623036649214655
9 0.8524255646817249 0.9453115183246074 0.15556981519507188 0.07491623036649214
4 0.41401437371663247 0.9732984293193717 0.6288501026694046 0.05340314136125655
4 0.2862063655030801 0.1007565445026178 0.03442505133470226 0.18161780104712041
9 0.1704235112936345 0.11334816753926702 0.05439938398357289 0.061251308900523556
4 0.573144250513347 0.12303664921465969 0.5292453798767968 0.041884816753926704
4 0.22575205338809035 0.15040575916230364 0.04493326488706365 0.09348167539267016
4 0.5728567761806981 0.16974607329842933 0.5286704312114989 0.04525130890052356
9 0.911932751540041 0.1858455497382199 0.12366016427104722 0.09525130890052357
9 0.1673998973305955 0.1876125654450262 0.05553901437371663 0.06004188481675393
4 0.5336601642710473 0.22088481675392668 0.6997638603696099 0.041769633507853406
15 0.5432597535934292 0.2521806282722513 0.01773100616016427 0.012214659685863874
4 0.33377310061601645 0.26636910994764396 0.23530800821355236 0.04792146596858639
15 0.627620636550308 0.28647382198952875 0.03450205338809035 0.02006806282722513
15 0.5752489733059548 0.2895287958115183 0.019081108829568788 0.010471204188481676
9 0.13990246406570842 0.29581151832460734 0.08575975359342916 0.1193717277486911
4 0.3462731006160164 0.3130104712041885 0.26441478439425053 0.04382198952879581
15 0.19563911704312115 0.3157068062827225 0.015508213552361396 0.010471204188481676
9 0.9382520533880903 0.3179502617801047 0.08081622176591376 0.11652879581151832
9 0.8367145790554416 0.3204240837696335 0.08102669404517454 0.11624083769633509
9 0.5351976386036962 0.3240602094240838 0.05602156057494866 0.0910523560209424
9 0.6852207392197125 0.32735078534031414 0.042926078028747434 0.08506806282722512
15 0.5739656057494866 0.33534031413612564 0.016514373716632443 0.06544502617801047
15 0.6333521560574948 0.34363089005235603 0.00797741273100616 0.019198952879581153
15 0.08584702258726899 0.344065445026178 0.009476386036960986 0.02006806282722513
4 0.5757109856262834 0.0356020942408377 0.5292453798767968 0.041884816753926704
4 0.3488988706365503 0.37331675392670155 0.2655595482546201 0.046109947643979056
15 0.4951155030800821 0.3902277486910995 0.018978439425051334 0.019198952879581153
1 0.03587012320328542 0.40909685863874345 0.008085215605749487 0.01819371727748691
1 0.02559804928131417 0.40959162303664925 0.00807494866529774 0.020230366492146597
4 0.3690041067761807 0.4369083769633508 0.3848254620123203 0.04868586387434555
9 0.644473819301848 0.4668848167539267 0.1431570841889117 0.14842931937172774
15 0.22431468172484598 0.47190314136125655 0.016391170431211497 0.019198952879581153
1 0.24613706365503082 0.47295026178010474 0.02410164271047228 0.019198952879581153
15 0.5257956878850103 0.47731151832460733 0.036190965092402466 0.012214659685863874
9 0.06917094455852156 0.5185706806282723 0.04491273100616016 0.03295287958115183