20 0.3783635355029586 0.45698024247867086 0.008206360946745563 0.010502918724741805
15 0.36527736686390533 0.4598652896273013 0.0020044378698224853 0.009088459811405478
15 0.3598909023668639 0.46051638976201165 0.005284763313609467 0.012186798383475528
1 0.6631601331360947 0.4614369106421194 0.006793639053254438 0.005047148630444544
1 0.71010724852071 0.46137180062864835 0.0023150887573964497 0.008509205208801078
1 0.6205029585798816 0.46744050291872474 0.0035798816568047335 0.008971710821733274
1 0.6149833579881656 0.4684777727885047 0.003635355029585799 0.010148181409968569
1 0.7277755177514793 0.4703053435114503 0.005107248520710059 0.0030264930399640775
15 0.4244896449704142 0.47184553210597213 0.01022189349112426 0.007004939380332286
1 0.3029068047337278 0.4719577907498877 0.0274112426035503 0.03866187696452627
15 0.3658357988165681 0.4731387516838797 0.006079881656804734 0.012285585990121238
1 0.3719489644970414 0.47337449483610233 0.005732248520710059 0.01185900314324203
1 0.10674741124260355 0.47375168387965877 0.03080251479289941 0.033268971710821736
15 0.36038831360946744 0.4740884598114055 0.0033210059171597636 0.008796587337224967
1 0.45869082840236686 0.47513695554557706 0.03350591715976331 0.036937584193982936
15 0.42407729289940826 0.47905029187247417 0.010136834319526626 0.006147283340817242
15 0.4370506656804734 0.48544229905702735 0.010935650887573964 0.006358329591378536
15 0.4241031804733728 0.4855478221823081 0.010928254437869822 0.00656937584193983
1 0.5988202662721893 0.4936192186798383 0.00533284023668639 0.004750785810507409
15 0.4360465976331361 0.494099685675797 0.010406804733727812 0.005711719802424787
15 0.4242344674556213 0.49484508307139646 0.011190828402366864 0.0072025145936237085
9 0.3703975591715976 0.49763807813201616 0.020380917159763312 0.013686573866187697
15 0.4369619082840237 0.5020498428378986 0.010758136094674556 0.006344858554108667
15 0.4249297337278106 0.5030871127076785 0.011102071005917159 0.007521329142343961
1 0.2285872781065089 0.5093668612483161 0.01190828402366864 0.009303996407723393
1 0.16267566568047337 0.5113875168387966 0.011741863905325443 0.008854961832061067
15 0.5764127218934911 0.5121374045801527 0.0071153846153846146 0.013947013920071845
1 0.5832840236686391 0.5126605298607992 0.006065088757396449 0.013197126178715761
1 0.5687555473372781 0.5134059272563988 0.002895710059171598 0.008401436910642119
1 0.1820894970414201 0.5164391558149977 0.009889053254437868 0.007283340817242927
9 0.9609689349112426 0.517038616973507 0.013653846153846155 0.028239784463403684
15 0.3570266272189349 0.519970812752582 0.005473372781065089 0.014346654692411316
15 0.42405880177514793 0.5200493938033229 0.008620562130177515 0.00552312528064661
15 0.3812315088757396 0.5216277503367759 0.00654585798816568 0.01317018410417602
9 0.903123150887574 0.5234328693309385 0.01852440828402367 0.01588235294117647
1 0.5906638313609467 0.528075886843287 0.006771449704142012 0.011697350696003592
1 0.5561630917159763 0.5282375392905254 0.0028587278106508877 0.007530309833857207
15 0.5640643491124261 0.5285024696901661 0.005347633136094675 0.012550516389762012
15 0.550621301775148 0.5283497979344409 0.006568047337278107 0.014041311180960935
1 0.5695765532544379 0.5285339021104626 0.006756656804733727 0.013511450381679389
1 0.5829400887573964 0.5283812303547373 0.006856508875739645 0.01500224517287831
1 0.9170062869822485 0.5298742703188145 0.002651627218934911 0.008109564436461608
15 0.42481693786982244 0.532090255949708 0.010136834319526626 0.008051189941625505
1 0.38220044378698226 0.5373394701392007 0.008483727810650888 0.0041805118994162555
1 0.874114275147929 0.5384598114054783 0.0034060650887573966 0.010911540188594523
15 0.42431397928994086 0.5393713515940728 0.009870562130177516 0.006448136506511001
15 0.3808376479289941 0.5442635832959138 0.010935650887573964 0.0063538392456219134
15 0.5602977071005918 0.5494409519533004 0.007429733727810651 0.0041356084418500225
1 0.38101331360946744 0.550835204310732 0.01128698224852071 0.006026044005388415
1 0.9484042159763314 0.554005388414908 0.004056952662721894 0.0069779973057925455
20 0.9596135355029586 0.5545060619667714 0.008724112426035503 0.010673551863493488
1 0.9754881656804733 0.5545801526717558 0.0027514792899408285 0.0081275258194881
1 0.8734633875739645 0.5548675348001796 0.0035835798816568044 0.006906151773686574
1 0.7900462278106508 0.5548832510103278 0.002429733727810651 0.007835653345307588
1 0.9373002958579881 0.5552267624607095 0.001819526627218935 0.007624607094746295
1 0.8169212278106509 0.5555276156264033 0.0021856508875739648 0.01092052088010777
1 0.8229844674556213 0.5565379434216435 0.002477810650887574 0.007552761562640323
1 0.8292252218934911 0.5566793893129771 0.0031249999999999997 0.007835653345307588
1 0.42770710059171596 0.5571059721598562 0.01 0.005994611585092052
1 0.8846024408284024 0.5572541535698249 0.0029326923076923076 0.008985181859003145
15 0.3806619822485207 0.5575168387965873 0.01058431952662722 0.005918275707229456
1 0.8365310650887574 0.5576493039964078 0.004423076923076924 0.009775482712168836
15 0.43964681952662726 0.5634418500224517 0.01242973372781065 0.006991468343062416
15 0.5625388313609467 0.5651571621014818 0.002296597633136095 0.008625954198473283
15 0.5748132396449704 0.5649483610237989 0.003176775147928994 0.007310282891782668
15 0.3808746301775148 0.5650404131118096 0.009530325443786982 0.005698248765154916
1 0.5689275147928995 0.5654625056129322 0.005458579881656805 0.013726986977997306
15 0.5557340976331361 0.5657409070498428 0.0027403846153846155 0.00979344409519533
15 0.5468380177514793 0.5660619667714414 0.00639792899408284 0.01223170184104176
15 0.5405491863905325 0.5663066906151774 0.006394230769230769 0.013619218679838346
15 0.533491124260355 0.5665963179164796 0.0063313609467455624 0.013300404131118097
1 0.7675351331360947 0.5673506960035922 0.003265532544378698 0.011216883700044904
1 0.27154585798816566 0.5677278850471486 0.0061094674556213015 0.012869330938482262
1 0.24863350591715974 0.5680893578805568 0.00540310650887574 0.013592276605298608
1 0.2550628698224852 0.5684104176021553 0.007167159763313609 0.014234396048495733
1 0.2957914201183432 0.5694791198922317 0.011701183431952663 0.019066008082622363
1 0.24261649408284022 0.5694140098787607 0.007422337278106509 0.014445442299057028
1 0.7736298076923077 0.5700269420745397 0.0021412721893491124 0.010282891782667265
1 0.7837148668639053 0.5700673551863493 0.003080621301775148 0.006771441400987876
15 0.4393823964497041 0.5698024247867086 0.011900887573964496 0.0062415806017063315
15 0.38198409763313607 0.5718814548720251 0.009530325443786982 0.005909295015716211
1 0.23228365384615385 0.572341715312079 0.011904585798816567 0.019402784014369106
1 0.43903846153846154 0.5777099236641221 0.012692307692307692 0.008585541086663673
20 0.03983912721893491 0.5784261338123036 0.010891272189349111 0.011814099685675797
1 0.3814201183431952 0.5791468343062416 0.009881656804733727 0.006969016614279299
1 0.33990939349112426 0.5790817242927705 0.006002218934911243 0.014023349797934442
1 0.3516346153846154 0.5791962281095644 0.0050443786982248525 0.016048495734171532
1 0.34611131656804733 0.5791872474180512 0.005832100591715976 0.014234396048495733
1 0.3576682692307692 0.5795621912887292 0.006017011834319527 0.014984283789851817
20 0.05399963017751479 0.5800089806915133 0.013324704142011834 0.017674000898069153
1 0.5623132396449704 0.5800089806915133 0.005543639053254438 0.01318365514144589
1 0.5691290680473373 0.5808082622361922 0.006601331360946746 0.014782218230803773
1 0.2996190828402367 0.5864211944319713 0.006042899408284024 0.012537045352492143
1 0.2930122041420118 0.5880444544229906 0.007622041420118343 0.014885496183206106
15 0.4844082840236686 0.5879815895823978 0.009497041420118342 0.0030848675348001797
1 0.27851331360946746 0.588408172429277 0.00673076923076923 0.01381679389312977
15 0.26012758875739644 0.5890794791198923 0.006201923076923077 0.016057476425684777
1 0.49468010355029585 0.5914009878760664 0.006372041420118343 0.015312079030085317
9 0.0924167899408284 0.5923035473731477 0.0598335798816568 0.07279748540637629
15 0.5686760355029586 0.5922541535698249 0.0027366863905325446 0.008037718904355635
15 0.5622115384615385 0.5928738212842388 0.00386094674556213 0.008378985181859004
1 0.5454031065088757 0.594178266726538 0.02719674556213018 0.036133812303547376
15 0.4835244082840237 0.5956735518634935 0.005510355029585799 0.004099685675797037
20 0.040286612426035505 0.5969465648854962 0.012525887573964497 0.020116748989672202
20 0.05349852071005917 0.5965648854961831 0.013062130177514793 0.017557251908396947
1 0.35546782544378697 0.6038953749438707 0.005314349112426035 0.011562640323304894
1 0.3496172337278107 0.6045666816344858 0.006187130177514793 0.0138033228558599
1 0.3743176775147929 0.6076605298607993 0.031179733727810653 0.03705433318365514
1 0.569217825443787 0.6076807364167042 0.0067788461538461535 0.012846879209699147
1 0.2298742603550296 0.6137629097440502 0.007825443786982248 0.0043556353839245615
15 0.026187130177514794 0.6155365963179165 0.011693786982248522 0.0052088010776829815
15 0.02664940828402367 0.6220498428378985 0.01039940828402367 0.004764256847777279
1 0.9460410502958579 0.6237224966322407 0.031875 0.036847777278850476
20 0.04063794378698225 0.624517287831163 0.01322855029585799 0.015087561742254155
1 0.5466031804733729 0.6319645262685226 0.031815828402366866 0.03267624607094746
15 0.11217270710059171 0.6381073192635833 0.012067307692307693 0.00814099685675797
15 0.09729105029585798 0.6383340817242927 0.01041050295857988 0.00859452177817692
15 0.057893860946745555 0.6388931297709924 0.010018491124260355 0.007018410417602156
1 0.08448779585798816 0.6391198922317018 0.013650147928994081 0.008370004490345757
20 0.04053254437869822 0.6423215087561742 0.011538461538461537 0.020161652447238436
15 0.18818971893491124 0.6427570722945667 0.005077662721893491 0.003969465648854962
1 0.35609652366863903 0.6436977997305793 0.009530325443786982 0.004054782218230804
9 0.48693417159763314 0.643718006286484 0.018247041420118345 0.022954647507858104
1 0.34055473372781064 0.6440727436012572 0.01173076923076923 0.0048046699595868875
1 0.11018491124260354 0.6463066906151774 0.013269230769230771 0.009272563987427032
1 0.3422189349112426 0.6500808262236192 0.01136094674556213 0.006942074539739561
1 0.3556120562130178 0.6503053435114504 0.008561390532544379 0.006493039964077235
15 0.22504252958579882 0.6542613381230354 0.007777366863905326 0.003628199371351594
15 0.34287906804733725 0.6576784912438258 0.006764053254437869 0.0023798832510103277
15 0.3541752958579882 0.6580916030534351 0.004948224852071006 0.0014099685675797037
1 0.9462740384615385 0.6591490794791198 0.025684171597633136 0.03944768747193533
1 0.43729289940828403 0.6632577458464302 0.024733727810650887 0.03060170633138752
1 0.8405676775147929 0.6637516838796587 0.029508136094674557 0.032487651549169286
1 0.3426645710059172 0.6645442299057027 0.0063350591715976325 0.002640323304894477
15 0.3917862426035503 0.06696003592276606 0.0054659763313609465 0.0019039066008082624
1 0.1902644230769231 0.6697328244274808 0.006268491124260355 0.004036820835204311
1 0.3410262573964497 0.6710911540188594 0.006017011834319527 0.003161203412662775
1 0.4042640532544379 0.0673753929052537 0.008971893491124261 0.005428828019757521
15 0.3313332100591716 0.06780871127076785 0.008080621301775148 0.004499326448136507
1 0.3430880177514793 0.06818140996856759 0.007921597633136095 0.005244723843735967
15 0.21826368343195265 0.680511899416255 0.004574704142011834 0.003143242029636282
1 0.9058727810650887 0.6913605747642568 0.0033136094674556214 0.006879209699146834
15 0.8942806952662723 0.6918387965873372 0.003798076923076923 0.010529860799281544
15 0.2192492603550296 0.6918410417602155 0.005806213017751479 0.0024517287831163
15 0.8463905325443787 0.6918455321059722 0.0019526627218934911 0.007849124382577458
1 0.5007544378698224 0.6921733273462056 0.022958579881656803 0.02916030534351145
15 0.7542270710059172 0.6921486304445442 0.003276627218934911 0.007557251908396945
15 0.8751423816568048 0.6924651998203861 0.002503698224852071 0.008190390660080826
15 0.8531675295857989 0.6923327346205658 0.0021930473372781065 0.008823529411764706
15 0.6525591715976331 0.6927525819488101 0.0026035502958579883 0.006969016614279299
15 0.7805806213017752 0.6932308037718905 0.003468934911242604 0.008823529411764706
1 0.8999870562130178 0.6932330489447687 0.00411612426035503 0.00882801975752133
15 0.7477810650887574 0.6934598114054782 0.0029585798816568047 0.008383475527615628
15 0.6694767011834319 0.6937831162999551 0.0016752958579881658 0.00633587786259542
15 0.6307026627218936 0.6937382128423888 0.002529585798816568 0.008042209250112259
15 0.7745636094674556 0.6936192186798383 0.003269230769230769 0.009600359227660529
15 0.5507174556213018 0.6938459811405477 0.0015828402366863906 0.007359676695105523
15 0.6626719674556213 0.6939312977099237 0.0021190828402366866 0.008428378985181858
15 0.6580547337278106 0.6942478670857656 0.0017603550295857988 0.009061517736865738
15 0.20661612426035506 0.69413560844185 0.006427514792899408 0.0025505163897620114
15 0.6262352071005917 0.6945734171531208 0.0017307692307692306 0.007018410417602156
15 0.6016715976331362 0.6944409519533004 0.0028994082840236688 0.0076515491692860345
15 0.34355954142011835 0.6952604400538842 0.005166420118343195 0.0039021104625056127
15 0.555674926035503 0.6955365963179165 0.002622041420118343 0.009842837898518187
15 0.5449019970414201 0.6952402334979794 0.0017862426035502958 0.0074539739559946125
15 0.6060576923076924 0.6955343511450381 0.002056213017751479 0.008042209250112259
15 0.7238443047337279 0.6959856308935788 0.0016826923076923076 0.008046699595868883
15 0.6919526627218935 0.6968926807364167 0.0015088757396449705 0.007166591827570724
15 0.6871153846153847 0.6971710821733273 0.0021893491124260357 0.006825325550067355
15 0.6803494822485207 0.6982667265379434 0.001231508875739645 0.009016614279299505
15 0.21889977810650887 0.6981791647956893 0.005846893491124261 0.002555006735518635
15 0.6752847633136094 0.6984620565783565 0.002196745562130178 0.00940727436012573
15 0.20618528106508874 0.7027211495285137 0.007045118343195267 0.004454422990570274
15 0.42683801775147934 0.7029905702739111 0.007522189349112426 0.004095195330040413
15 0.44004068047337275 0.7040817242927705 0.005081360946745562 0.0026852267624607098
15 0.21968010355029585 0.7045419847328245 0.005188609467455621 0.002707678491243826
15 0.20554733727810648 0.7082846879209699 0.005029585798816568 0.002110462505612932
15 0.4404826183431953 0.7098518185900314 0.005965236686390533 0.0025505163897620114
15 0.42607248520710056 0.710280646609789 0.005251479289940828 0.0016120341266277502
15 0.22017381656804735 0.7136506511001347 0.0054363905325443785 0.0038616973506960034
15 0.20554733727810648 0.7143488998652896 0.0072485207100591725 0.0034620565783565335
1 0.44001849112426034 0.7167130669061518 0.008735207100591716 0.003700044903457566
15 0.42805843195266274 0.7176784912438258 0.007744082840236687 0.0038347552761562637
1 0.25983727810650886 0.07210821733273462 0.004881656804733727 0.012200269420745398
15 0.21939349112426035 0.7192905253704535 0.00757396449704142 0.005262685226762461
15 0.2055269970414201 0.7213852716659184 0.00720784023668639 0.00406376290974405
1 0.24773853550295857 0.07240458015267176 0.0036131656804733727 0.011894925909295015
1 0.25391826923076927 0.07229007633587786 0.0048779585798816565 0.01166591827570723
1 0.2643620562130178 0.0725841939829367 0.004315828402366864 0.012254153569824877
1 0.04950813609467456 0.7229434216434665 0.0021227810650887575 0.008078132016165245
15 0.07235022189349112 0.7229434216434665 0.0026886094674556213 0.0071800628648405924
15 0.08282729289940828 0.7239672204759767 0.00441198224852071 0.0092276605298608
1 0.07795488165680473 0.7243062415806016 0.004282544378698225 0.011701841041760214
1 0.42538831360946744 0.724797934440952 0.005362426035502958 0.0037045352492141893
15 0.44015902366863907 0.725763358778626 0.006797337278106509 0.0038392456219128878
15 0.21990754437869822 0.7263268971710821 0.006383136094674557 0.0040682532555006735
15 0.28528476331360947 0.7265828468792097 0.0025221893491124262 0.006376290974405029
1 0.2903846153846154 0.7272294566681634 0.0031065088757396453 0.007669510552312527
1 0.2419840976331361 0.07299506061966772 0.004678254437869823 0.01127974854063763
1 0.2759633875739645 0.07303322855859902 0.004589497041420119 0.013152222721149529
15 0.2740310650887574 0.7277795240233499 0.0022041420118343196 0.008769645262685227
15 0.279791050295858 0.728450830713965 0.0026294378698224854 0.008316120341266277
1 0.19472263313609467 0.7290951953300404 0.005569526627218935 0.003318365514144589
15 0.20743713017751478 0.7294948361023799 0.006590236686390532 0.003219577907498877
1 0.1725721153846154 0.7302694207453974 0.023398668639053256 0.0254243376740009
1 0.07761279585798816 0.07337224966322407 0.0028587278106508877 0.008441850022451729
1 0.4400295857988165 0.7327480916030534 0.0057988165680473375 0.003439604849573417
15 0.35155510355029584 0.733392456219129 0.0034060650887573966 0.008320610687022901
15 0.3455269970414201 0.7341221374045802 0.0017048816568047338 0.006187696452626852
15 0.2199278846153846 0.7345352492141894 0.005684171597633136 0.003421643466546924
15 0.33277736686390536 0.7348989672204759 0.0035724852071005917 0.0077413560844184996
15 0.33966715976331363 0.7348405927256398 0.002559171597633136 0.0094207453973956
1 0.14738350591715976 0.7359878760664571 0.002607248520710059 0.009021104625056129
1 0.08913831360946746 0.07355859901212393 0.002980769230769231 0.009712617871576111
15 0.0830991124260355 0.07404580152671755 0.0027366863905325446 0.007992815446789403
1 0.24053624260355028 0.7393848226313425 0.005480769230769231 0.01042658284687921
1 0.22080066568047335 0.7405051638976201 0.011127958579881657 0.003686573866187697
1 0.39062315088757393 0.07394252357431522 0.0068380177514792894 0.004193982936686125
1 0.4402699704142012 0.7412370902559496 0.00701923076923077 0.004252357431522228
1 0.05821745562130178 0.7448226313426134 0.0210207100591716 0.023098338572070047
15 0.3319951923076923 0.07556802873821283 0.007925295857988165 0.004750785810507409
1 0.2042973372781065 0.7516861248316121 0.00918639053254438 0.013475527615626403
15 0.3439201183431953 0.07570947462954647 0.005887573964497041 0.0041356084418500225
15 0.18356878698224852 0.7618859452177817 0.006190828402366864 0.004238886394252357
15 0.19603735207100592 0.762110462505613 0.0052403846153846155 0.0028917826672653795
1 0.20809541420118347 0.7671284238886394 0.004208579881656805 0.009335428828019757
1 0.18432877218934912 0.7688482263134261 0.006231508875739646 0.004692411315671306
15 0.19714681952662724 0.7701683879658734 0.0052403846153846155 0.002842388863942524
1 0.18459504437869823 0.7763336326897171 0.004545118343195266 0.0025999101930848675
1 0.184739275147929 0.7856398742703188 0.005573224852071006 0.0032510103277952405
15 0.27953772189349113 0.7970520880107769 0.011738165680473372 0.013502469690166143
15 0.18196005917159763 0.8043780871127076 0.0037130177514792897 0.009295015716210149
1 0.057339127218934915 0.812788504714863 0.02370192307692308 0.024319712617871574
1 0.4025314349112426 0.08157835653345308 0.008465236686390532 0.004198473282442748
15 0.34389238165680475 0.08243152222721149 0.0073113905325443785 0.0032105972159856312
1 0.1660669378698225 0.8364660978895375 0.011127958579881657 0.004319712617871576
1 0.11129437869822485 0.8389357880556803 0.015488165680473374 0.004768747193533902
1 0.14938054733727812 0.8394970812752581 0.013997781065088758 0.008585541086663673
1 0.14000739644970414 0.08404355635383924 0.007825443786982248 0.0037404580152671754
1 0.030876479289940827 0.8402941176470589 0.00701923076923077 0.00568926807364167
1 0.16578402366863904 0.8443601257296812 0.007603550295857988 0.004840592725639874
1 0.10945636094674557 0.845756623259991 0.007374260355029586 0.003143242029636282
1 0.9145210798816568 0.8580287382128423 0.007296597633136095 0.007031881454872025
15 0.17570636094674558 0.8613022002694207 0.005258875739644971 0.004598114054782218
1 0.09250924556213018 0.8676740008980691 0.005284763313609467 0.002972608890884598
1 0.9378161982248521 0.8678536147283341 0.009508136094674557 0.007822182308037719
15 0.08004992603550297 0.8749842837898518 0.008472633136094674 0.02118545127974854
15 0.09335244082840237 0.8759362370902559 0.006231508875739646 0.004229905702739111
1 0.5159596893491124 0.8789604849573417 0.03044008875739645 0.032730130220026944
15 0.09160502958579882 0.8829950606196677 0.00643491124260355 0.0021823080377189044
15 0.09244637573964497 0.8890592725639874 0.004419378698224852 0.0026358329591378536
1 0.887758875739645 0.8904804669959586 0.00628698224852071 0.007274360125729681
1 0.7840495562130179 0.8921800628648406 0.0037500000000000003 0.008877413560844184
1 0.904953772189349 0.8923911091154019 0.003694526627218935 0.01289178266726538
1 0.8982525887573964 0.8923349797934441 0.004345414201183432 0.011881454872025146
1 0.8521135355029585 0.8925594970812752 0.003783284023668639 0.007840143691064212
1 0.7722540680473373 0.8927840143691065 0.0060465976331360955 0.012779524023349798
1 0.8741272189349112 0.8928783116299955 0.0034319526627218933 0.007579703637180062
1 0.9111945266272189 0.8931207903008532 0.004341715976331361 0.01524921418949259
1 0.8079789201183433 0.8932128423888639 0.004271449704142012 0.00914683430624158
1 0.7429511834319527 0.8931746744499326 0.004393491124260356 0.008172429277054333
1 0.8292529585798817 0.8934014369106421 0.003920118343195266 0.008625954198473283
1 0.840105399408284 0.8934845083071397 0.004175295857988166 0.00789402784014369
1 0.6693398668639053 0.89361697350696 0.00805843195266272 0.017139649753030985
1 0.06414940828402367 0.8939582397844634 0.013653846153846155 0.0070453524921418945
1 0.8646930473372781 0.8937988325101033 0.0023150887573964497 0.008522676246070948
1 0.05098742603550296 0.8937561742254153 0.006560650887573964 0.004845083071396497
1 0.8182119082840237 0.8939021104625057 0.002548076923076923 0.008729232150875618
1 0.7193786982248521 0.8943556353839246 0.0038461538461538464 0.006942074539739561
1 0.761253698224852 0.8943556353839246 0.007714497041420118 0.01143242029636282
1 0.7955029585798816 0.8943556353839246 0.006686390532544378 0.01143242029636282
1 0.7067141272189349 0.8949169286035025 0.0021856508875739648 0.014351145038167938
1 0.6364774408284024 0.8947395599461159 0.005943047337278106 0.014894476874719354
1 0.6015347633136094 0.8950763358778626 0.006323964497041421 0.012873821284238886
1 0.6569526627218936 0.8950763358778626 0.005473372781065089 0.012873821284238886
1 0.7488664940828402 0.8949730579254602 0.008827662721893491 0.011769196228109565
15 0.09244637573964497 0.8951234845083071 0.004419378698224852 0.002191288729232151
1 0.569735576923077 0.895410866636731 0.005595414201183432 0.010848675348001796
1 0.5780547337278106 0.8953569824876516 0.007440828402366865 0.014333183655141447
1 0.6133210059171598 0.8951885945217782 0.006967455621301775 0.015792546026044005
1 0.5468102810650888 0.8955814997754827 0.0041235207100591715 0.014782218230803773
1 0.5575332840236686 0.8958621463852717 0.0033801775147928995 0.012649303996407724
9 0.9313443047337279 0.8962101481814099 0.015795118343195268 0.020529860799281544
1 0.6467843934911243 0.8970408621463853 0.003627958579881657 0.01590480466995959
1 0.5889626479289941 0.8969847328244275 0.007067307692307692 0.014894476874719354
1 0.06460798816568047 0.9010350246969017 0.007174556213017751 0.0032375392905253705
1 0.11890717455621301 0.9011629995509655 0.008524408284023668 0.0025954198473282443
15 0.09291974852071005 0.9013875168387966 0.0046264792899408285 0.0021463852716659183
1 0.06524408284023668 0.9086281993713516 0.00918639053254438 0.004054782218230804
1 0.7198391272189348 0.910453524921419 0.015861686390532544 0.01578805568028738
15 0.4024722633136095 0.09121239335428828 0.004648668639053255 0.0037090255949708125
15 0.3450295857988166 0.09156713066906151 0.005887573964497041 0.00531656937584194
1 0.6932156065088757 0.9118051189941625 0.029182692307692305 0.03196228109564437
1 0.7322688609467456 0.9122294566681635 0.0037389053254437868 0.003174674449932645
1 0.7871542159763314 0.9121643466546925 0.008480029585798816 0.0030444544229905703
1 0.06561390532544378 0.9148607992815446 0.009926035502958579 0.006641221374045801
1 0.8708875739644971 0.9154692411315671 0.02727810650887574 0.031207903008531657
15 0.39169378698224855 0.09153794342164347 0.007500000000000001 0.005258194881005838
1 0.9040735946745562 0.9220925011225864 0.02930103550295858 0.02828917826672654
15 0.053021449704142014 0.9279928154467894 0.009149408284023669 0.004167040862146385
20 0.8131564349112427 0.9294050291872473 0.00870931952662722 0.00878760664571172
15 0.4332673816568048 0.9310821733273462 0.008546597633136095 0.003161203412662775
1 0.7072096893491124 0.9331365065110012 0.009093934911242604 0.013556353839245623
1 0.7871838017751479 0.9351167489896722 0.012237426035502959 0.005841939829366861
1 0.05236501479289941 0.9357768298158958 0.007836538461538462 0.0053659631791647955
20 0.6814922337278106 0.9368657386618771 0.00573594674556213 0.011136057476425685
15 0.7192973372781065 0.9384687920969914 0.005162721893491124 0.0026672653794342165
1 0.7316272189349112 0.9386528962730131 0.010591715976331361 0.006627750336775932
9 0.7592640532544379 0.9420992366412213 0.024445266272189348 0.05483161203412663
15 0.19741863905325446 0.9428378985181858 0.001346153846153846 0.0069151324651998206
15 0.1931656804733728 0.9438594521778176 0.0017159763313609466 0.0071621014818141
15 0.09583579881656805 0.9448585541086663 0.002322485207100592 0.0064660978895374945
15 0.15451738165680473 0.9461383026493041 0.007999260355029585 0.004535249214189492
1 0.7300943047337278 0.9466906151773687 0.007525887573964498 0.0020475976650202064
15 0.7187093195266273 0.9466861248316121 0.0054659763313609465 0.002936686124831612
1 0.7865828402366865 0.9466255051638978 0.01029585798816568 0.007305792546026044
1 0.05526072485207101 0.9473686573866188 0.011409023668639055 0.006995958688819039
1 0.9335632396449705 0.9486484059272563 0.008398668639053255 0.015841939829366863
15 0.6808210059171598 0.9497238437359676 0.005133136094674556 0.002725639874270319
1 0.05211723372781066 0.9528715761113606 0.012518491124260355 0.007224966322406825
1 0.6993639053254438 0.953911091154019 0.01633136094674556 0.019182757072294568
15 0.6784005177514792 0.9566232599910194 0.006209319526627219 0.0021553659631791647
15 0.9035170118343195 0.9576178715761112 0.004519230769230769 0.00863493488998653
20 0.151980399408284 0.9577615626403233 0.008842455621301775 0.011616524472384374
20 0.2071764053254438 0.9590839694656489 0.006808431952662722 0.010669061517736866
15 0.16923446745562132 0.9591827570722945 0.001930473372781065 0.009070498428378985
15 0.14207655325443788 0.9595060619667715 0.0016087278106508875 0.007920969914683431
20 0.19039386094674557 0.9594836102379883 0.006527366863905325 0.011468343062415806
15 0.16416050295857987 0.9596070947462955 0.0028772189349112426 0.008123035473731477
15 0.18121116863905326 0.95948136506511 0.0022152366863905327 0.00966771441400988
15 0.11296782544378697 0.95948136506511 0.002562869822485207 0.007871576111360575
15 0.13042899408284023 0.959582397844634 0.0027218934911242606 0.008971710821733274
15 0.10742233727810652 0.9598046699595869 0.0018269230769230771 0.006722047597665021
15 0.13589312130177514 0.9597799730579254 0.002555473372781065 0.006672653794342164
15 0.08952847633136095 0.9599820386169735 0.0015421597633136093 0.008872923215087562
15 0.10115754437869821 0.960179613830265 0.00261094674556213 0.0074719353390211045
15 0.12469859467455621 0.9603794342164346 0.003095414201183432 0.007871576111360575
1 0.09575443786982249 0.9610035922766054 0.0021597633136094673 0.008221823080377189
15 0.11904955621301776 0.961304445442299 0.0028920118343195265 0.009721598563089358
15 0.6910151627218936 0.9646295464750786 0.006290680473372782 0.002002694207453974
15 0.6797244822485207 0.9650493938033229 0.0066383136094674555 0.002842388863942524
1 0.7325055473372781 0.9670633138751684 0.011608727810650888 0.00776829815895824
1 0.9287573964497042 0.9678491243825775 0.009881656804733727 0.011136057476425685
15 0.4291623520710059 0.96913560844185 0.008472633136094674 0.0038302649303996405
1 0.8887093195266272 0.9700314324202964 0.0074482248520710065 0.004723843735967669
15 0.44060281065088763 0.9709317467444992 0.0069452662721893495 0.0038302649303996405
1 0.9005251479289941 0.9708509205208802 0.006671597633136094 0.004566681634485856
15 0.6798835059171597 0.9708105074090705 0.00547707100591716 0.002689717108217333
15 0.691462647928994 0.9711270767849124 0.007925295857988165 0.0024247867085765607
20 0.9472910502958579 0.9708284687920969 0.018102810650887573 0.023381230354737315
20 0.2105048076923077 0.974452177817692 0.006808431952662722 0.007278850471486305
15 0.4286778846153846 0.9777480916030535 0.008243343195266272 0.003093848226313426
15 0.43890717455621303 0.979142343960485 0.0072522189349112426 0.0031881454872025143
15 0.4427903106508876 0.985352492141895 0.009840976331360947 0.0039335428828019756
15 0.21865939349112426 0.9874180511899416 0.005366124260355029 0.003574315222272115
15 0.20670488165680473 0.9879164795689269 0.005865384615384615 0.00546924113156713
15 0.4055380917159763 0.09875392905253705 0.01004068047337278 0.0053210597215985625
15 0.3925221893491125 0.09974854063762909 0.00841715976331361 0.003718006286484059
15 0.3902071005917159 0.10558823529411765 0.00378698224852071 0.0019263583295913785
15 0.40324704142011836 0.10740008980691514 0.006937869822485208 0.0028558599012123934
1 0.302396449704142 0.10901212393354288 0.010857988165680474 0.006079928154467893
1 0.27670118343195266 0.11182981589582398 0.01346153846153846 0.01800179613830265
1 0.20094674556213019 0.11364167040862147 0.014319526627218934 0.007256398742703188
15 0.04656434911242603 0.11421418949259092 0.007329881656804734 0.0039110911540188595
1 0.060713757396449713 0.11534575662325999 0.012699704142011835 0.0052761562640323304
15 0.1781619822485207 0.11633138751683879 0.007211538461538462 0.004553210597215986
1 0.2899519230769231 0.11697799730579254 0.011856508875739646 0.005846430175123484
1 0.30319156804733727 0.11733947013920072 0.010229289940828402 0.008365514144589133
1 0.2174001479289941 0.11880781320161651 0.013942307692307693 0.01309833857207005
1 0.8542825443786982 0.11950830713964974 0.005162721893491124 0.010008980691513247
15 0.060218195266272194 0.12229905702739112 0.006531065088757396 0.003915581499775483
1 0.2906139053254438 0.12417826672653795 0.01022189349112426 0.007674000898069151
1 0.3025221893491124 0.12423664122137405 0.0111094674556213 0.005994611585092052
1 0.17871671597633135 0.12535249214189495 0.006841715976331361 0.0037359676695105522
15 0.060698964497041416 0.1288594521778177 0.006013313609467456 0.0026672653794342165
9 0.8402292899408285 0.130136955545577 0.016257396449704142 0.01689717108217333
1 0.2902958579881657 0.13074315222272115 0.005887573964497041 0.002842388863942524
1 0.30175665680473374 0.1316636731028289 0.0066198224852071 0.003785361472833408
1 0.22724667159763315 0.13407947911989224 0.015883875739644972 0.0166995958688819
9 0.12615569526627218 0.13472384373596766 0.08219304733727811 0.05840143691064212
15 0.06020155325443787 0.13640996856757973 0.004278846153846154 0.002501122586439156
1 0.2611778846153846 0.13703412662775033 0.0031249999999999997 0.010035922766052986
1 0.32749815088757395 0.1374921418949259 0.0115051775147929 0.007359676695105523
15 0.31522744082840237 0.13763583295913784 0.011372041420118344 0.006748989672204759
1 0.27924556213017754 0.13789851818590032 0.003757396449704142 0.009968567579703637
1 0.2912814349112426 0.1377031881454872 0.006379437869822485 0.004189492590929502
1 0.2727755177514793 0.13799955096542432 0.003391272189349112 0.00837449483610238
1 0.30206545857988165 0.13815446789402785 0.0064977810650887575 0.002397844634036821
1 0.2675369822485207 0.13832510103277953 0.002529585798816568 0.0072294566681634495
1 0.25614460059171595 0.1383026493039964 0.006372041420118343 0.016165244723843737
1 0.24441013313609466 0.13825550067355186 0.006571745562130177 0.013376740008980691
15 0.25049001479289945 0.13907947911989224 0.006157544378698225 0.015024696901661428
1 0.302498150887574 0.143069151324652 0.004404585798816568 0.0023484508307139653
15 0.06107433431952663 0.1436663673102829 0.006764053254437869 0.004440951953300404
1 0.17897374260355028 0.14385496183206106 0.011793639053254439 0.01020655590480467
1 0.3275221893491124 0.1446744499326448 0.010813609467455621 0.007355186349348899
15 0.3151090976331361 0.14482712168837 0.011875 0.007660529860799281
1 0.2902958579881657 0.14541311180960934 0.005887573964497041 0.0034440951953300402
1 0.918182322485207 0.14771665918275706 0.0035244082840236684 0.007153120790300853
20 0.8952792159763314 0.14854288280197575 0.00727440828402367 0.013295913785361473
1 0.8709707840236687 0.14917826672653794 0.0030362426035502963 0.008280197575213291
15 0.06158468934911243 0.1494431971261787 0.007045118343195267 0.003421643466546924
1 0.852289201183432 0.15014818140996858 0.0033949704142011835 0.007525819488100585
1 0.8438221153846155 0.1510619667714414 0.00643121301775148 0.003964975303098339
15 0.2761390532544378 0.15437584193982937 0.004940828402366863 0.012388863942523575
15 0.28261649408284023 0.15541760215536596 0.005321745562130178 0.011778176919622812
15 0.2701460798816568 0.1559788953749439 0.00330991124260355 0.009308486753480017
15 0.06107433431952663 0.1573349797934441 0.006764053254437869 0.003938033228558599
1 0.9102755177514794 0.1663089357880557 0.0039829881656804735 0.00931297709923664
1 0.8585650887573965 0.1673574315222272 0.0026331360946745563 0.006919622810956444
1 0.8407507396449704 0.16748091603053436 0.003247041420118343 0.007166591827570724
1 0.8862315088757396 0.16748091603053436 0.0032322485207100593 0.007166591827570724
1 0.8525332840236687 0.1680713964975303 0.003143491124260355 0.006551414458913336
1 0.8688942307692307 0.1680916030534351 0.002581360946745562 0.005693758419398293
1 0.8347651627218935 0.1690749887741356 0.0016309171597633136 0.007660529860799281
15 0.060214497041420116 0.16922317018410418 0.005784023668639053 0.0034665469241131567
15 0.07223002958579881 0.17054333183655143 0.005406804733727811 0.0034126627750336773
15 0.06102995562130178 0.17753704535249215 0.006675295857988166 0.003929052537045352
15 0.07373150887573965 0.17823529411764708 0.005451183431952663 0.0035294117647058825
1 0.09385355029585798 0.18062415806017063 0.013890532544378699 0.02088010776829816
1 0.7016734467455622 0.181275258194881 0.029826183431952664 0.04193982936686125
1 0.13536612426035502 0.1808307139649753 0.006678994082840236 0.015006735518634936
9 0.7948483727810651 0.18335877862595418 0.018690828402366865 0.01647058823529412
20 0.8638295118343196 0.18398967220475976 0.005765532544378698 0.00785361472833408
15 0.07265532544378699 0.18437359676695106 0.006997041420118344 0.002334979793444095
20 0.8783117603550296 0.1848091603053435 0.006623520710059172 0.011288729232150876
20 0.8927662721893491 0.18514369106421194 0.007426035502958579 0.009263583295913785
20 0.90708025147929 0.18575886843286935 0.008687130177514792 0.010493938033228558
1 0.835371671597633 0.1861764705882353 0.0028439349112426037 0.007736865738661877
1 0.8532562869822485 0.18656488549618322 0.0038498520710059173 0.010309833857207006
1 0.8277403846153847 0.1874696901661428 0.0016346153846153845 0.00852716659182757
1 0.648646449704142 0.18751459362370904 0.0029142011834319527 0.0068208352043107314
15 0.6421579142011834 0.18888414907947912 0.002511094674556213 0.008661876964526269
1 0.815101701183432 0.1894207453973956 0.0022448224852071007 0.008837000449034576
15 0.828285872781065 0.1984777727885047 0.0019859467455621304 0.00988774135608442
15 0.8345062869822486 0.19856982487651548 0.0025924556213017752 0.010071845532105972
20 0.9290717455621302 0.2030534351145038 0.009031065088757397 0.011854512797485405
1 0.7338424556213018 0.20322631342613381 0.027596153846153847 0.03105972159856309
1 0.9488886834319527 0.2037853614728334 0.0028069526627218936 0.010624158060170634
1 0.6045931952662722 0.20413785361472833 0.006523668639053255 0.004144589133363269
15 0.9411741863905325 0.204243376740009 0.002910502958579882 0.008845981140547823
15 0.8220099852071007 0.20522227211495284 0.0027477810650887572 0.008109564436461608
1 0.8071523668639053 0.20622361921867982 0.0033579881656804734 0.00921418949259093
15 0.8422041420118344 0.2070116748989672 0.003195266272189349 0.009892231701841041
15 0.8160077662721894 0.20713291423439606 0.0018380177514792898 0.010134710372698698
15 0.8542806952662721 0.20725190839694657 0.00294008875739645 0.0076784912438257755
1 0.4139182692307692 0.2069892231701841 0.012008136094674556 0.008051189941625505
15 0.847917899408284 0.2072025145936237 0.0027884615384615383 0.008477772788504714
15 0.860682322485207 0.20722272114952853 0.002429733727810651 0.007620116748989672
1 0.3999667159763314 0.2074921418949259 0.01147189349112426 0.008158958239784464
1 0.3876516272189349 0.20767400089806914 0.011989644970414201 0.007624607094746295
1 0.7896727071005918 0.2083587786259542 0.0031619822485207103 0.009892231701841041
1 0.6033043639053255 0.20933991917377637 0.006164940828402367 0.0037718904355635388
9 0.5857932692307692 0.2107947911989223 0.005906065088757397 0.013866187696452627
15 0.44009060650887577 0.21333183655141444 0.01109837278106509 0.006367310282891782
1 0.3872300295857988 0.21453524921418948 0.010406804733727812 0.0069779973057925455
1 0.09990754437869821 0.21476425684777728 0.028217455621301773 0.044256847777278854
15 0.6045414201183432 0.21751908396946565 0.008639053254437869 0.003964975303098339
15 0.4403809171597633 0.21948810058374496 0.012418639053254438 0.007004939380332286
1 0.4524130917159763 0.2198832510103278 0.012074704142011833 0.006897171082173327
15 0.8541789940828401 0.22035922766052987 0.0027366863905325446 0.006951055231252807
15 0.8492862426035502 0.22060395150426584 0.0018269230769230771 0.007440502918724742
15 0.8604234467455621 0.22045127974854065 0.003391272189349112 0.00713515940727436
15 0.9188849852071006 0.2208509205208801 0.0004918639053254438 0.007934440951953302
15 0.946508875739645 0.2208509205208801 0.0017455621301775148 0.007934440951953302
15 0.9421394230769231 0.2212191288729232 0.0011427514792899409 0.008670857656039515
15 0.3749075443786982 0.2210574764256848 0.009430473372781065 0.006551414458913336
15 0.9369877958579881 0.22106645711719802 0.001194526627218935 0.008365514144589133
15 0.9510983727810651 0.22136057476425686 0.002048816568047337 0.00805568028738213
15 0.8219693047337279 0.221311180960934 0.0034060650887573966 0.008854961832061067
15 0.9248446745562131 0.221311180960934 0.002056213017751479 0.008854961832061067
1 0.8297152366863906 0.22155814997754827 0.0018860946745562128 0.009348899865289627
15 0.38762573964497044 0.22195330040413114 0.011198224852071007 0.006546924113156713
15 0.8158247041420118 0.22190166142792997 0.002951183431952663 0.008239784463403683
1 0.36348002958579884 0.22169510552312527 0.00654585798816568 0.005132465199820386
15 0.9296172337278106 0.22232150875617424 0.0012463017751479291 0.00818140996856758
1 0.8354123520710058 0.22236416704086215 0.0021856508875739648 0.009164795689268073
15 0.8425240384615384 0.22325101032779524 0.003095414201183432 0.008244274809160306
1 0.8084227071005917 0.2245374943870678 0.004419378698224852 0.015307588684328695
1 0.7013960798816569 0.22613381230354737 0.02779215976331361 0.04095195330040413
1 0.4534356508875739 0.22640323304894477 0.011900887573964496 0.0064660978895374945
15 0.44085613905325444 0.2269892231701841 0.011889792899408284 0.007638078132016166
15 0.3873742603550296 0.22833408172429276 0.008476331360946747 0.003143242029636282
1 0.2320044378698225 0.22840817242927705 0.03205621301775148 0.04370453524921419
15 0.3757618343195266 0.22855859901212394 0.01039940828402367 0.007184553210597216
1 0.3621246301775148 0.22974629546475078 0.006793639053254438 0.004171531207903008
20 0.6316475591715977 0.23038167938931295 0.02291050295857988 0.028792096991468345
1 0.4533468934911242 0.23390435563538392 0.011723372781065089 0.007099236641221375
1 0.4411556952662722 0.23431297709923665 0.010269970414201184 0.007018410417602156
15 0.38638128698224855 0.23435114503816792 0.006490384615384616 0.0026044005388414907
15 0.37561020710059173 0.23552088010776828 0.007137573964497042 0.003147732375392905
1 0.36357063609467455 0.23581948810058373 0.004508136094674556 0.0028468792096991466
15 0.48412721893491123 0.24137853614728333 0.005976331360946745 0.004086214638527166
1 0.4530473372781065 0.24110687022900765 0.007426035502958579 0.003542882801975752
15 0.4412629437869822 0.2411405478221823 0.010484467455621302 0.0072025145936237085
9 0.4135761834319526 0.24289402784014366 0.019460059171597634 0.05202065559048046
1 0.17865014792899409 0.24380781320161654 0.0074482248520710065 0.004454422990570274
20 0.5726701183431953 0.24456219128872922 0.021819526627218935 0.032007184553210596
15 0.6028920118343195 0.24649753030983387 0.005340236686390532 0.0053435114503816794
15 0.44139607988165686 0.24824651998203862 0.010750739644970414 0.007943421643466548
1 0.4532599852071006 0.2484710372698698 0.004892751479289941 0.003004041311180961
1 0.3875758136094675 0.24928378985181857 0.010358727810650888 0.007323753929052537
15 0.47973927514792897 0.25059946115850923 0.006076183431952663 0.0036686124831612032
1 0.16159763313609465 0.2540884598114055 0.004408284023668639 0.005258194881005838
1 0.4534522928994083 0.2549057027391109 0.003798076923076923 0.0024023349797934438
1 0.4412222633136095 0.25623484508307137 0.008923816568047338 0.005060619667714414
15 0.375260724852071 0.2567355186349349 0.00569896449704142 0.003367759317467445
1 0.5331065088757396 0.25701392007184554 0.03440828402366864 0.03356084418500224
1 0.3637777366863905 0.25772788504714866 0.007141272189349112 0.004454422990570274
1 0.4809171597633136 0.25823080377189045 0.004733727810650888 0.0027660529860799284
1 0.45262573964497044 0.2623349797934441 0.0065828402366863905 0.0028917826672653795
15 0.44179918639053256 0.26268747193533903 0.013036242603550297 0.00718904355635384
15 0.6020488165680473 0.2632487651549169 0.007352071005917159 0.0047193533902110466
15 0.6505048076923077 0.2649730579254603 0.0036723372781065087 0.009066008082622362
1 0.37445821005917157 0.26497081275258194 0.008531804733727812 0.0036731028289178264
1 0.3635262573964497 0.26514369106421193 0.005898668639053254 0.0022227211495285137
15 0.45401812130177516 0.2697867085765604 0.010846893491124259 0.006120341266277504
15 0.44118343195266274 0.2702132914234396 0.011804733727810652 0.006973506960035922
1 0.7069896449704142 0.270994611585092 0.028624260355029588 0.03547822182308038
1 0.36237056213017754 0.2714436461607544 0.00654585798816568 0.00494387067804221
1 0.5694489644970414 0.2715020206555905 0.00798076923076923 0.005060619667714414
15 0.3737370562130178 0.27173776380781317 0.007089497041420119 0.0037359676695105522
1 0.4416401627218935 0.2768208352043107 0.011238905325443787 0.005819488100583746
1 0.6498095414201184 0.2783116299955096 0.004500739644970414 0.009699146834306243
15 0.3733173076923077 0.279344409519533 0.006989644970414201 0.003682083520431073
1 0.6034670857988166 0.2793421643466547 0.007969674556213018 0.004575662325999101
1 0.5689755917159763 0.2797440502918725 0.00555473372781065 0.0026852267624607098
9 0.5855547337278106 0.2801077682981589 0.006168639053254437 0.015087561742254155
1 0.11424741124260356 0.2853300404131118 0.008080621301775148 0.00487651549169286
1 0.17982988165680472 0.2870857656039515 0.007588757396449704 0.0029995509654243374
1 0.5658450443786982 0.2878491243825774 0.00669008875739645 0.003628199371351594
1 0.46664755917159767 0.28809609339919173 0.01169748520710059 0.005918275707229456
15 0.44140532544378697 0.2883048944768747 0.01224852071005917 0.00633587786259542
15 0.45378328402366863 0.28848675348001795 0.011116863905325442 0.005801526717557252
15 0.42818047337278103 0.28844185002245176 0.008727810650887574 0.004813650651100135
1 0.11338017751479289 0.2925819488100584 0.006346153846153846 0.0023170184104176024
1 0.4527940088757397 0.29537494387067803 0.00544008875739645 0.0016165244723843736
1 0.4294323224852071 0.2955343511450382 0.007533284023668639 0.0037314773237539295
1 0.44219119822485203 0.2958868432869331 0.004944526627218934 0.002640323304894477
1 0.46700998520710063 0.2958733722496632 0.010203402366863906 0.008899865289627301
15 0.1800721153846154 0.2961832061068702 0.0058542899408284025 0.0032330489447687473
1 0.11207840236686391 0.29904131118096094 0.00522189349112426 0.002662775033677593
9 0.4946283284023668 0.3022810956443647 0.04103180473372781 0.07739559946115851
20 0.6313775887573964 0.30235069600359227 0.020151627218934914 0.03263134261338123
15 0.4665680473372781 0.30238661876964523 0.004142011834319527 0.003066906151773687
15 0.4532692307692308 0.3025078581050741 0.0071301775147929 0.0033093848226313427
1 0.8058284023668639 0.3024674449932645 0.008846153846153847 0.005922766052986079
1 0.8610576923076924 0.3031365065110014 0.00613905325443787 0.0036686124831612032
15 0.1791974852071006 0.30421643466546927 0.006323964497041421 0.004032330489447688
1 0.8442991863905326 0.30433767400089806 0.0014681952662721895 0.006969016614279299
1 0.8240754437869823 0.30472159856308934 0.0024408284023668637 0.006838796587337225
1 0.8180861686390533 0.305136955545577 0.0030362426035502963 0.006771441400987876
1 0.8338979289940829 0.3054153569824876 0.0021153846153846153 0.005532105972159857
1 0.8400887573964497 0.30607543780871127 0.0034023668639053253 0.007750336775931748
1 0.8291512573964498 0.3059384822631343 0.00297707100591716 0.0065783565334530765
1 0.454010724852071 0.3094656488549618 0.007873520710059171 0.005550067355186349
15 0.46672337278106507 0.309964077233947 0.005931952662721893 0.0029546475078581053
1 0.16156065088757396 0.3110687022900763 0.005813609467455622 0.004265828468792097
20 0.5731342455621302 0.3113875168387966 0.021268491124260356 0.0273551863493489
1 0.09505547337278106 0.3120453524921419 0.006678994082840236 0.003524921418949259
1 0.8593565088757396 0.31269196228109564 0.007914201183431953 0.004818140996856758
1 0.8067363165680473 0.314063762909744 0.006963757396449704 0.003969465648854962
15 0.6039219674556213 0.31554108666367314 0.007400147928994083 0.005127974854063763
15 0.46566013313609467 0.31583295913785364 0.005284763313609467 0.0030175123484508307
15 0.45363535502958585 0.31622137404580153 0.006383136094674557 0.0028962730130220027
1 0.7105935650887574 0.317067804220925 0.026956360946745563 0.028837000449034575
1 0.8468454142011834 0.3184732824427481 0.0028624260355029586 0.005603951504265829
1 0.8292585059171598 0.31909519533004044 0.0031915680473372783 0.0068477772788504716
1 0.84041974852071 0.31964077233947014 0.001845414201183432 0.007040862146385271
1 0.8172115384615384 0.3199438706780422 0.0027662721893491125 0.004952851369555455
1 0.8350129437869822 0.31976425684777726 0.0028661242603550295 0.006389762011674899
1 0.8234966715976332 0.3204490345756623 0.002762573964497041 0.007759317467444994
1 0.8043435650887575 0.3207588684328693 0.005136834319526627 0.0029905702739110914
1 0.8637333579881656 0.32197575213291424 0.0040939349112426035 0.0027301302200269423
15 0.4526405325443787 0.3227772788504715 0.004393491124260356 0.002537045352492142
15 0.4668121301775148 0.3229770992366412 0.009807692307692307 0.0065289627301302194
15 0.38050110946745563 0.32455545577009426 0.011741863905325443 0.006991468343062416
1 0.8045913461538461 0.327651549169286 0.003413461538461539 0.0024068253255500674
1 0.8633783284023668 0.32896722047597665 0.0056028106508875745 0.0023439604849573416
15 0.45368158284023674 0.32927705433318366 0.00573594674556213 0.0029636281993713513
15 0.4672078402366864 0.32962505612932197 0.010599112426035503 0.005455770094297261
1 0.8150869082840236 0.32963628199371353 0.004434171597633136 0.0018859452177817694
15 0.4297928994082841 0.330446789402784 0.0052958579881656805 0.003506960035922766
1 0.4418343195266272 0.33128423888639424 0.007928994082840236 0.003385720700493938
15 0.3807581360946745 0.3319510552312528 0.010776627218934912 0.007413560844185003
1 0.6739108727810651 0.33336551414458915 0.007585059171597634 0.00305792546026044
1 0.8028901627218934 0.3335316569375842 0.005188609467455621 0.0033902110462505613
15 0.6018324704142012 0.33358105074090705 0.009877958579881657 0.004387067804220925
15 0.4659023668639053 0.3353884149079479 0.004289940828402367 0.0035114503816793896
1 0.8648298816568047 0.3362191288729232 0.005547337278106509 0.002478670857656039
15 0.45397928994082837 0.3364638527166592 0.0063313609467455624 0.002968118545127975
1 0.8152810650887574 0.33676695105523125 0.005562130177514793 0.002676246070947463
15 0.44160318047337277 0.33829366861248317 0.005987426035502959 0.0039335428828019756
15 0.3815495562130178 0.33936910642119444 0.012359467455621302 0.0069824876515491695
1 0.8036834319526627 0.34051414458913337 0.0052958579881656805 0.002088010776829816
15 0.46551405325443784 0.34190615177368655 0.005732248520710059 0.001279748540637629
1 0.6742640532544378 0.34269420745397394 0.006812130177514793 0.003753929052537045
1 0.8642585059171597 0.34279299506061967 0.006623520710059172 0.0021553659631791647
1 0.4540329142011834 0.34329142343960484 0.007178254437869822 0.003152222721149528
1 0.8162832840236687 0.34347103726986977 0.005347633136094675 0.0026133812303547376
15 0.4421764053254438 0.34443197126178715 0.00713387573964497 0.0036371800628648403
1 0.38095968934911245 0.346102379883251 0.01191937869822485 0.0069779973057925455
1 0.4661261094674556 0.34805568028738215 0.0047374260355029585 0.003700044903457566
1 0.8049741124260356 0.3487314773237539 0.007877218934911242 0.0023574315222272117
1 0.534217825443787 0.34981814099685676 0.0292344674556213 0.04224966322406826
9 0.5875924556213017 0.34997754827121685 0.008025147928994083 0.014728334081724291
1 0.8157045118343195 0.3499236641221374 0.005669378698224852 0.0029456668163448585
1 0.8649371301775148 0.35127076784912437 0.005761834319526627 0.0029456668163448585
1 0.3808709319526627 0.3525482712168837 0.011741863905325443 0.007296811854512798
1 0.6056601331360947 0.3528558599012124 0.007917899408284024 0.007013920071845532
1 0.8036575443786983 0.3550516389762012 0.005244082840236686 0.0024247867085765607
1 0.6498613165680474 0.35596991468343064 0.0023853550295857987 0.009649753030983385
1 0.8632692307692308 0.35746070947462955 0.005384615384615384 0.0027525819488100583
4 0.1377551775147929 0.3590053884149079 0.026250000000000002 0.33722945666816345
1 0.7105011094674556 0.35951504265828466 0.03564718934911243 0.03739559946115851
1 0.8406619822485207 0.36004265828468796 0.0023298816568047337 0.007916479568926807
1 0.8171838017751479 0.36017287831163003 0.0027107988165680475 0.008176919622810957
15 0.3806009615384615 0.36048944768747193 0.009722633136094675 0.00611585092052088
1 0.822609097633136 0.3612909744050292 0.003946005917159763 0.007718904355635384
1 0.8292529585798817 0.3609968567579704 0.0024408284023668637 0.007130669061517737
1 0.8347725591715977 0.36115177368657386 0.0023853550295857987 0.00654243376740009
15 0.6050739644970414 0.3614705882352941 0.008224852071005916 0.0035877862595419846
1 0.8044378698224851 0.3613403682083521 0.006804733727810651 0.002429277054333184
4 0.27179548816568044 0.36148854961832066 0.04433062130177515 0.33950157162101485
15 0.42310281065088756 0.3621374045801527 0.010406804733727812 0.008513695554557702
4 0.3355584319526627 0.3628491243825775 0.03502218934911243 0.3422227211495285
4 0.06974667159763313 0.36306241580601706 0.0352034023668639 0.3399550965424338
4 0.20236501479289942 0.36554333183655147 0.03342825443786982 0.3422227211495285
15 0.3811094674556213 0.3668814548720251 0.011479289940828401 0.006326897171082173
1 0.8073872041420119 0.3705523125280647 0.0090051775147929 0.006484059272563987
1 0.42308431952662723 0.37227211495285134 0.006671597633136094 0.0063313875168387965
1 0.8574204881656805 0.3721059721598563 0.004042159763313609 0.009591378536147284
1 0.8656157544378699 0.37289627301302203 0.004900147928994083 0.012070049393803323
1 0.4481083579881657 0.3731185451279748 0.03157174556213018 0.0430489447687472
1 0.381198224852071 0.3739964077233947 0.011656804733727811 0.008881903906600808
1 0.8407488905325444 0.3756174225415357 0.003243343195266272 0.007633587786259542
1 0.8353291420118343 0.37618769645262684 0.0027588757396449703 0.0069779973057925455
1 0.8293602071005918 0.3763426133812304 0.002655325443786982 0.006389762011674899
1 0.8240551035502958 0.37616299955096544 0.003139792899408284 0.007826672653794341
1 0.8179567307692308 0.37631118096093397 0.0035170118343195267 0.006326897171082173
20 0.6282784763313609 0.3787920969914684 0.020610207100591714 0.02655590480466996
1 0.8078513313609467 0.3793219577907499 0.007714497041420118 0.004265828468792097
20 0.5741105769230769 0.381448136506511 0.02026257396449704 0.029173776380781318
15 0.4227348372781065 0.3817534800179614 0.005972633136094674 0.004638527166591828
15 0.4228383875739645 0.38828917826672654 0.006179733727810651 0.0033408172429277056
1 0.38030510355029584 0.3914436461607544 0.009870562130177516 0.00785361472833408
15 0.6019693047337278 0.4034306241580602 0.00941198224852071 0.003987427031881455
1 0.7129511834319526 0.40628423888639426 0.026494082840236688 0.03753480017961383
1 0.3810447485207101 0.41010552312528065 0.009870562130177516 0.006560395150426583
1 0.4223243343195266 0.4173753929052537 0.007370562130177514 0.005832959137853615
1 0.4531915680473373 0.4196632240682533 0.03212278106508876 0.03824876515491693
15 0.4223243343195266 0.4297013920071846 0.007370562130177514 0.0026448136506511
1 0.3806305473372781 0.42985855410866636 0.009781804733727811 0.006551414458913336
15 0.4241327662721894 0.437687471935339 0.006549556213017752 0.0042478670857656045
15 0.37657544378698227 0.4418567579703637 0.0024112426035502958 0.00899416255051639
1 0.3828716715976332 0.4420049393803323 0.005388313609467456 0.01198473282442748
1 0.4243786982248521 0.44522451728783113 0.005562130177514793 0.004054782218230804
1 0.6633542899408285 0.44690839694656487 0.007921597633136095 0.005626403233048944