1 0.28457657200811354 0.4659319664492078 0.002216024340770791 0.010149114631873252
1 0.6037474645030425 0.46891192917054986 0.013782961460446247 0.005857409133271202
15 0.13046653144016226 0.04705265610438024 0.006369168356997972 0.0027726001863932898
15 0.5737347870182555 0.04768872320596459 0.004467545638945233 0.00777260018639329
1 0.13546653144016227 0.47398182665424043 0.003184584178498986 0.005745573159366263
1 0.7908341784989859 0.4741146318732526 0.0015466531440162272 0.011602982292637464
15 0.5836612576064909 0.04797064305684995 0.0009939148073022312 0.007404473438956198
1 0.8583950304259635 0.47781220876048464 0.005836713995943205 0.011542404473438956
15 0.8964173427991886 0.4783038210624418 0.0048022312373225155 0.010661696178937557
1 0.37352180527383366 0.4791845293569431 0.013777890466531441 0.006831314072693383
9 0.16910750507099392 0.47978564771668214 0.044097363083164295 0.05835973904939422
1 0.45458671399594325 0.04886067101584343 0.009579107505070994 0.004524697110904008
15 0.5132124746450304 0.04870689655172414 0.0071551724137931035 0.004217148182665424
15 0.35637677484787017 0.4852003727865797 0.012956389452332658 0.003951537744641193
1 0.47698782961460445 0.049121621621621626 0.010770791075050709 0.002250698974836906
1 0.35551217038539557 0.4896691519105312 0.011227180527383368 0.006365330848089469
15 0.37370943204868157 0.490601118359739 0.01313894523326572 0.006365330848089469
1 0.20702839756592292 0.49273066169617896 0.009391480730223124 0.004100652376514446
1 0.5225988843813387 0.049594594594594595 0.0036156186612576065 0.0013327120223671947
1 0.4983975659229209 0.04963187325256291 0.00896551724137931 0.005135135135135135
15 0.7420436105476673 0.4940913327120223 0.012484787018255578 0.004958061509785648
1 0.2833772819472617 0.4947180801491146 0.0028600405679513182 0.009007455731593662
1 0.35510649087221097 0.4953751164958062 0.012444219066937118 0.005661696178937558
1 0.3742824543610548 0.4968616029822927 0.013270791075050711 0.0058387698042870455
1 0.1358265720081136 0.4973485554520037 0.0039046653144016227 0.008676607642124884
15 0.7422312373225153 0.4999184529356943 0.011845841784989857 0.0044967381174277725
1 0.8385775862068965 0.5026351351351351 0.010826572008113591 0.00527027027027027
15 0.24825050709939148 0.05070596458527493 0.0036004056795131845 0.008215284249767007
1 0.2838133874239351 0.5089375582479031 0.002718052738336714 0.008555452003727865
15 0.18829361054766733 0.5154310344827586 0.007418864097363084 0.002903075489282386
1 0.16058062880324545 0.5160880708294502 0.0047312373225152134 0.002353215284249767
1 0.14880578093306288 0.516309412861137 0.006536511156186613 0.0027958993476234857
15 0.17272058823529413 0.5165004659832246 0.0046703853955375255 0.0031780055917986954
1 0.8582682555780934 0.5175465983224604 0.00558316430020284 0.010862068965517242
15 0.6156566937119675 0.5175302889095992 0.012246450304259634 0.005237651444547997
15 0.14919624746450302 0.5219035414725071 0.008331643002028398 0.003732525629077353
1 0.2841404665314402 0.5225652376514446 0.0023580121703853955 0.006919850885368127
20 0.3369066937119675 0.52309412861137 0.048052738336714 0.028480894687791237
1 0.6087221095334686 0.5228355079217148 0.01359026369168357 0.0055964585274930105
15 0.6246196754563894 0.5233480894687791 0.0109026369168357 0.005689655172413793
1 0.12252028397565924 0.5253611369990681 0.003661257606490872 0.006919850885368127
1 0.3865187626774848 0.5263327120223672 0.0134026369168357 0.006067101584342964
1 0.6811739350912779 0.5274673811742777 0.013463488843813388 0.0064725069897483695
15 0.37263438133874244 0.5288303821062441 0.0049036511156186615 0.011062441752096924
1 0.8585826572008114 0.5291985088536814 0.005197768762677485 0.01086672879776328
1 0.2833772819472617 0.5352912395153774 0.0028600405679513182 0.005344827586206897
15 0.7432454361054767 0.537625815470643 0.011845841784989857 0.004422180801491146
15 0.13974391480730222 0.5391915191053123 0.010725152129817443 0.0038257222739981364
1 0.8581997971602433 0.5403821062441753 0.004432048681541582 0.009934762348555452
15 0.354447261663286 0.5410088536812675 0.013154158215010142 0.004664492078285181
15 0.3847743407707911 0.5411812674743709 0.005856997971602435 0.010601118359739049
15 0.7441962474645031 0.5430288909599255 0.011719066937119675 0.004976700838769804
15 0.13562119675456388 0.5437931034482759 0.005522312373225153 0.002777260018639329
15 0.3540998985801217 0.547013047530289 0.013473630831643001 0.005489282385834109
1 0.28309077079107503 0.5480358807082946 0.002287018255578093 0.006602982292637465
15 0.1410395537525355 0.5495083876980428 0.005202839756592292 0.003956197576887232
1 0.18057809330628805 0.5504496738117428 0.006186612576064909 0.003974836905871388
1 0.8581744421906693 0.5521272134203169 0.006409736308316431 0.011057781919850886
1 0.33081135902636916 0.5525512581547065 0.006450304259634889 0.012837837837837839
1 0.14045892494929008 0.5548811742777261 0.006069979716024341 0.0016542404473438956
1 0.1399416835699797 0.5609412861136999 0.008078093306288033 0.0016589002795899348
1 0.28276115618661257 0.5637698042870456 0.0026419878296146046 0.00917986952469711
1 0.7425557809330628 0.5662115563839701 0.013509127789046654 0.005675675675675676
1 0.13966784989858014 0.5668010251630942 0.007530425963488844 0.0031267474370922648
1 0.7432175456389453 0.5737907735321528 0.012804259634888439 0.006854613233923579
1 0.3864579107505071 0.5739631873252562 0.014295131845841786 0.006267474370922646
1 0.15837474645030425 0.5775279589934762 0.004376267748478702 0.002213420316868593
1 0.15706389452332659 0.5829054054054054 0.0037829614604462476 0.00271668219944082
20 0.8453067951318458 0.5830848089468779 0.028341784989858013 0.04315004659832246
1 0.24408468559837726 0.5830242311276794 0.004396551724137931 0.011342031686859273
1 0.23794624746450305 0.5836416589002795 0.006318458417849899 0.012576887232059646
15 0.4093002028397566 0.584878844361603 0.005212981744421906 0.010391425908667288
15 0.403090770791075 0.5851747437092265 0.005978701825557809 0.011915191053122087
1 0.4513235294117647 0.5866332712022367 0.006095334685598377 0.012036346691519104
1 0.5850786004056796 0.5881710158434296 0.0048427991886409736 0.010452003727865797
15 0.5795638945233266 0.5880242311276794 0.004969574036511156 0.01015843429636533
15 0.5740491886409737 0.5884412861137 0.005096348884381339 0.011924510717614165
15 0.5676774847870183 0.5886416589002795 0.004523326572008114 0.011393289841565703
1 0.5613514198782961 0.5889934762348555 0.0070841784989858015 0.012096924510717614
1 0.5905628803245435 0.5941169617893756 0.0056693711967545635 0.011160298229263746
20 0.37330375253549697 0.5958527493010252 0.05188133874239351 0.028611369990680334
1 0.40698275862068967 0.5966286113699907 0.011734279918864098 0.005931966449207828
1 0.6024492900608519 0.5978797763280521 0.006115618661257607 0.012162162162162163
15 0.6097008113590263 0.598574091332712 0.005405679513184584 0.01075489282385834
1 0.40975152129817444 0.6059156570363468 0.007129817444219067 0.011458527493010252
20 0.842920892494929 0.6124184529356943 0.018498985801217036 0.011416589002795898
15 0.8645765720081136 0.6131290773532153 0.006029411764705883 0.01097390493942218
15 0.8578904665314402 0.6136533084808947 0.005841784989858012 0.011090400745573159
1 0.21990618661257605 0.6249510717614166 0.006749492900608519 0.012250698974836905
15 0.3368914807302231 0.6254333643988816 0.005425963488843813 0.011351351351351352
1 0.3307758620689655 0.6257246039142591 0.005365111561866126 0.011001863932898415
1 0.44371703853955374 0.6277562907735321 0.006095334685598377 0.009473438956197577
1 0.7364604462474644 0.6292870456663561 0.013488843813387425 0.0060111835973904945
1 0.1066658215010142 0.6525232991612302 0.013534482758620691 0.005885368126747437
15 0.8339300202839757 0.6579310344827587 0.0055882352941176465 0.011109040074557316
15 0.11526622718052738 0.6581593662628146 0.005380324543610548 0.011565703634669152
1 0.10568204868154159 0.6582898415657037 0.012581135902636917 0.0053028890959925445
15 0.8485699797160244 0.6584552656104381 0.005456389452332657 0.011225535880708295
15 0.8415365111561867 0.6589771668219944 0.0055882352941176465 0.010405405405405405
15 0.12109533468559838 0.6590657036346692 0.00486815415821501 0.01244641192917055
1 0.2644421906693712 0.6626607642124883 0.012657200811359027 0.005657036346691519
15 0.10529918864097364 0.6644990680335509 0.011815415821501014 0.006537744641192917
15 0.8387778904665314 0.6713886300093197 0.005141987829614605 0.010997204100652377
15 0.8455907707910751 0.6717963653308481 0.00558316430020284 0.010880708294501398
15 0.8317799188640973 0.6722343895619758 0.006359026369168357 0.010824790307548928
1 0.2512449290060852 0.6726421248835042 0.006546653144016227 0.012572227399813608
15 0.8250836713995944 0.6731244175209693 0.004122718052738337 0.010740913327120225
1 0.6024822515212982 0.6796132339235788 0.009224137931034484 0.0032152842497670084
1 0.619001014198783 0.679403541472507 0.007778904665314401 0.0027958993476234857
1 0.5251724137931035 0.6797716682199441 0.0118052738336714 0.004464119291705499
1 0.5052662271805274 0.679993010251631 0.010532454361054766 0.0021109040074557316
15 0.3488970588235294 0.6819967381174278 0.0020537525354969574 0.007050326188257223
20 0.3965973630831643 0.6828005591798695 0.008204868154158215 0.007726001863932898
1 0.5690238336713996 0.6829333643988816 0.0031592292089249493 0.007991612301957128
15 0.3638336713995943 0.6832409133271202 0.002515212981744422 0.007674743709226467
1 0.4743965517241379 0.6831174277726002 0.004574036511156186 0.01022367194780988
1 0.561539046653144 0.6832292637465052 0.0034026369168357 0.008583410997204102
20 0.3779056795131846 0.6832525629077353 0.00936105476673428 0.006766076421248835
1 0.5775633874239351 0.6841845293569432 0.0029969574036511158 0.007698042870456664
1 0.6461435091277891 0.6864165890027959 0.004254563894523327 0.007502329916123021
15 0.5471120689655172 0.686176607642125 0.0070030425963488845 0.003294501397949674
1 0.6658088235294117 0.6869920782851817 0.005045638945233266 0.00772134203168686
1 0.6729893509127789 0.6874324324324325 0.002165314401622718 0.008602050326188257
1 0.7449746450304259 0.687374184529357 0.001105476673427992 0.006621621621621622
1 0.6383265720081136 0.6875792171481827 0.0028194726166328597 0.008895619757688723
1 0.6523630831643003 0.6875792171481827 0.0024949290060851926 0.008895619757688723
1 0.6794219066937119 0.6875792171481827 0.001845841784989858 0.008895619757688723
1 0.700370182555781 0.6872483690587139 0.0021602434077079105 0.008233923578751166
1 0.7272819472616633 0.6872483690587139 0.002231237322515213 0.008233923578751166
1 0.7323123732251521 0.6879496738117428 0.0021501014198782964 0.006840633737185462
1 0.6864934077079108 0.6876910531220877 0.002804259634888438 0.009119291705498602
1 0.7213159229208924 0.687972972972973 0.002469574036511156 0.00875116495806151
1 0.6305451318458417 0.6882432432432433 0.0044979716024340765 0.007427772600186393
1 0.7503245436105477 0.6882548928238583 0.001663286004056795 0.008383038210624416
1 0.6583392494929006 0.6883900279589935 0.0032910750507099394 0.00772134203168686
1 0.6956465517241379 0.6884016775396086 0.0018407707910750506 0.008676607642124884
1 0.5979310344827585 0.6882851817334575 0.010263691683569979 0.0028518173345759555
1 0.7388640973630831 0.6885018639328985 0.0020689655172413794 0.007945013979496738
1 0.25093052738336713 0.6887208760484622 0.006932048681541582 0.012110904007455731
1 0.756620182555781 0.6886486486486486 0.003098377281947262 0.008238583410997204
15 0.8478752535496957 0.6891845293569432 0.006095334685598377 0.010242311276794036
15 0.8410598377281947 0.6895386766076421 0.005649087221095335 0.010950605778191985
1 0.5984482758620691 0.694885834109972 0.014340770791075052 0.0030055917986952473
15 0.3856744421906694 0.6966402609506058 0.0015720081135902637 0.00744641192917055
15 0.40684330628803245 0.6967637465051258 0.003341784989858012 0.009557315936626282
15 0.39220081135902635 0.6968639328984156 0.002454361054766734 0.006961789375582479
15 0.400276369168357 0.6970526561043803 0.0033924949290060854 0.010135135135135136
20 0.37384888438133873 0.6981826654240447 0.00936105476673428 0.007735321528424977
15 0.3584787018255578 0.6987488350419385 0.001947261663286004 0.00793569431500466
15 0.35133874239350915 0.6997670083876981 0.004908722109533468 0.009040074557315937
1 0.6239477687626774 0.7013560111835974 0.0024594320486815415 0.008490214352283317
1 0.6659001014198783 0.7019664492078286 0.005228194726166329 0.007847157502329916
1 0.679246957403651 0.7021551724137931 0.0025101419878296146 0.010088536812674744
1 0.9631262677484788 0.702131873252563 0.013473630831643001 0.006314072693383039
1 0.6296399594320488 0.7022110904007456 0.0037018255578093306 0.007404473438956198
1 0.5978803245436105 0.7019128611369991 0.009148073022312372 0.0030801491146318733
1 0.08237322515212982 0.707017707362535 0.004503042596348885 0.010493942218080149
15 0.11789553752535498 0.7071924510717614 0.004553752535496958 0.009911463187325257
1 0.11177991886409737 0.707395153774464 0.00449290060851927 0.009384902143522833
1 0.08801217038539554 0.7074254426840634 0.004624746450304259 0.01037744641192917
1 0.06329868154158215 0.7074021435228331 0.005907707910750507 0.012194780987884436
1 0.09447768762677484 0.707744641192917 0.004371196754563894 0.010083876980428706
1 0.06947515212981745 0.7077772600186394 0.00507606490872211 0.011081081081081082
1 0.07606744421906693 0.707979962721342 0.00507606490872211 0.010554520037278657
1 0.0995157200811359 0.7078937558247903 0.004305273833671399 0.011314072693383038
1 0.10559837728194726 0.7083690587138863 0.004300202839756593 0.010400745573159367
1 0.5879792089249493 0.7098066169617894 0.009629817444219067 0.0030242311276794036
1 0.576658215010142 0.7130172413793103 0.002200811359026369 0.007581547064305685
1 0.33143255578093306 0.714172879776328 0.01276369168356998 0.005232991612301958
15 0.11983012170385396 0.7159785647716682 0.007408722109533469 0.003252562907735322
1 0.5888995943204868 0.716787045666356 0.008427991886409737 0.0020736253494874186
15 0.9583392494929006 0.7191099720410066 0.01302738336713996 0.004855545200372786
1 0.7998326572008113 0.7209156570363467 0.005344827586206896 0.011262814538676608
15 0.7882048681541581 0.7209692451071762 0.005415821501014198 0.010438024231127678
1 0.12112322515212981 0.7212628145386766 0.008980730223123732 0.0026374650512581547
15 0.8178296146044625 0.7210880708294501 0.004827586206896551 0.010675675675675676
15 0.7935902636916836 0.7214049394221808 0.005030425963488844 0.01037744641192917
1 0.7812068965517242 0.7217590866728798 0.006632860040567952 0.011085740913327119
1 0.5887652129817444 0.7230428704566636 0.01018762677484787 0.003401677539608574
1 0.6035649087221095 0.7227120223671948 0.00834685598377282 0.002739981360671016
1 0.05510141987829614 0.725472972972973 0.010811359026369169 0.004534016775396086
1 0.11921146044624747 0.7269431500465983 0.0071855983772819475 0.0009506057781919851
15 0.12023833671399595 0.7302027027027027 0.006196754563894524 0.0028098788443616032
1 0.055169878296146044 0.7309226467847157 0.011962474645030426 0.005181733457595527
1 0.605514705882353 0.7331337371854614 0.004132860040567951 0.007739981360671016
1 0.8172946247464503 0.7344361602982292 0.005786004056795132 0.012208760484622553
15 0.8106364097363083 0.7345759552656105 0.0046399594320486815 0.010624417520969246
15 0.7780628803245435 0.7345526561043803 0.005415821501014198 0.01244175209692451
1 0.7899492900608519 0.7346924510717615 0.0058620689655172415 0.010857409133271203
1 0.7838919878296147 0.7346085740913327 0.0049036511156186615 0.011621621621621623
1 0.7968179513184585 0.7346085740913327 0.004386409736308316 0.011621621621621623
1 0.8031921906693712 0.7345456663560112 0.004964503042596349 0.010563839701770737
9 0.6496957403651116 0.7351281453867661 0.07018255578093306 0.03595992544268407
1 0.1193813387423935 0.7364165890027958 0.006511156186612576 0.0021901211556383973
9 0.08836713995943205 0.7367194780987885 0.04894523326572008 0.04007455731593663
1 0.7515973630831644 0.7370666356011183 0.008265720081135903 0.004422180801491146
1 0.05520283975659229 0.7370992544268407 0.013042596348884382 0.005419384902143523
15 0.7387601419878297 0.7384179869524697 0.007946247464503042 0.003397017707362535
1 0.05520283975659229 0.7429566635601118 0.013042596348884382 0.005950605778191985
1 0.1202789046653144 0.7425885368126748 0.00830628803245436 0.003350419384902144
4 0.384026369168357 0.7433970177073626 0.3390466531440162 0.023606710158434296
1 0.05529665314401623 0.7484016775396085 0.01221602434077079 0.004725069897483691
15 0.1192342799188641 0.748215284249767 0.007231237322515213 0.002488350419384902
1 0.12026115618661258 0.7532665424044734 0.013341784989858012 0.005135135135135135
1 0.05475912778904665 0.7535018639328984 0.013169371196754563 0.005605778191985088
1 0.7161460446247464 0.7547017707362534 0.006328600405679514 0.0014818266542404475
1 0.8393483772819472 0.07567101584342963 0.01135395537525355 0.005023299161230195
1 0.6056338742393509 0.7555452003727866 0.0023427991886409735 0.00876048462255359
1 0.054787018255578086 0.7596178937558249 0.011196754563894523 0.0047903075489282385
1 0.8697971602434077 0.7608713886300092 0.004300202839756593 0.011025163094128612
15 0.4164984787018256 0.761544734389562 0.010481744421906695 0.003984156570363467
15 0.11612322515212982 0.7629263746505126 0.006080121703853955 0.011407269338303822
15 0.10959432048681542 0.7628960857409133 0.005192697768762677 0.011346691519105313
15 0.6444219066937119 0.7671994408201305 0.010953346855983774 0.005041938490214353
15 0.6657809330628803 0.767381174277726 0.0029614604462474643 0.008201304753028892
1 0.6578473630831644 0.7677353215284249 0.0023073022312373225 0.008909599254426841
1 0.6143154158215011 0.7684622553588071 0.002464503042596349 0.007567567567567567
15 0.6720765720081137 0.7689631873252563 0.004396551724137931 0.008569431500465984
15 0.08585953346855983 0.7695060577819198 0.005390466531440163 0.009655172413793102
15 0.09248478701825558 0.7695060577819198 0.006470588235294118 0.009655172413793102
1 0.7030856997971602 0.7698089468779123 0.005562880324543611 0.0018732525629077351
1 0.07397565922920893 0.7696458527493011 0.004949290060851927 0.01086672879776328
1 0.6827079107505071 0.7699277726001864 0.0033468559837728194 0.0058387698042870455
1 0.0524290060851927 0.7699743709226468 0.005466531440162271 0.01059179869524697
1 0.05895283975659229 0.7699743709226468 0.004315415821501014 0.01059179869524697
1 0.6777814401622718 0.7707479030754893 0.0016075050709939147 0.0065470643056849956
15 0.6444802231237322 0.77262348555452 0.005998985801217039 0.0028424976700838767
15 0.12711713995943205 0.7773089468779124 0.0047413793103448275 0.011281453867660765
15 0.1387601419878296 0.7773112767940353 0.001658215010141988 0.007558247903075489
15 0.13310091277890468 0.777851817334576 0.0025101419878296146 0.006775396085740913
15 0.1209077079107505 0.7777166821994408 0.00550709939148073 0.011164958061509786
15 0.6451724137931034 0.07801724137931035 0.012454361054766733 0.0050559179869524695
1 0.6150887423935091 0.7813513513513514 0.004011156186612576 0.01004659832246039
1 0.6280704868154159 0.7818685927306618 0.003605476673427992 0.008285181733457596
1 0.6208519269776875 0.7825792171481827 0.0033671399594320485 0.007842497670083876
1 0.6336739350912779 0.7822483690587139 0.0026419878296146046 0.007180801491146319
1 0.6729868154158215 0.783108108108108 0.0021602434077079105 0.007036346691519105
1 0.6673275862068966 0.783695246971109 0.001997971602434077 0.008210624417520969
15 0.8750608519269776 0.7889235787511649 0.01279918864097363 0.004687791239515377
15 0.8892849898580122 0.78915890027959 0.011835699797160244 0.005158434296365331
1 0.6550709939148073 0.7942590866728798 0.007910750507099391 0.004175209692451072
1 0.8754132860040568 0.7953355079217148 0.013504056795131846 0.005396085740913327
1 0.6069827586206896 0.7958527493010252 0.011125760649087222 0.0054986020503261885
1 0.6373427991886409 0.7977772600186394 0.0028803245436105477 0.010279589934762348
1 0.644510649087221 0.7983527493010252 0.0020030425963488844 0.010498602050326189
1 0.6278448275862069 0.7997996272134202 0.0011257606490872212 0.011528424976700837
15 0.1533316430020284 0.7996085740913327 0.008488843813387423 0.016738117427772602
15 0.16691937119675457 0.801661230195713 0.005238336713995944 0.01059179869524697
15 0.1729690669371197 0.801780055917987 0.00415314401622718 0.010829450139794966
1 0.8756997971602435 0.8045736253494874 0.014077079107505072 0.006164958061509786
9 0.797330121703854 0.8098718546132339 0.09567444219066937 0.08759086672879776
15 0.8896906693711968 0.8103657968313142 0.010618661257606491 0.004701770736253495
15 0.8752839756592292 0.8109203168685927 0.013245436105476674 0.004878844361602982
1 0.16910750507099392 0.8148019571295434 0.005557809330628803 0.010778191985088536
15 0.16273580121703854 0.815354147250699 0.0049847870182555785 0.010950605778191985
15 0.1520258620689655 0.8154100652376514 0.004863083164300203 0.010130475302889096
1 0.17449290060851927 0.815589468779124 0.005172413793103448 0.011421248835041939
15 0.1457505070993915 0.8165773532152842 0.004482758620689655 0.010601118359739049
15 0.1395106490872211 0.817131873252563 0.006201825557809331 0.010778191985088536
15 0.8757606490872211 0.8172716682199441 0.013184584178498986 0.005465983224603914
15 0.8901064908722109 0.8178821062441752 0.011450304259634888 0.004822926374650513
15 0.8749011156186612 0.823215284249767 0.01247971602434077 0.005237651444547997
15 0.8903625760649088 0.8231849953401678 0.011962474645030426 0.005177073625349487
20 0.2117444219066937 0.08285181733457596 0.023894523326572006 0.023112767940354148
4 0.38292596348884383 0.8280894687791239 0.33481744421906695 0.026169617893755822
15 0.8745182555780933 0.8292101584342964 0.01171399594320487 0.004179869524697111
15 0.8390567951318458 0.08301491146318733 0.009756592292089248 0.005731593662628146
15 0.6596501014198782 0.08335041938490215 0.011997971602434078 0.005470643056849953
15 0.6443483772819473 0.08384203168685928 0.012834685598377282 0.004589934762348555
15 0.8745182555780933 0.8350396085740913 0.01171399594320487 0.004655172413793104
15 0.6826014198782961 0.8355242311276795 0.011247464503042596 0.0046924510717614165
1 0.9405045638945233 0.8407665424044735 0.006769776876267748 0.012381174277726002
1 0.9336587221095335 0.8409692451071762 0.006262677484787018 0.01185461323392358
1 0.9484558823529412 0.8409389561975769 0.006445233265720081 0.01179403541472507
1 0.954855476673428 0.8409389561975769 0.006059837728194726 0.01179403541472507
15 0.18532961460446248 0.8409366262814539 0.004533468559837728 0.011789375582479032
1 0.26316683569979715 0.8458597390493942 0.013149087221095335 0.005792171481826654
1 0.23959178498985803 0.8469734389561976 0.013666328600405678 0.0061556383970177075
1 0.3864858012170385 0.846670549860205 0.013336713995943205 0.00461789375582479
15 0.8748656186612576 0.8501328052190121 0.011394523326572007 0.005018639328984156
15 0.8892849898580122 0.8506896551724138 0.011835699797160244 0.006132339235787512
20 0.930747971602434 0.08573159366262814 0.028838742393509125 0.047511649580615094
1 0.13155933062880323 0.08579450139794968 0.006526369168356997 0.0038350419384902148
1 0.8758874239350912 0.8593150046598322 0.01343813387423935 0.006607642124883504
1 0.8912119675456389 0.859517707362535 0.010618661257606491 0.006081081081081081
15 0.6650735294117648 0.8634669151910531 0.013717038539553753 0.0065237651444548
1 0.5822565922920893 0.864871854613234 0.012383367139959432 0.006537744641192917
1 0.9391100405679513 0.8731570363466915 0.0070233265720081135 0.010992544268406337
1 0.9334330628803246 0.8728914259086672 0.0058113590263691684 0.010461323392357875
1 0.9483899594320486 0.8733923578751165 0.005299188640973631 0.011463187325256292
1 0.3266556795131846 0.8735577819198509 0.006252535496957404 0.012726001863932898
1 0.9548985801217038 0.87356477166822 0.00614604462474645 0.010876048462255358
15 0.31518255578093307 0.8746598322460392 0.004604462474645031 0.011202236719478098
9 0.1396501014198783 0.8748089468779123 0.0815314401622718 0.10190121155638397
15 0.08933062880324544 0.8758480894687791 0.01233265720081136 0.005191053122087605
15 0.9637195740365111 0.08789841565703635 0.009589249492900609 0.016430568499534014
15 0.8340415821501014 0.8788164026095061 0.010882352941176471 0.005535880708294502
9 0.6756719066937119 0.8789445479962721 0.033899594320486816 0.02163560111835974
1 0.7475583164300202 0.8790493942218081 0.013372210953346857 0.006001863932898416
1 0.57769523326572 0.8804613233923579 0.01238843813387424 0.00602982292637465
15 0.8079487829614604 0.8804310344827586 0.005349898580121705 0.010629077353215284
15 0.8030375253549695 0.8805475302889096 0.0056693711967545635 0.010862068965517242
15 0.8136206896551724 0.8804007455731593 0.005537525354969574 0.010568499534016776
15 0.8232581135902637 0.8805195712954333 0.006556795131845841 0.010806150978564773
15 0.9730349898580122 0.088452935694315 0.008950304259634887 0.016607642124883505
15 0.7882378296146044 0.880838769804287 0.005481744421906694 0.010512581547064305
15 0.8566075050709939 0.8807409133271202 0.012403651115618662 0.006589002795899348
1 0.7966683569979716 0.881190587138863 0.005101419878296146 0.011216216216216216
15 0.0891683569979716 0.8821411929170551 0.01099391480730223 0.005661696178937558
15 0.7791455375253549 0.8836067101584343 0.005552738336713996 0.010456663560111837
15 0.8342013184584179 0.8848648648648649 0.01120182555780933 0.003653308480894688
1 0.706394523326572 0.8911672879776328 0.0131947261663286 0.005074557315936626
15 0.8230425963488843 0.8913699906803355 0.010182555780933062 0.004547996272134203
15 0.8047312373225153 0.8912837837837837 0.012099391480730222 0.005307548928238584
1 0.8136206896551724 0.8933970177073626 0.005537525354969574 0.011397949673811743
15 0.8389655172413794 0.0896202236719478 0.010588235294117647 0.004030754892823858
15 0.7935294117647058 0.8946202236719478 0.004908722109533468 0.011048462255358807
15 0.7877003042596349 0.8948532152842498 0.005420892494929006 0.011514445479962722
1 0.7324416835699797 0.8960927306616963 0.012550709939148074 0.005605778191985088
1 0.7744878296146045 0.8959319664492079 0.006379310344827587 0.011808014911463187
15 0.8232682555780932 0.8975302889095992 0.011648073022312373 0.0038210624417520968
15 0.8043509127789047 0.8975908667287977 0.011338742393509127 0.004874184529356944
1 0.05059330628803245 0.9024324324324324 0.006866125760649087 0.011761416589002795
15 0.3155502028397566 0.09058247903075489 0.005339756592292089 0.009683131407269339
9 0.07401115618661257 0.9054892823858341 0.03443204868154159 0.022534948741845293
1 0.9610674442190669 0.9055848089468779 0.012398580121703853 0.005950605778191985
15 0.9377104462474645 0.9066309412861138 0.011323529411764705 0.005246971109040074
4 0.38064148073022314 0.9073042870456663 0.32213488843813387 0.028960857409133272
1 0.3223833671399594 0.09111602982292637 0.003793103448275862 0.010750232991612303
15 0.9499645030425963 0.91034715750233 0.006419878296146045 0.01174743709226468
15 0.9372692697768763 0.912982292637465 0.011455375253549695 0.004902143522833178
20 0.9623478701825557 0.9166286113699907 0.018002028397565924 0.013126747437092266
1 0.12953093306288033 0.09240913327120223 0.006526369168356997 0.004016775396085741
15 0.9450278904665315 0.9196831314072694 0.009731237322515214 0.005256290773532153
20 0.8885395537525356 0.09250465983224604 0.02150101419878296 0.023779123951537744
15 0.7117621703853956 0.9282385834109972 0.0046602434077079105 0.011183597390493943
15 0.7377155172413794 0.9289049394221809 0.0048427991886409736 0.00972041006523765
15 0.7179107505070994 0.9294594594594594 0.004787018255578093 0.009897483690587138
15 0.7244700811359026 0.9294897483690587 0.0047210953346855985 0.010890027958993477
15 0.804748985801217 0.9298112767940354 0.006049695740365111 0.010601118359739049
15 0.7308088235294118 0.9298671947809878 0.005228194726166329 0.00978098788443616
15 0.7982226166328601 0.9301561043802423 0.006181541582150101 0.009426840633737185
15 0.8115289046653145 0.9305079217148182 0.005410750507099392 0.010130475302889096
15 0.7916303245436106 0.931556383970177 0.006181541582150101 0.009431500465983223
15 0.6942063894523326 0.9333084808946879 0.004031440162271805 0.011071761416589004
1 0.3404918864097363 0.09359739049394222 0.00755578093306288 0.0026654240447343894
20 0.4260141987829615 0.9380335507921714 0.019371196754563894 0.013998136067101584
1 0.36745943204868153 0.9380428704566636 0.009766734279918865 0.005629077353215284
1 0.3548504056795132 0.9383620689655172 0.011932048681541583 0.005335507921714818
1 0.3803270791075051 0.9380684995340168 0.011161257606490872 0.004748369058713886
15 0.884761663286004 0.940943616029823 0.008874239350912779 0.01609040074557316
15 0.8952586206896552 0.9407781919850886 0.00856997971602434 0.01669151910531221
20 0.649710953346856 0.09458760484622554 0.015446247464503043 0.010237651444547996
1 0.709039046653144 0.9416402609506058 0.005299188640973631 0.011891891891891892
1 0.8158747464503042 0.9419315004659832 0.0070030425963488845 0.011542404473438956
1 0.7155020283975659 0.9421342031686859 0.005040567951318458 0.011015843429636534
1 0.8757302231237323 0.9422506989748369 0.005010141987829615 0.011248835041938491
1 0.8640998985801217 0.9424254426840634 0.00507606490872211 0.010666356011183598
1 0.7905248478701825 0.9423998136067102 0.007013184584178499 0.012479030754892824
1 0.8073174442190669 0.9425116495806152 0.006115618661257607 0.010838769804287047
1 0.7989198782961461 0.9428937558247903 0.006561866125760649 0.011602982292637464
1 0.8699011156186612 0.9426304753028891 0.005522312373225153 0.011076421248835042
1 0.7376546653144016 0.9428634669151911 0.005735294117647059 0.011542404473438956
1 0.7224771805273833 0.943098788443616 0.006820486815415821 0.01201304753028891
1 0.7290035496957403 0.943098788443616 0.005674442190669371 0.01201304753028891
15 0.380803752535497 0.9433131407269338 0.012114604462474645 0.0049860205032618825
1 0.3542190669371197 0.9444780987884436 0.012697768762677484 0.004520037278657968
15 0.9056465517241379 0.9444361602982293 0.006019269776876267 0.010959925442684064
15 0.933498985801217 0.9449324324324324 0.004929006085192698 0.0119524697110904
1 0.9118585192697769 0.9450512581547064 0.006272819472616632 0.012190121155638398
1 0.9194016227180527 0.9450512581547064 0.00614604462474645 0.012190121155638398
1 0.9403118661257607 0.9450768872320596 0.005370182555780933 0.011309412861136998
1 0.9276369168356998 0.9452562907735321 0.00537525354969574 0.012600186393289841
1 0.3548504056795132 0.9494291705498602 0.011932048681541583 0.004170549860205032
1 0.11922920892494929 0.9505288909599254 0.006206896551724138 0.01102982292637465
1 0.8677205882352941 0.0949161230195713 0.006232251521298174 0.012758620689655172
1 0.35434584178498985 0.9540354147250698 0.012951318458417849 0.004995340167753961
9 0.14674695740365112 0.9540983224603914 0.03893002028397566 0.02842031686859273
1 0.3539655172413793 0.9596575023299162 0.012190669371196753 0.0050559179869524695
1 0.3538362068965517 0.9648741845293569 0.011932048681541583 0.006169617893755825
1 0.13064148073022314 0.09742311276794036 0.006719066937119675 0.0028611369990680334
15 0.9059077079107505 0.0995596458527493 0.00654158215010142 0.01179403541472507
1 0.13339503042596348 0.10350652376514445 0.006140973630831643 0.0038443616029822927
15 0.6460649087221095 0.10405638397017708 0.014239350912778904 0.004012115563839702
20 0.3331034482758621 0.10687558247903076 0.006977687626774848 0.01244641192917055
15 0.6457048681541582 0.10898648648648648 0.011490872210953348 0.005484622553588071
15 0.7443838742393509 0.10904240447343895 0.011080121703853956 0.0055964585274930105
15 0.905395537525355 0.11097856477166822 0.005517241379310345 0.011332712022367195
20 0.8875431034482758 0.11485088536812675 0.025593306288032455 0.020941286113699907
15 0.6303727180527383 0.11472739981360672 0.012266734279918865 0.005782851817334576
15 0.7444497971602434 0.11551025163094128 0.012226166328600406 0.005484622553588071
1 0.7066151115618661 0.11563373718546133 0.012621703853955375 0.005731593662628146
15 0.6465998985801217 0.11624417520969245 0.013280933062880326 0.006020503261882572
20 0.9721703853955375 0.1171668219944082 0.022434077079107505 0.031164958061509783
1 0.6187804259634888 0.11891891891891891 0.006323529411764706 0.011369990680335507
15 0.3580679513184584 0.12058946877912397 0.004168356997971603 0.01005125815470643
20 0.2854158215010142 0.12181267474370924 0.024178498985801218 0.02461323392357875
15 0.9184153144016227 0.12363932898415657 0.012287018255578094 0.005899347623485555
1 0.9573985801217039 0.12680102516309413 0.0060750507099391485 0.012222739981360671
15 0.9181288032454361 0.1299277726001864 0.01171399594320487 0.0044967381174277725
1 0.8555223123732251 0.1316775396085741 0.014290060851926977 0.005200372786579683
1 0.6707555780933063 0.1350349487418453 0.00783975659229209 0.012847157502329917
1 0.359710953346856 0.13548229263746506 0.0033975659229208924 0.009082013047530289
15 0.6304031440162272 0.1356686859273066 0.012327586206896552 0.004794967381174278
1 0.6307885395537525 0.14170782851817335 0.01309837728194726 0.006621621621621622
20 0.9124264705882353 0.14170549860205034 0.019579107505070994 0.013140726933830381
1 0.9673529411764705 0.14367660764212487 0.006713995943204868 0.012423112767940354
15 0.9806921906693712 0.14393289841565704 0.006009127789046653 0.011071761416589004
15 0.974132860040568 0.14405172413793102 0.0060750507099391485 0.011309412861136998
1 0.8591658215010143 0.15303355079217149 0.006364097363083165 0.01249767008387698
15 0.7429310344827585 0.154287045666356 0.012231237322515213 0.004753028890959925
15 0.2582581135902637 0.15928704566635601 0.005360040567951319 0.0035694315004659834
15 0.7439756592292088 0.16002795899347624 0.0122920892494929 0.00505125815470643
9 0.9656744421906693 0.16205265610438024 0.014513184584178499 0.0174883504193849
15 0.2980349898580122 0.16239515377446412 0.00377789046653144 0.007921714818266543
1 0.7180907707910751 0.16335274930102517 0.013260649087221094 0.006109040074557316
15 0.2914908722109534 0.1635950605778192 0.0038742393509127787 0.008457595526561043
15 0.9781566937119676 0.16409366262814537 0.006009127789046653 0.011318732525629076
15 0.9851546653144015 0.16409366262814537 0.0047920892494929005 0.011318732525629076
1 0.8599543610547667 0.16964818266542403 0.013012170385395538 0.00565237651444548
15 0.31649847870182557 0.1693313140726934 0.005207910750507099 0.007814538676607643
1 0.2621323529411764 0.1699650512581547 0.003980730223123732 0.009082013047530289
15 0.3247718052738337 0.17059412861137 0.002484787018255578 0.008476234855545202
1 0.9451090263691684 0.17653541472506992 0.006850912778904665 0.011971109040074557
1 0.7434761663286004 0.1836999068033551 0.012307302231237322 0.003932898415657036
15 0.35351673427991887 0.18469711090400745 0.00723630831643002 0.0021994408201304752
1 0.8689908722109534 0.18619757688723204 0.006744421906693713 0.012656104380242311
9 0.9742038539553753 0.18722506989748366 0.02345841784989858 0.031486486486486484
9 0.915339756592292 0.18854147250698974 0.041632860040567946 0.03225535880708295
15 0.354434584178499 0.19011416589002797 0.007043610547667343 0.0037138863000931964
15 0.42933823529411763 0.1911649580615098 0.006749492900608519 0.014203168685927307
15 0.4357302231237323 0.19148182665424046 0.003306288032454361 0.00924510717614166
1 0.5319320486815416 0.19446411929170548 0.005040567951318458 0.012413793103448275
15 0.11327079107505071 0.01995573159366263 0.007474645030425963 0.0026328052190121155
15 0.3517799188640974 0.19612767940354148 0.009847870182555781 0.003625349487418453
1 0.4599771805273834 0.19652842497670084 0.004132860040567951 0.010018639328984157
15 0.4490187626774848 0.1964538676607642 0.006556795131845841 0.0024137931034482756
1 0.4661561866125761 0.19678238583410998 0.004320486815415821 0.009594594594594594
1 0.4714477687626775 0.19843196644920783 0.0027332657200811357 0.009165890027958994
9 0.29032707910750505 0.19947343895619757 0.06949797160243408 0.03641192917054986
1 0.8620841784989858 0.20078984156570362 0.01422920892494929 0.0054939422180801485
15 0.49316683569979713 0.20097157502329918 0.0045892494929006085 0.008653308480894687
15 0.44801724137931037 0.20226467847157503 0.00962474645030426 0.0037837837837837833
1 0.42998478701825554 0.20436626281453868 0.007028397565922921 0.009850885368126748
15 0.7439173427991886 0.20445712954333645 0.013189655172413793 0.005372786579683131
15 0.3351419878296146 0.20512115563839703 0.0019269776876267748 0.009496738117427772
20 0.5577789046653144 0.020890027958993477 0.010081135902636916 0.010093196644920782
15 0.7423504056795132 0.21001630941286115 0.010055780933062879 0.004375582479030755
1 0.447751014198783 0.21070596458527494 0.012134888438133875 0.005754892823858341
15 0.9098630831643002 0.2119175209692451 0.005324543610547667 0.01190587138863001
15 0.9255856997971603 0.21197343895619758 0.006343813387423935 0.011085740913327119
15 0.967920892494929 0.21208993476234855 0.005821501014198783 0.011318732525629076
15 0.9039072008113591 0.21249301025163095 0.00558316430020284 0.010260950605778191
1 0.8678498985801217 0.2124440820130475 0.006490872210953348 0.012027027027027026
20 0.9791404665314402 0.21377912395153773 0.01406186612576065 0.01749301025163094
1 0.5295233265720082 0.21414725069897483 0.0022515212981744424 0.007977632805219013
1 0.5331465517241379 0.021672879776328053 0.0034127789046653144 0.00886300093196645
1 0.5071272819472616 0.2155708294501398 0.014254563894523327 0.0043010251630941285
1 0.3335015212981744 0.21688257222739982 0.002702839756592292 0.006924510717614166
15 0.3517317444219067 0.2180591798695247 0.007723123732251522 0.00461789375582479
1 0.4294168356997971 0.2199510717614166 0.003864097363083164 0.007469711090400746
1 0.922920892494929 0.22077819198508855 0.013184584178498986 0.006328052190121156
1 0.3529868154158215 0.2229403541472507 0.008204868154158215 0.003196644920782852
15 0.5447464503042596 0.022616495806150976 0.0022718052738336715 0.007022367194780988
1 0.903780425963489 0.2253774464119292 0.005329614604462475 0.01179869524697111
15 0.8967139959432049 0.22561276794035415 0.00539553752535497 0.012269338303821061
1 0.8610953346855983 0.22650978564771668 0.005152129817444219 0.011267474370922646
15 0.539264705882353 0.02277726001863933 0.0034787018255578095 0.00641192917054986
1 0.3532048681541582 0.22931267474370923 0.007626774847870182 0.0038257222739981364
1 0.3047946247464503 0.23235554520037277 0.003098377281947262 0.008979496738117428
15 0.2863007099391481 0.23242078285181733 0.004650101419878296 0.008178005591798695
15 0.2992418864097363 0.23242078285181733 0.0021348884381338744 0.008178005591798695
15 0.3289629817444219 0.23253261882572226 0.0037677484787018256 0.009333643988816403
15 0.3222261663286004 0.2326654240447344 0.0034787018255578095 0.007735321528424977
15 0.35276876267748475 0.23335041938490214 0.008782961460446248 0.0044454799627213415
1 0.2589224137931035 0.23324324324324325 0.0046602434077079105 0.01075489282385834
1 0.2708975659229209 0.2339049394221808 0.00629817444219067 0.002758620689655172
1 0.29475152129817445 0.23381873252562907 0.005324543610547667 0.006314072693383039
15 0.31063640973630835 0.2341076421248835 0.0026115618661257606 0.00782385834109972
1 0.5309127789046654 0.23508853681267475 0.004016227180527384 0.0097856477166822
15 0.31718052738336716 0.23554986020503263 0.002515212981744422 0.007912395153774465
1 0.4513463488843813 0.2361789375582479 0.012226166328600406 0.007306616961789376
1 0.8608747464503043 0.23938956197576888 0.005725152129817444 0.011863932898415657
1 0.5115010141987829 0.24240447343895621 0.012860040567951318 0.006710158434296365
1 0.4280349898580122 0.24250465983224603 0.004143002028397566 0.009706430568499532
15 0.27068204868154155 0.24360438024231126 0.00890973630831643 0.002586206896551724
15 0.2863995943204868 0.24498136067101586 0.008904665314401622 0.0034762348555452
1 0.09991125760649087 0.02472041006523765 0.010167342799188642 0.0037744641192917054
15 0.25841531440162274 0.2494431500465983 0.008717038539553754 0.004012115563839702
9 0.9149467545638945 0.25001863932898416 0.038818458417849894 0.02939422180801491
1 0.271815415821501 0.25035181733457595 0.006105476673427992 0.003033550792171482
9 0.9646982758620689 0.2503704566635601 0.03893002028397566 0.030097856477166823
4 0.677210953346856 0.02558014911463187 0.03596348884381339 0.025997204100652375
1 0.5311004056795131 0.25191053122087603 0.004391480730223124 0.009878844361602981
15 0.7419168356997972 0.25431966449207827 0.012231237322515213 0.00537744641192917
1 0.14579361054766735 0.255952935694315 0.002540567951318458 0.009575955265610439
15 0.11224645030425963 0.025738583410997204 0.006440162271805274 0.003014911463187325
1 0.1545562880324544 0.2567031686859273 0.0048529411764705885 0.011076421248835042
15 0.7425786004056795 0.2605801491146319 0.011526369168356998 0.004850885368126748
1 0.44821247464503045 0.2607898415657036 0.012043610547667343 0.00527027027027027
1 0.42913286004056794 0.26162162162162167 0.002281947261663286 0.011593662628145386
1 0.7925354969574037 0.2615027958993476 0.002920892494929006 0.008560111835973905
1 0.5106592292089249 0.2632875116495806 0.010162271805273832 0.00467381174277726
20 0.19097616632860043 0.2637931034482759 0.020897565922920892 0.020596458527493013
1 0.3368813387423935 0.26595759552656106 0.005405679513184584 0.0034902143522833177
15 0.14606744421906695 0.2687185461323392 0.003088235294117647 0.008080149114631873
15 0.1532657200811359 0.26905172413793105 0.003286004056795132 0.005018639328984156
1 0.5319320486815416 0.2691565703634669 0.005040567951318458 0.00988816402609506
1 0.3516353955375253 0.2714398881640261 0.005502028397565923 0.0023392357875116495
1 0.8605603448275863 0.2720526561043803 0.0061105476673428 0.0119524697110904
15 0.9444700811359026 0.27359040074557317 0.005573022312373225 0.010368126747437091
15 0.9730502028397566 0.2736230195712955 0.004923935091277891 0.011365330848089468
15 0.9510598377281947 0.2736789375582479 0.005567951318458418 0.010545200372786579
1 0.9798047667342799 0.2738583410997204 0.006262677484787018 0.011835973904939422
15 0.9569574036511156 0.27406104380242313 0.006206896551724138 0.011309412861136998
15 0.9668052738336714 0.27406104380242313 0.004604462474645031 0.011309412861136998
15 0.9386409736308317 0.2745852749301025 0.006085192697768763 0.011425908667287977
1 0.4709634888438134 0.277381174277726 0.007849898580121703 0.001174277726001864
1 0.4586130831643002 0.2777842497670084 0.008504056795131845 0.005708294501397949
1 0.43488083164300206 0.27828751164958065 0.0097210953346856 0.004850885368126748
20 0.2630552738336714 0.2786999068033551 0.020025354969574038 0.02338303821062442
1 0.48586206896551726 0.2790027958993476 0.010263691683569979 0.003485554520037279
1 0.32225152129817447 0.28040540540540543 0.008600405679513186 0.003494874184529357
15 0.07452332657200812 0.280361136999068 0.004016227180527384 0.008066169617893755
15 0.08183316430020283 0.2811323392357875 0.0024087221095334685 0.008676607642124884
15 0.0966100405679513 0.28138164026095064 0.0045791075050709935 0.008243243243243244
15 0.08787018255578094 0.2817054986020503 0.0023123732251521295 0.007027027027027027
1 0.33642241379310345 0.28764212488350416 0.005502028397565923 0.0030568499534016774
1 0.8605603448275863 0.28839701770736254 0.0061105476673428 0.012022367194780989
1 0.31684584178498987 0.2899743709226468 0.011987829614604463 0.004925442684063374
1 0.07298174442190669 0.29131174277726 0.006004056795131846 0.009464119291705498
1 0.0831288032454361 0.2924813606710158 0.0029716024340770792 0.008075489282385833
1 0.6987931034482758 0.029487418452935694 0.006105476673427992 0.01330848089468779
1 0.1002129817444219 0.02990214352283318 0.009756592292089248 0.0029543336439888162
1 0.10024087221095335 0.29414725069897485 0.003727180527383367 0.0058154706430568505
1 0.09466277890466532 0.2945689655172414 0.003727180527383367 0.005726933830382106
1 0.09016734279918864 0.29459459459459464 0.0018356997971602435 0.0076421248835041936
15 0.11296653144016228 0.030123485554520036 0.003823529411764706 0.003397017707362535
9 0.9165263691683571 0.2989888164026095 0.037920892494929005 0.029478098788443614
9 0.96315415821501 0.3002493010251631 0.04091277890466532 0.031067101584342966
15 0.19949036511156185 0.3042730661696179 0.00851419878296146 0.004631873252562907
1 0.860816430020284 0.30578984156570366 0.006622718052738337 0.012325256290773532
1 0.7916353955375254 0.31666589002795903 0.003149087221095335 0.010778191985088536
4 0.7714807302231237 0.3210484622553588 0.022677484787018254 0.49950605778191987
15 0.9502028397565923 0.3236323392357875 0.00486815415821501 0.00886766076421249
15 0.9751419878296146 0.32428238583410995 0.005050709939148073 0.011099720410065237
15 0.930935598377282 0.3242194780987884 0.0048732251521298176 0.010041938490214352
15 0.9817697768762678 0.32460158434296366 0.006135902636916836 0.010806150978564773
15 0.9561891480730224 0.32453867660764213 0.0046703853955375255 0.009748369058713888
1 0.9150633874239351 0.32463653308480894 0.00558316430020284 0.011808014911463187
15 0.9688970588235294 0.32483690587138864 0.0047312373225152134 0.011276794035414725
15 0.9249797160243407 0.3248928238583411 0.005131845841784989 0.010456663560111837
15 0.9371196754563894 0.32509319664492076 0.006085192697768763 0.009925442684063373
1 0.9439908722109533 0.3251281453867661 0.004614604462474645 0.010927306616961788
1 0.31673935091277894 0.3266891891891892 0.007718052738336714 0.005661696178937558
1 0.35008620689655173 0.3274906803355079 0.009503042596348883 0.0054007455731593665
4 0.8124264705882352 0.33248136067101586 0.022418864097363083 0.51118825722274
15 0.16752535496957405 0.3337185461323392 0.006450304259634889 0.006672879776328053
1 0.15810598377281948 0.34514212488350415 0.00890973630831643 0.005288909599254427
1 0.1715339756592292 0.34549860205032623 0.006353955375253549 0.00320596458527493
1 0.6292672413793103 0.34931733457595526 0.01309837728194726 0.006183597390493942
1 0.5699645030425964 0.03525862068965517 0.001997971602434077 0.008075489282385833
1 0.1560522312373225 0.3546784715750233 0.006830628803245436 0.0019944082013047533
1 0.16949543610547668 0.35646784715750235 0.009376267748478702 0.002777260018639329
15 0.11218813387423936 0.03637465051258155 0.007337728194726167 0.0037837837837837833
1 0.10023580121703854 0.03670316868592731 0.008788032454361053 0.002576887232059646
1 0.15546906693711968 0.36414725069897486 0.004650101419878296 0.00881640260950606
1 0.8601039553752535 0.36414725069897486 0.005197768762677485 0.011612301957129544
1 0.16335192697768763 0.36433830382106247 0.003174442190669371 0.007334575955265611
15 0.7428017241379311 0.3685274930102516 0.01197261663286004 0.004529356943150047
15 0.7432175456389453 0.37418452935694313 0.012804259634888439 0.005591798695246971
1 0.39798427991886415 0.37550093196644924 0.0038793103448275866 0.009156570363466914
1 0.28594827586206895 0.3774021435228332 0.0029310344827586207 0.010163094128611369
1 0.8602991886409737 0.37871854613233924 0.006602434077079107 0.012795899347623487
1 0.7906769776876267 0.3882758620689655 0.0032606490872210954 0.007679403541472507
1 0.28457657200811354 0.38869291705498604 0.002216024340770791 0.009445479962721342
1 0.4322337728194726 0.3938699906803355 0.0034127789046653144 0.007684063373718545
1 0.22297667342799188 0.3949790307548928 0.003762677484787018 0.009902143522833178
1 0.8598250507099392 0.3954356943150047 0.006668356997971602 0.01174743709226468
15 0.8980349898580121 0.3968266542404474 0.004994929006085193 0.009869524697110903
1 0.4440948275862069 0.3985111835973905 0.0038083164300202837 0.005782851817334576
1 0.2846120689655172 0.40111835973904936 0.002287018255578093 0.008201304753028892
9 0.5483088235294118 0.04079916123019572 0.02663793103448276 0.01636067101584343
9 0.1534710953346856 0.40849487418452934 0.03817951318458418 0.02015843429636533
15 0.511419878296146 0.041174277726001865 0.007626774847870182 0.001267474370922647
1 0.8601039553752535 0.4109063373718546 0.005197768762677485 0.011933830382106244
1 0.12015212981744422 0.4109459459459459 0.010081135902636916 0.0026933830382106245
1 0.2850050709939148 0.4130358807082945 0.003073022312373225 0.008737185461323392
15 0.11811612576064909 0.41719944082013044 0.0070233265720081135 0.0030848089468779125
1 0.7924213995943205 0.41762814538676607 0.002692697768762677 0.011397949673811743
15 0.8967697768762678 0.4197343895619758 0.00550709939148073 0.011882572227399813
15 0.11585192697768763 0.4215843429636533 0.007565922920892495 0.002534948741845294
1 0.8597895537525355 0.4272506989748369 0.00558316430020284 0.012003727865796832
1 0.2839908722109533 0.4326025163094129 0.003073022312373225 0.01059179869524697
1 0.5255147058823529 0.0437138863000932 0.007418864097363084 0.0026188257222739984
15 0.11691937119675457 0.4357362534948742 0.005644016227180528 0.0038117427772600184
15 0.16841784989858014 0.4376794035414725 0.0011359026369168357 0.005834109972041006
1 0.1925202839756592 0.4377166821994408 0.00268762677484787 0.006840633737185462
1 0.17549188640973631 0.43779123951537746 0.004127789046653145 0.006989748369058714
15 0.8971754563894524 0.4384622553588071 0.004290060851926978 0.011127679403541473
1 0.18786764705882353 0.4384878844361603 0.003524340770791075 0.007451071761416589
1 0.1629969574036511 0.43831314072693384 0.00449290060851927 0.007101584342963653
15 0.1538083164300203 0.4385018639328984 0.003356997971602434 0.005615097856477167
15 0.18178498985801217 0.43834575955265614 0.0035294117647058825 0.009030754892823858
15 0.14462221095334685 0.4391589002795899 0.003240365111561866 0.005997204100652376
1 0.13808823529411765 0.44040773532152844 0.0023427991886409735 0.008494874184529357
15 0.11742900608519269 0.44270037278657964 0.006663286004056796 0.0037604846225535882
1 0.8597210953346855 0.44332945013979497 0.004432048681541582 0.011542404473438956
15 0.742418864097363 0.4440750232991612 0.01120689655172414 0.005577819198508854
1 0.2842418864097363 0.44512581547064306 0.003575050709939148 0.009543336439888164
1 0.19908215010141986 0.4463863000931967 0.003640973630831643 0.008336439888164026
15 0.7425786004056795 0.44969711090400744 0.011526369168356998 0.005638397017707362
1 0.8597895537525355 0.46083643988816403 0.00558316430020284 0.01114165890027959
15 0.5781769776876268 0.04637698042870457 0.002195740365111562 0.008876980428704566
1 0.1372844827586207 0.4615750232991612 0.0027636916835699797 0.007958993476234855