14 0.24806949806949807 0.08365570599613152 0.09588159588159588 0.06479690522243714
14 0.6245173745173745 0.14748549323017407 0.46653796653796653 0.13056092843326886
19 0.28957528957528955 0.13201160541586074 0.023166023166023165 0.035783365570599614
19 0.22104247104247104 0.13056092843326886 0.023809523809523808 0.03481624758220503
19 0.2882882882882883 0.16731141199226304 0.023166023166023165 0.030947775628626693
4 0.35714285714285715 0.1823017408123791 0.0489060489060489 0.041586073500967116
13 0.8375160875160875 0.24516441005802708 0.03667953667953668 0.029980657640232108
21 0.8664736164736164 0.24903288201160542 0.009652509652509652 0.014506769825918761
19 0.2187902187902188 0.16489361702127658 0.02445302445302445 0.035783365570599614
14 0.25353925353925355 0.17311411992263057 0.05019305019305019 0.12959381044487428
21 0.8616473616473617 0.2674081237911025 0.009009009009009009 0.020309477756286266
21 0.8564993564993565 0.26692456479690524 0.005148005148005148 0.015473887814313346
1 0.7982625482625483 0.26063829787234044 0.0045045045045045045 0.008704061895551257
21 0.8252895752895753 0.26547388781431336 0.005791505791505791 0.012572533849129593
21 0.8378378378378378 0.2683752417794971 0.007722007722007722 0.012572533849129593
3 0.8120978120978121 0.2688588007736944 0.015444015444015444 0.029013539651837523
19 0.28667953667953666 0.2011605415860735 0.02252252252252252 0.030947775628626693
17 0.797940797940798 0.2736943907156673 0.006435006435006435 0.013539651837524178
19 0.21782496782496782 0.19729206963249515 0.025096525096525095 0.03481624758220503
21 0.825933075933076 0.28336557059961315 0.005791505791505791 0.005802707930367505
21 0.8326898326898327 0.2852998065764023 0.005148005148005148 0.01160541586073501
21 0.8606821106821106 0.2925531914893617 0.014800514800514801 0.031914893617021274
21 0.8445945945945946 0.2915860735009671 0.008365508365508366 0.024177949709864602
21 0.8410553410553411 0.3099613152804642 0.010296010296010296 0.006769825918762089
13 0.3297940797940798 0.24613152804642166 0.009652509652509652 0.02611218568665377
21 0.8487773487773488 0.3152804642166344 0.005148005148005148 0.013539651837524178
1 0.5045045045045045 0.27176015473887816 0.018018018018018018 0.013539651837524178
21 0.8407335907335908 0.3181818181818182 0.010939510939510939 0.007736943907156673
13 0.34716859716859716 0.2548355899419729 0.017374517374517374 0.014506769825918761
1 0.7918275418275418 0.32350096711798837 0.005791505791505791 0.006769825918762089
9 0.8185328185328186 0.3288201160541586 0.032175032175032175 0.07156673114119923
13 0.34684684684684686 0.2688588007736944 0.01673101673101673 0.013539651837524178
1 0.5151222651222651 0.2911025145067698 0.009652509652509652 0.025145067698259187
1 0.4922779922779923 0.28868471953578334 0.007722007722007722 0.02804642166344294
9 0.5032175032175032 0.2901353965183752 0.01673101673101673 0.025145067698259187
21 0.8558558558558559 0.33897485493230173 0.009009009009009009 0.008704061895551257
1 0.8362290862290862 0.33994197292069633 0.005791505791505791 0.012572533849129593
1 0.7853925353925354 0.33365570599613154 0.014800514800514801 0.01160541586073501
1 0.8468468468468469 0.34477756286266925 0.009009009009009009 0.024177949709864602
17 0.722007722007722 0.33752417794970985 0.01673101673101673 0.027079303675048357
1 0.6261261261261262 0.327852998065764 0.014157014157014158 0.04061895551257253
1 0.7873230373230373 0.3539651837524178 0.007078507078507079 0.02321083172147002
13 0.732947232947233 0.3529980657640232 0.009009009009009009 0.027079303675048357
1 0.7947232947232947 0.36266924564796904 0.009009009009009009 0.02321083172147002
1 0.5788288288288288 0.33607350096711797 0.014800514800514801 0.024177949709864602
14 0.23552123552123552 0.29497098646034814 0.0978120978120978 0.13539651837524178
19 0.1702059202059202 0.28868471953578334 0.023809523809523808 0.035783365570599614
21 0.3384813384813385 0.3118955512572534 0.007722007722007722 0.02611218568665377
1 0.37483912483912485 0.3176982591876209 0.008365508365508366 0.02611218568665377
1 0.6872586872586872 0.3602514506769826 0.01673101673101673 0.012572533849129593
1 0.6367438867438867 0.3554158607350097 0.008365508365508366 0.024177949709864602
1 0.398970398970399 0.32591876208897486 0.018018018018018018 0.01160541586073501
1 0.6547619047619048 0.3607350096711799 0.008365508365508366 0.02127659574468085
1 0.786036036036036 0.3805609284332689 0.008365508365508366 0.022243713733075435
21 0.6293436293436293 0.3617021276595745 0.005148005148005148 0.01160541586073501
1 0.32496782496782495 0.324468085106383 0.015444015444015444 0.012572533849129593
10 0.8027670527670527 0.38733075435203096 0.025096525096525095 0.020309477756286266
21 0.6193693693693694 0.3646034816247582 0.0045045045045045045 0.009671179883945842
1 0.6766409266409267 0.3781431334622824 0.008365508365508366 0.02321083172147002
1 0.6959459459459459 0.3829787234042553 0.016087516087516088 0.025145067698259187
21 0.640926640926641 0.3805609284332689 0.007722007722007722 0.022243713733075435
1 0.3996138996138996 0.3583172147001934 0.018018018018018018 0.012572533849129593
21 0.666023166023166 0.4018375241779497 0.015444015444015444 0.010638297872340425
21 0.6293436293436293 0.3970019342359768 0.015444015444015444 0.010638297872340425
21 0.685971685971686 0.40522243713733075 0.01673101673101673 0.009671179883945842
1 0.7055984555984556 0.4081237911025145 0.017374517374517374 0.01160541586073501
1 0.32207207207207206 0.3583172147001934 0.017374517374517374 0.014506769825918761
1 0.398970398970399 0.370889748549323 0.01673101673101673 0.012572533849129593
21 0.6647361647361647 0.41247582205029015 0.007722007722007722 0.006769825918762089
21 0.6737451737451737 0.4134429400386847 0.007722007722007722 0.006769825918762089
21 0.6833976833976834 0.4144100580270793 0.007722007722007722 0.006769825918762089
21 0.6547619047619048 0.41102514506769827 0.005791505791505791 0.005802707930367505
21 0.620978120978121 0.4134429400386847 0.005148005148005148 0.010638297872340425
21 0.638030888030888 0.41731141199226307 0.016087516087516088 0.010638297872340425
21 0.693050193050193 0.4245647969052224 0.005148005148005148 0.01160541586073501
1 0.704954954954955 0.4260154738878143 0.016087516087516088 0.012572533849129593
9 0.502895752895753 0.3994197292069632 0.12162162162162163 0.1895551257253385
1 0.4443371943371943 0.3970019342359768 0.009652509652509652 0.024177949709864602
21 0.6505791505791506 0.4269825918762089 0.007722007722007722 0.006769825918762089
21 0.6631274131274131 0.42891682785299806 0.007078507078507079 0.006769825918762089
19 0.2767052767052767 0.3795938104448743 0.02445302445302445 0.033849129593810444
21 0.6853281853281853 0.4400386847195358 0.005148005148005148 0.01160541586073501
19 0.20752895752895753 0.3776595744680851 0.023809523809523808 0.031914893617021274
1 0.3211068211068211 0.39264990328820115 0.01673101673101673 0.01160541586073501
21 0.6731016731016731 0.43907156673114117 0.005148005148005148 0.01160541586073501
21 0.6792149292149292 0.4395551257253385 0.0045045045045045045 0.010638297872340425
21 0.6618404118404119 0.43762088974854935 0.007078507078507079 0.006769825918762089
21 0.6914414414414415 0.4458413926499033 0.0045045045045045045 0.009671179883945842
21 0.6338481338481339 0.44294003868471954 0.01673101673101673 0.01160541586073501
1 0.7072072072072072 0.4526112185686654 0.01673101673101673 0.013539651837524178
21 0.6492921492921493 0.4458413926499033 0.006435006435006435 0.02321083172147002
1 0.3967181467181467 0.41295938104448743 0.017374517374517374 0.013539651837524178
21 0.6685971685971686 0.4559961315280464 0.015444015444015444 0.010638297872340425
21 0.6560489060489061 0.45454545454545453 0.0045045045045045045 0.009671179883945842
21 0.6901544401544402 0.4588974854932302 0.007078507078507079 0.006769825918762089
21 0.6196911196911197 0.4497098646034816 0.003861003861003861 0.009671179883945842
21 0.6718146718146718 0.46566731141199225 0.006435006435006435 0.006769825918762089
21 0.6901544401544402 0.46760154738878146 0.007078507078507079 0.006769825918762089
19 0.27413127413127414 0.4134429400386847 0.023166023166023165 0.033849129593810444
21 0.7126769626769627 0.47147001934235977 0.016087516087516088 0.010638297872340425
1 0.39864864864864863 0.43133462282398455 0.008365508365508366 0.025145067698259187
1 0.3909266409266409 0.4308510638297872 0.008365508365508366 0.024177949709864602
1 0.323037323037323 0.42311411992263054 0.007722007722007722 0.024177949709864602
1 0.3680823680823681 0.4318181818181818 0.010296010296010296 0.02611218568665377
1 0.33236808236808235 0.4274661508704062 0.008365508365508366 0.025145067698259187
19 0.2059202059202059 0.41150870406189555 0.02445302445302445 0.035783365570599614
1 0.3552123552123552 0.4308510638297872 0.007722007722007722 0.02611218568665377
1 0.3812741312741313 0.433752417794971 0.009652509652509652 0.02611218568665377
21 0.6373873873873874 0.4700193423597679 0.007078507078507079 0.01160541586073501
21 0.6721364221364221 0.4748549323017408 0.007078507078507079 0.005802707930367505
21 0.6895109395109396 0.4772727272727273 0.005791505791505791 0.006769825918762089
21 0.6171171171171171 0.468568665377176 0.007722007722007722 0.010638297872340425
14 0.24034749034749034 0.4206963249516441 0.05083655083655084 0.12959381044487428
1 0.5678893178893178 0.4671179883945841 0.009652509652509652 0.025145067698259187
21 0.6528314028314028 0.4816247582205029 0.016087516087516088 0.01160541586073501
21 0.6708494208494209 0.48404255319148937 0.016087516087516088 0.010638297872340425
21 0.6888674388674388 0.48694390715667313 0.016087516087516088 0.010638297872340425
9 0.8362290862290862 0.5169245647969052 0.1241956241956242 0.1885880077369439
19 0.2728442728442728 0.44777562862669246 0.02445302445302445 0.03481624758220503
17 0.7171814671814671 0.5072533849129593 0.017374517374517374 0.012572533849129593
21 0.6184041184041184 0.4946808510638298 0.015444015444015444 0.010638297872340425
21 0.6872586872586872 0.504835589941973 0.007722007722007722 0.02321083172147002
21 0.6637709137709138 0.503384912959381 0.007078507078507079 0.024177949709864602
19 0.20495495495495494 0.4458413926499033 0.023809523809523808 0.0367504835589942
19 0.3587516087516088 0.46760154738878146 0.021235521235521235 0.031914893617021274
21 0.7001287001287001 0.5140232108317214 0.015444015444015444 0.010638297872340425
1 0.3256113256113256 0.4661508704061896 0.011583011583011582 0.03868471953578337
1 0.31177606177606176 0.4647001934235977 0.013513513513513514 0.037717601547388784
13 0.46589446589446587 0.4859767891682785 0.01673101673101673 0.014506769825918761
17 0.4980694980694981 0.49032882011605416 0.01673101673101673 0.013539651837524178
21 0.6515444015444015 0.5135396518375241 0.007078507078507079 0.02321083172147002
1 0.6274131274131274 0.5135396518375241 0.007722007722007722 0.02321083172147002
21 0.6953024453024453 0.5323984526112185 0.016087516087516088 0.010638297872340425
21 0.712998712998713 0.5343326885880078 0.015444015444015444 0.010638297872340425
21 0.6795366795366795 0.5377176015473888 0.007722007722007722 0.025145067698259187
8 0.6528314028314028 0.5357833655705996 0.017374517374517374 0.01160541586073501
21 0.6975546975546976 0.5454545454545454 0.015444015444015444 0.01160541586073501
17 0.5936293436293436 0.5362669245647969 0.017374517374517374 0.014506769825918761
1 0.5518018018018018 0.5319148936170213 0.026383526383526385 0.02127659574468085
1 0.5006435006435006 0.5304642166344294 0.009009009009009009 0.024177949709864602
21 0.5209137709137709 0.5328820116054158 0.032818532818532815 0.0367504835589942
19 0.7207207207207207 0.561411992263056 0.02059202059202059 0.033849129593810444
8 0.7017374517374517 0.5599613152804642 0.016087516087516088 0.01160541586073501
1 0.592985842985843 0.5498065764023211 0.017374517374517374 0.012572533849129593
1 0.6805019305019305 0.5691489361702128 0.008365508365508366 0.022243713733075435
3 0.6583011583011583 0.5735009671179884 0.032175032175032175 0.0367504835589942
1 0.51994851994852 0.5570599613152805 0.018018018018018018 0.01160541586073501
1 0.6354568854568855 0.5730174081237911 0.008365508365508366 0.024177949709864602
8 0.693050193050193 0.5826885880077369 0.009009009009009009 0.022243713733075435
19 0.5501930501930502 0.566247582205029 0.02445302445302445 0.035783365570599614
1 0.842985842985843 0.6184719535783365 0.02574002574002574 0.0183752417794971
19 0.43564993564993565 0.5643133462282398 0.023166023166023165 0.035783365570599614
14 0.22232947232947234 0.5401353965183753 0.0945945945945946 0.12282398452611218
19 0.38481338481338484 0.5643133462282398 0.023166023166023165 0.037717601547388784
17 0.6544401544401545 0.6034816247582205 0.01673101673101673 0.013539651837524178
19 0.7712355212355212 0.6300773694390716 0.02252252252252252 0.033849129593810444
17 0.8043758043758044 0.6344294003868471 0.007722007722007722 0.025145067698259187
17 0.786036036036036 0.6339458413926499 0.008365508365508366 0.02611218568665377
1 0.7956885456885456 0.6349129593810445 0.008365508365508366 0.024177949709864602
19 0.8265765765765766 0.6436170212765957 0.02252252252252252 0.037717601547388784
13 0.6544401544401545 0.6252417794970987 0.02702702702702703 0.02611218568665377
13 0.6325611325611326 0.6233075435203095 0.007722007722007722 0.02611218568665377
19 0.8564993564993565 0.6552224371373307 0.02445302445302445 0.033849129593810444
19 0.4111969111969112 0.5962282398452611 0.021879021879021878 0.033849129593810444
20 0.8770913770913771 0.6624758220502901 0.019305019305019305 0.03481624758220503
19 0.6965894465894465 0.6411992263056093 0.02252252252252252 0.03481624758220503
1 0.8169240669240669 0.6677949709864603 0.017374517374517374 0.014506769825918761
19 0.7786357786357786 0.6716634429400387 0.021879021879021878 0.033849129593810444
19 0.6415701415701416 0.6547388781431335 0.023166023166023165 0.03481624758220503
17 0.8156370656370656 0.6808510638297872 0.017374517374517374 0.013539651837524178
19 0.14092664092664092 0.5933268858800773 0.019305019305019305 0.02804642166344294
14 0.1611969111969112 0.5967117988394585 0.02252252252252252 0.06963249516441006
19 0.43983268983268986 0.6344294003868471 0.02252252252252252 0.03868471953578337
17 0.87001287001287 0.6997098646034816 0.009009009009009009 0.022243713733075435
17 0.8806306306306306 0.7011605415860735 0.009652509652509652 0.02127659574468085
19 0.29922779922779924 0.6295938104448743 0.021879021879021878 0.03481624758220503
20 0.8452380952380952 0.7132495164410058 0.01866151866151866 0.037717601547388784
1 0.824967824967825 0.7117988394584139 0.009009009009009009 0.025145067698259187
20 0.7821750321750321 0.7137330754352031 0.026383526383526385 0.029013539651837523
19 0.8082368082368082 0.7176015473887815 0.02445302445302445 0.03868471953578337
20 0.7516087516087516 0.7224371373307543 0.029601029601029602 0.05609284332688588
17 0.7133204633204633 0.7171179883945842 0.008365508365508366 0.022243713733075435
17 0.7313384813384813 0.7200193423597679 0.008365508365508366 0.024177949709864602
17 0.722007722007722 0.7205029013539652 0.007722007722007722 0.02321083172147002
19 0.29697554697554696 0.6644100580270793 0.02252252252252252 0.03288201160541586
1 0.7033462033462033 0.7180851063829787 0.006435006435006435 0.024177949709864602
14 0.40315315315315314 0.6789168278529981 0.08558558558558559 0.05609284332688588
19 0.23294723294723294 0.6697292069632496 0.023166023166023165 0.033849129593810444
14 0.2625482625482625 0.6832688588007737 0.05019305019305019 0.16150870406189555
19 0.296010296010296 0.6972920696324951 0.023166023166023165 0.03481624758220503
20 0.786036036036036 0.7659574468085106 0.0341055341055341 0.058027079303675046
19 0.6315958815958816 0.7495164410058027 0.025096525096525095 0.03288201160541586
19 0.2306949806949807 0.7030947775628626 0.023809523809523808 0.0367504835589942
19 0.42503217503217505 0.7340425531914894 0.025096525096525095 0.0367504835589942
17 0.722972972972973 0.77321083172147 0.008365508365508366 0.024177949709864602
9 0.7538610038610039 0.7790135396518375 0.032818532818532815 0.037717601547388784
19 0.5598455598455598 0.7625725338491296 0.02445302445302445 0.033849129593810444
14 0.5267052767052767 0.7659574468085106 0.030244530244530245 0.13539651837524178
19 0.8214285714285714 0.8089941972920697 0.021235521235521235 0.031914893617021274
14 0.6595881595881596 0.7891682785299806 0.029601029601029602 0.12959381044487428
19 0.2294079794079794 0.7364603481624759 0.026383526383526385 0.033849129593810444
19 0.7142857142857143 0.8065764023210832 0.023166023166023165 0.03288201160541586
19 0.46525096525096526 0.7751450676982592 0.02445302445302445 0.033849129593810444
17 0.7397039897039897 0.8138297872340425 0.008365508365508366 0.022243713733075435
17 0.7496782496782497 0.8157640232108317 0.007722007722007722 0.024177949709864602
19 0.13256113256113256 0.7374274661508704 0.02059202059202059 0.029980657640232108
14 0.15765765765765766 0.7432301740812379 0.021879021879021878 0.06673114119922631
13 0.5923423423423423 0.8051257253384912 0.10231660231660232 0.0725338491295938
19 0.7921492921492922 0.8331721470019342 0.021879021879021878 0.035783365570599614
14 0.3947876447876448 0.793036750483559 0.08429858429858429 0.048355899419729204
14 0.8092020592020592 0.8539651837524178 0.019948519948519948 0.07156673114119923
14 0.7612612612612613 0.847678916827853 0.019305019305019305 0.06866537717601548
19 0.462998712998713 0.8104448742746615 0.02252252252252252 0.03868471953578337
14 0.21621621621621623 0.7809477756286267 0.03732303732303732 0.05125725338491296
19 0.7355212355212355 0.8525145067698259 0.021879021879021878 0.035783365570599614
19 0.7081724581724582 0.8491295938104448 0.025096525096525095 0.03481624758220503
19 0.7815315315315315 0.8660541586073501 0.021235521235521235 0.031914893617021274