14 0.2718954248366013 0.0412573673870334 0.10065359477124183 0.0825147347740668
14 0.6457516339869281 0.17485265225933203 0.47058823529411764 0.21611001964636542
19 0.30947712418300655 0.09724950884086445 0.025490196078431372 0.03929273084479371
19 0.2411764705882353 0.08300589390962672 0.026143790849673203 0.03831041257367387
19 0.3055555555555556 0.13212180746561886 0.025490196078431372 0.0343811394891945
4 0.3735294117647059 0.15962671905697445 0.05163398692810457 0.05009823182711198
13 0.8532679738562091 0.3138506876227898 0.038562091503267976 0.036345776031434185
21 0.8813725490196078 0.32269155206286837 0.011111111111111112 0.01669941060903733
19 0.23562091503267973 0.11738703339882121 0.02679738562091503 0.04027504911591356
14 0.2699346405228758 0.13163064833005894 0.06013071895424837 0.137524557956778
21 0.8758169934640523 0.33988212180746563 0.01045751633986928 0.021611001964636542
21 0.8699346405228758 0.3388998035363458 0.006535947712418301 0.015717092337917484
1 0.8124183006535948 0.3212180746561886 0.00522875816993464 0.009823182711198428
21 0.838562091503268 0.33153241650294696 0.006535947712418301 0.012770137524557957
21 0.8513071895424836 0.33595284872298625 0.00849673202614379 0.0137524557956778
3 0.8251633986928104 0.3320235756385069 0.01764705882352941 0.03143418467583497
19 0.30130718954248364 0.16650294695481335 0.02483660130718954 0.0343811394891945
17 0.8104575163398693 0.3344793713163065 0.00784313725490196 0.014734774066797643
19 0.23202614379084968 0.15029469548133595 0.027450980392156862 0.03929273084479371
21 0.8379084967320262 0.34921414538310414 0.006535947712418301 0.0068762278978389
21 0.8447712418300654 0.3526522593320236 0.0058823529411764705 0.011787819253438114
21 0.8718954248366013 0.3654223968565815 0.01699346405228758 0.03339882121807466
21 0.8562091503267973 0.3605108055009823 0.01045751633986928 0.025540275049115914
21 0.8513071895424836 0.3796660117878193 0.011111111111111112 0.008840864440078585
13 0.3411764705882353 0.21905697445972494 0.011764705882352941 0.0275049115913556
21 0.8588235294117647 0.38605108055009824 0.006535947712418301 0.0137524557956778
1 0.515359477124183 0.2784872298624754 0.01895424836601307 0.01669941060903733
21 0.85 0.3880157170923379 0.011111111111111112 0.009823182711198428
13 0.35751633986928105 0.23084479371316308 0.018300653594771243 0.01768172888015717
1 0.8006535947712419 0.3831041257367387 0.006535947712418301 0.007858546168958742
9 0.826797385620915 0.393909626719057 0.03790849673202614 0.07662082514734773
13 0.3558823529411765 0.2450884086444008 0.01764705882352941 0.01669941060903733
1 0.5241830065359477 0.29911591355599215 0.011764705882352941 0.026522593320235755
1 0.5013071895424837 0.2932220039292731 0.01045751633986928 0.02848722986247544
9 0.5124183006535947 0.2966601178781925 0.018300653594771243 0.0275049115913556
21 0.8640522875816994 0.4111001964636542 0.009150326797385621 0.010805500982318271
1 0.8437908496732026 0.4081532416502947 0.006535947712418301 0.012770137524557957
1 0.7934640522875817 0.3929273084479371 0.01568627450980392 0.0137524557956778
1 0.8545751633986928 0.4155206286836935 0.011111111111111112 0.025540275049115914
17 0.7290849673202614 0.3840864440078585 0.01895424836601307 0.029469548133595286
1 0.6326797385620915 0.3575638506876228 0.01699346405228758 0.043222003929273084
1 0.7934640522875817 0.41355599214145383 0.009150326797385621 0.023575638506876228
13 0.7382352941176471 0.4022593320235756 0.011111111111111112 0.02848722986247544
1 0.800326797385621 0.42387033398821217 0.011111111111111112 0.02455795677799607
1 0.584640522875817 0.3570726915520629 0.016339869281045753 0.026522593320235755
14 0.2415032679738562 0.25098231827111983 0.10784313725490197 0.15225933202357564
19 0.17647058823529413 0.23280943025540274 0.026143790849673203 0.03929273084479371
21 0.34477124183006536 0.28781925343811393 0.00980392156862745 0.0275049115913556
1 0.3803921568627451 0.3005893909626719 0.01045751633986928 0.0275049115913556
1 0.6924836601307189 0.4017681728880157 0.01764705882352941 0.015717092337917484
1 0.6418300653594772 0.38703339882121807 0.01045751633986928 0.025540275049115914
1 0.403921568627451 0.31286836935166995 0.018300653594771243 0.014734774066797643
1 0.6591503267973856 0.39538310412573674 0.00980392156862745 0.022593320235756387
1 0.7898692810457516 0.4400785854616896 0.00980392156862745 0.023575638506876228
21 0.6336601307189542 0.3919449901768173 0.0058823529411764705 0.011787819253438114
1 0.32908496732026143 0.29764243614931235 0.016339869281045753 0.015717092337917484
10 0.8062091503267974 0.449901768172888 0.02679738562091503 0.025540275049115914
21 0.6228758169934641 0.3924361493123772 0.00522875816993464 0.010805500982318271
1 0.6797385620915033 0.4179764243614931 0.01045751633986928 0.02455795677799607
1 0.6990196078431372 0.4263261296660118 0.01764705882352941 0.0275049115913556
21 0.6431372549019608 0.41355599214145383 0.009150326797385621 0.023575638506876228
1 0.4022875816993464 0.34577603143418467 0.01895424836601307 0.015717092337917484
21 0.6666666666666666 0.43909626719056977 0.01568627450980392 0.0137524557956778
21 0.6300653594771242 0.42829076620825146 0.01568627450980392 0.0137524557956778
21 0.6869281045751634 0.44646365422396855 0.01699346405228758 0.012770137524557957
1 0.7065359477124183 0.45235756385068765 0.018300653594771243 0.014734774066797643
1 0.3235294117647059 0.33104125736738704 0.018300653594771243 0.01768172888015717
1 0.40032679738562094 0.35854616895874264 0.01764705882352941 0.015717092337917484
21 0.6650326797385621 0.449901768172888 0.00849673202614379 0.007858546168958742
21 0.6741830065359478 0.4518664047151277 0.00849673202614379 0.007858546168958742
21 0.6833333333333333 0.45579567779960706 0.00849673202614379 0.007858546168958742
21 0.6549019607843137 0.44646365422396855 0.006535947712418301 0.0068762278978389
21 0.6212418300653595 0.4425343811394892 0.0058823529411764705 0.010805500982318271
21 0.6375816993464052 0.4489194499017682 0.016339869281045753 0.0137524557956778
21 0.6924836601307189 0.46660117878192536 0.0058823529411764705 0.011787819253438114
1 0.703921568627451 0.47053045186640474 0.01699346405228758 0.015717092337917484
9 0.5026143790849673 0.4066797642436149 0.13594771241830064 0.21021611001964635
1 0.4444444444444444 0.3929273084479371 0.011764705882352941 0.025540275049115914
21 0.6493464052287582 0.46168958742632615 0.00849673202614379 0.007858546168958742
21 0.6620915032679738 0.4656188605108055 0.00784313725490196 0.007858546168958742
19 0.27679738562091505 0.3443025540275049 0.02679738562091503 0.03831041257367387
21 0.6833333333333333 0.481335952848723 0.0058823529411764705 0.011787819253438114
19 0.2065359477124183 0.3295677799607073 0.026143790849673203 0.036345776031434185
1 0.3205882352941177 0.3659135559921415 0.01764705882352941 0.014734774066797643
21 0.6715686274509803 0.47838899803536344 0.0058823529411764705 0.011787819253438114
21 0.677124183006536 0.48035363457760316 0.00522875816993464 0.011787819253438114
21 0.6594771241830065 0.47445972495088407 0.00784313725490196 0.007858546168958742
21 0.6888888888888889 0.48870333988212183 0.00522875816993464 0.010805500982318271
21 0.6310457516339869 0.474950884086444 0.01764705882352941 0.014734774066797643
1 0.7049019607843138 0.49852652259332025 0.01764705882352941 0.01669941060903733
21 0.6467320261437909 0.48035363457760316 0.00849673202614379 0.023575638506876228
1 0.39477124183006534 0.40029469548133595 0.018300653594771243 0.01669941060903733
21 0.665359477124183 0.49410609037328096 0.01568627450980392 0.0137524557956778
21 0.6522875816993464 0.4906679764243615 0.00522875816993464 0.010805500982318271
21 0.6869281045751634 0.5019646365422397 0.00784313725490196 0.007858546168958742
21 0.6166666666666667 0.47888015717092336 0.004575163398692811 0.010805500982318271
21 0.6676470588235294 0.5049115913555993 0.00718954248366013 0.007858546168958742
21 0.6862745098039216 0.5108055009823183 0.00784313725490196 0.007858546168958742
19 0.27091503267973854 0.3781925343811395 0.025490196078431372 0.03732809430255403
21 0.7081699346405229 0.5176817288801572 0.016339869281045753 0.0137524557956778
1 0.39477124183006534 0.41895874263261296 0.01045751633986928 0.026522593320235755
1 0.38758169934640524 0.4174852652259332 0.01045751633986928 0.025540275049115914
1 0.31928104575163396 0.39783889980353637 0.00980392156862745 0.025540275049115914
1 0.36437908496732024 0.41355599214145383 0.01241830065359477 0.0275049115913556
1 0.3287581699346405 0.4022593320235756 0.01045751633986928 0.026522593320235755
19 0.2022875816993464 0.36296660117878193 0.02679738562091503 0.04027504911591356
1 0.35130718954248363 0.4106090373280943 0.00980392156862745 0.0275049115913556
1 0.37712418300653594 0.41846758349705304 0.011764705882352941 0.0275049115913556
21 0.6326797385620915 0.5024557956777996 0.00784313725490196 0.012770137524557957
21 0.6666666666666666 0.5142436149312377 0.00784313725490196 0.0068762278978389
21 0.6849673202614379 0.5196463654223968 0.006535947712418301 0.007858546168958742
21 0.6120915032679739 0.49803536345776034 0.00849673202614379 0.011787819253438114
14 0.2369281045751634 0.3791748526522593 0.060784313725490195 0.137524557956778
1 0.5627450980392157 0.4867387033398821 0.011764705882352941 0.026522593320235755
21 0.6477124183006536 0.5171905697445972 0.01699346405228758 0.014734774066797643
21 0.6650326797385621 0.5235756385068763 0.016339869281045753 0.0137524557956778
21 0.6833333333333333 0.5294695481335953 0.016339869281045753 0.0137524557956778
9 0.8294117647058824 0.5869351669941061 0.13856209150326798 0.20923379174852652
19 0.2669934640522876 0.412573673870334 0.02679738562091503 0.03929273084479371
17 0.7104575163398693 0.5550098231827112 0.018300653594771243 0.015717092337917484
21 0.6111111111111112 0.5245579567779961 0.01568627450980392 0.0137524557956778
21 0.6800653594771242 0.5466601178781926 0.00980392156862745 0.02455795677799607
21 0.6562091503267974 0.5407662082514735 0.009150326797385621 0.02455795677799607
19 0.19836601307189541 0.3973477406679764 0.02679738562091503 0.04027504911591356
19 0.3519607843137255 0.44793713163064836 0.024183006535947713 0.03536345776031434
21 0.692156862745098 0.5589390962671905 0.01568627450980392 0.0137524557956778
1 0.31862745098039214 0.4405697445972495 0.015032679738562092 0.04027504911591356
1 0.3045751633986928 0.43664047151277013 0.01699346405228758 0.04027504911591356
13 0.45849673202614377 0.4862475442043222 0.01764705882352941 0.01768172888015717
17 0.49052287581699344 0.49754420432220037 0.01764705882352941 0.01669941060903733
21 0.6431372549019608 0.5491159135559921 0.009150326797385621 0.023575638506876228
1 0.6186274509803922 0.5446954813359528 0.00980392156862745 0.02455795677799607
21 0.6859477124183007 0.5766208251473477 0.016339869281045753 0.0137524557956778
21 0.7032679738562092 0.581532416502947 0.01568627450980392 0.0137524557956778
21 0.6696078431372549 0.5790766208251473 0.00980392156862745 0.026522593320235755
8 0.6431372549019608 0.5722003929273084 0.018300653594771243 0.014734774066797643
21 0.6866013071895425 0.5898821218074656 0.016339869281045753 0.014734774066797643
17 0.5830065359477125 0.5609037328094303 0.018300653594771243 0.01768172888015717
1 0.5411764705882353 0.5486247544204322 0.027450980392156862 0.026522593320235755
1 0.4892156862745098 0.5383104125736738 0.011111111111111112 0.025540275049115914
21 0.5098039215686274 0.5446954813359528 0.03529411764705882 0.04223968565815324
19 0.7088235294117647 0.6110019646365422 0.02287581699346405 0.03732809430255403
8 0.6895424836601307 0.6046168958742633 0.01699346405228758 0.014734774066797643
1 0.581045751633987 0.574656188605108 0.018300653594771243 0.015717092337917484
1 0.6676470588235294 0.6110019646365422 0.00980392156862745 0.023575638506876228
3 0.6454248366013072 0.6105108055009824 0.034640522875816995 0.04223968565815324
1 0.5065359477124183 0.5682711198428291 0.018300653594771243 0.014734774066797643
1 0.6222222222222222 0.6070726915520629 0.01045751633986928 0.025540275049115914
8 0.6790849673202615 0.6267190569744597 0.01045751633986928 0.023575638506876228
19 0.5369281045751634 0.5830058939096268 0.02679738562091503 0.04027504911591356
1 0.8277777777777777 0.6905697445972495 0.02679738562091503 0.023575638506876228
19 0.4212418300653595 0.5599214145383105 0.025490196078431372 0.03929273084479371
14 0.20816993464052289 0.4955795677799607 0.10392156862745099 0.13850687622789784
19 0.37058823529411766 0.5510805500982319 0.026143790849673203 0.0412573673870334
17 0.6388888888888888 0.6399803536345776 0.01764705882352941 0.01669941060903733
19 0.7542483660130719 0.6886051080550099 0.02483660130718954 0.03732809430255403
17 0.7872549019607843 0.699901768172888 0.00980392156862745 0.026522593320235755
17 0.7686274509803922 0.6954813359528488 0.01045751633986928 0.0275049115913556
1 0.7784313725490196 0.6984282907662083 0.01045751633986928 0.025540275049115914
19 0.8088235294117647 0.712180746561886 0.025490196078431372 0.0412573673870334
13 0.6366013071895424 0.6620825147347741 0.02875816993464052 0.03143418467583497
13 0.615359477124183 0.656188605108055 0.00980392156862745 0.0275049115913556
19 0.8382352941176471 0.7293713163064833 0.02679738562091503 0.03831041257367387
19 0.3937908496732026 0.587426326129666 0.024183006535947713 0.03732809430255403
20 0.8584967320261437 0.7411591355599214 0.021568627450980392 0.03831041257367387
19 0.6784313725490196 0.6861493123772102 0.02483660130718954 0.03831041257367387
1 0.7967320261437908 0.7347740667976425 0.018300653594771243 0.01768172888015717
19 0.7584967320261438 0.7328094302554028 0.024183006535947713 0.03732809430255403
19 0.6212418300653595 0.6900785854616895 0.025490196078431372 0.03831041257367387
17 0.7954248366013071 0.7480353634577603 0.018300653594771243 0.01669941060903733
19 0.1218954248366013 0.5343811394891945 0.021568627450980392 0.03143418467583497
14 0.14215686274509803 0.5412573673870335 0.028104575163398694 0.07269155206286837
19 0.4199346405228758 0.6321218074656189 0.025490196078431372 0.04223968565815324
17 0.8483660130718954 0.7770137524557956 0.01045751633986928 0.023575638506876228
17 0.8591503267973856 0.7814341846758349 0.011111111111111112 0.022593320235756387
19 0.27875816993464053 0.6006876227897839 0.024183006535947713 0.03831041257367387
20 0.8218954248366013 0.7858546168958742 0.021568627450980392 0.0412573673870334
1 0.8016339869281046 0.7804518664047151 0.011111111111111112 0.026522593320235755
20 0.7581699346405228 0.7745579567779961 0.02875816993464052 0.0343811394891945
19 0.7843137254901961 0.7843811394891945 0.027450980392156862 0.04223968565815324
20 0.7274509803921568 0.7779960707269156 0.03398692810457516 0.060903732809430254
17 0.688562091503268 0.7662082514734774 0.00980392156862745 0.023575638506876228
17 0.7065359477124183 0.7721021611001965 0.01045751633986928 0.025540275049115914
17 0.6970588235294117 0.7706286836935167 0.00980392156862745 0.02455795677799607
19 0.27320261437908494 0.6350687622789783 0.02483660130718954 0.036345776031434185
1 0.6787581699346406 0.7647347740667977 0.00849673202614379 0.02455795677799607
14 0.3790849673202614 0.6694499017681729 0.08888888888888889 0.07170923379174853
19 0.20816993464052289 0.6286836935166994 0.025490196078431372 0.03732809430255403
14 0.2372549019607843 0.6483300589390962 0.06274509803921569 0.16895874263261296
19 0.2696078431372549 0.668467583497053 0.025490196078431372 0.03831041257367387
20 0.7584967320261438 0.8285854616895875 0.038562091503267976 0.06385068762278978
19 0.6039215686274509 0.7829076620825147 0.027450980392156862 0.03732809430255403
19 0.20359477124183006 0.6615913555992141 0.02679738562091503 0.04027504911591356
19 0.39673202614379083 0.7288801571709234 0.027450980392156862 0.0412573673870334
17 0.6941176470588235 0.8241650294695482 0.01045751633986928 0.025540275049115914
9 0.7248366013071895 0.8359528487229863 0.03529411764705882 0.043222003929273084
19 0.5303921568627451 0.7833988212180747 0.02679738562091503 0.03831041257367387
14 0.4970588235294118 0.7804518664047151 0.041176470588235294 0.13850687622789784
19 0.7901960784313725 0.8791748526522594 0.023529411764705882 0.03536345776031434
14 0.6284313725490196 0.8285854616895875 0.03986928104575163 0.13261296660117877
19 0.19934640522875818 0.6949901768172888 0.02875816993464052 0.03831041257367387
19 0.6826797385620915 0.8560903732809431 0.025490196078431372 0.036345776031434185
19 0.43366013071895426 0.7784872298624754 0.02679738562091503 0.03831041257367387
17 0.7075163398692811 0.8683693516699411 0.00980392156862745 0.023575638506876228
17 0.7173202614379085 0.8722986247544204 0.00980392156862745 0.025540275049115914
19 0.10163398692810457 0.6777996070726916 0.02287581699346405 0.03339882121807466
14 0.1264705882352941 0.6890962671905697 0.02679738562091503 0.06974459724950884
13 0.5594771241830065 0.8325147347740668 0.10718954248366012 0.09135559921414538
19 0.7584967320261438 0.8968565815324165 0.024183006535947713 0.03929273084479371
14 0.3611111111111111 0.7824165029469549 0.0869281045751634 0.06385068762278978
14 0.7741830065359477 0.9214145383104125 0.025490196078431372 0.07465618860510806
14 0.726797385620915 0.906679764243615 0.02483660130718954 0.07072691552062868
19 0.4284313725490196 0.81286836935167 0.025490196078431372 0.04223968565815324
14 0.1826797385620915 0.7387033398821218 0.041176470588235294 0.05697445972495088
19 0.7003267973856209 0.906679764243615 0.024183006535947713 0.03929273084479371
19 0.6725490196078432 0.8978388998035364 0.027450980392156862 0.03929273084479371
19 0.7454248366013072 0.9292730844793713 0.024183006535947713 0.03536345776031434