14 0.2315043156596794 0.13935185185185187 0.08939580764488286 0.05092592592592592
14 0.594019728729963 0.1527777777777778 0.4445129469790382 0.06666666666666667
19 0.27342786683107273 0.17962962962962964 0.020345252774352653 0.03148148148148148
19 0.20838471023427868 0.1865740740740741 0.02096177558569667 0.030555555555555555
19 0.27435265104808876 0.21342592592592594 0.02096177558569667 0.026851851851851852
4 0.3406288532675709 0.21898148148148147 0.04500616522811344 0.03425925925925926
13 0.8030209617755857 0.21944444444444444 0.03390875462392109 0.024074074074074074
21 0.8304562268803946 0.21944444444444444 0.008631319358816275 0.012962962962962963
19 0.20807644882860665 0.22037037037037038 0.02157829839704069 0.03148148148148148
14 0.24136868064118372 0.22361111111111112 0.04130702836004932 0.11944444444444445
21 0.8273736128236745 0.23703703703703705 0.007398273736128237 0.018518518518518517
21 0.8221331689272503 0.2375 0.004315659679408138 0.013888888888888888
2 0.7663378545006165 0.23842592592592593 0.0036991368680641184 0.008333333333333333
21 0.7922318125770653 0.23981481481481481 0.004932182490752158 0.011111111111111112
21 0.8042540073982737 0.24074074074074073 0.006781750924784217 0.011111111111111112
3 0.779901356350185 0.24444444444444444 0.013563501849568433 0.025925925925925925
19 0.2746609124537608 0.24583333333333332 0.020345252774352653 0.026851851851851852
16 0.7666461159062885 0.2513888888888889 0.005548705302096177 0.012037037037037037
19 0.20900123304562268 0.2513888888888889 0.02219482120838471 0.030555555555555555
21 0.7937731196054254 0.2569444444444444 0.005548705302096177 0.004629629629629629
21 0.8005548705302096 0.25787037037037036 0.004315659679408138 0.010185185185185186
21 0.8273736128236745 0.26157407407407407 0.012330456226880395 0.028703703703703703
21 0.812268803945746 0.262037037037037 0.006781750924784217 0.022222222222222223
21 0.8101109741060419 0.28055555555555556 0.009864364981504316 0.005555555555555556
13 0.3184340320591862 0.2833333333333333 0.008014796547472256 0.024074074074074074
21 0.8178175092478421 0.2847222222222222 0.004315659679408138 0.012037037037037037
2 0.4867447595561036 0.2861111111111111 0.016646115906288533 0.011111111111111112
21 0.8101109741060419 0.2884259259259259 0.009864364981504316 0.006481481481481481
13 0.3353884093711467 0.28935185185185186 0.016029593094944512 0.012037037037037037
2 0.7635635018495684 0.29907407407407405 0.005548705302096177 0.005555555555555556
9 0.7891491985203453 0.30092592592592593 0.027127003699136867 0.06481481481481481
13 0.33569667077681875 0.30277777777777776 0.015413070283600493 0.011111111111111112
2 0.4978421701602959 0.30324074074074076 0.008014796547472256 0.023148148148148147
2 0.4759556103575832 0.3037037037037037 0.006165228113440197 0.025925925925925925
9 0.48643649815043155 0.3037037037037037 0.014796547472256474 0.022222222222222223
21 0.8258323057953144 0.30648148148148147 0.008014796547472256 0.007407407407407408
2 0.8070283600493219 0.30925925925925923 0.004932182490752158 0.011111111111111112
2 0.7583230579531443 0.3101851851851852 0.013563501849568433 0.009259259259259259
2 0.8175092478421702 0.31296296296296294 0.007398273736128237 0.022222222222222223
16 0.6979038224414303 0.3212962962962963 0.014796547472256474 0.024074074074074074
2 0.6054254007398274 0.324537037037037 0.011097410604192354 0.03796296296296296
2 0.7610974106041923 0.32916666666666666 0.005548705302096177 0.021296296296296296
13 0.7090012330456227 0.3347222222222222 0.007398273736128237 0.025
2 0.7688039457459926 0.3365740740740741 0.007398273736128237 0.021296296296296296
2 0.5613440197287299 0.3384259259259259 0.012946979038224414 0.021296296296296296
14 0.23088779284833538 0.3416666666666667 0.08692971639950678 0.11851851851851852
19 0.1683107274969174 0.34444444444444444 0.02096177558569667 0.03148148148148148
21 0.33045622688039455 0.3453703703703704 0.006165228113440197 0.024074074074074074
2 0.3652897657213317 0.34629629629629627 0.006781750924784217 0.024074074074074074
2 0.6661528976572133 0.3476851851851852 0.015413070283600493 0.010185185185185186
2 0.6174475955610358 0.3490740740740741 0.006781750924784217 0.022222222222222223
2 0.38871763255240444 0.3509259259259259 0.016646115906288533 0.009259259259259259
2 0.6347102342786684 0.3523148148148148 0.006781750924784217 0.019444444444444445
2 0.7610974106041923 0.35462962962962963 0.006781750924784217 0.020370370370370372
21 0.6106658446362515 0.3560185185185185 0.004315659679408138 0.010185185185185186
2 0.3178175092478422 0.3587962962962963 0.014180024660912454 0.010185185185185186
10 0.7774352651048089 0.3592592592592593 0.02342786683107275 0.016666666666666666
21 0.6011097410604193 0.36018518518518516 0.0036991368680641184 0.009259259259259259
2 0.656905055487053 0.3662037037037037 0.006781750924784217 0.021296296296296296
2 0.6754007398273736 0.3685185185185185 0.014180024660912454 0.022222222222222223
21 0.6226880394574599 0.3731481481481482 0.006165228113440197 0.020370370370370372
2 0.3911837237977805 0.3819444444444444 0.016646115906288533 0.010185185185185186
21 0.6476572133168927 0.3902777777777778 0.014180024660912454 0.008333333333333333
21 0.6125154130702836 0.3902777777777778 0.014180024660912454 0.008333333333333333
21 0.6673859432799013 0.3907407407407407 0.015413070283600493 0.007407407407407408
2 0.686189889025894 0.3907407407407407 0.016029593094944512 0.009259259259259259
2 0.31689272503082616 0.3912037037037037 0.016029593094944512 0.012037037037037037
2 0.3911837237977805 0.3939814814814815 0.015413070283600493 0.010185185185185186
21 0.6473489519112207 0.4 0.007398273736128237 0.005555555555555556
21 0.655980271270037 0.4 0.007398273736128237 0.005555555555555556
21 0.6652281134401973 0.4 0.007398273736128237 0.005555555555555556
21 0.6377928483353884 0.40046296296296297 0.005548705302096177 0.004629629629629629
21 0.6057336621454994 0.4064814814814815 0.004315659679408138 0.009259259259259259
21 0.6220715166461159 0.4078703703703704 0.014796547472256474 0.008333333333333333
21 0.6747842170160296 0.4078703703703704 0.004315659679408138 0.010185185185185186
2 0.686189889025894 0.4078703703703704 0.014796547472256474 0.010185185185185186
9 0.4919852034525277 0.4083333333333333 0.10727496917385944 0.1685185185185185
2 0.43618988902589395 0.412962962962963 0.008014796547472256 0.022222222222222223
21 0.6344019728729963 0.41574074074074074 0.007398273736128237 0.005555555555555556
21 0.6464241676942046 0.41574074074074074 0.006781750924784217 0.005555555555555556
19 0.2752774352651048 0.41759259259259257 0.02157829839704069 0.02962962962962963
21 0.6686189889025894 0.4236111111111111 0.004315659679408138 0.010185185185185186
19 0.20869297163995068 0.42407407407407405 0.02157829839704069 0.027777777777777776
2 0.3184340320591862 0.42407407407407405 0.015413070283600493 0.009259259259259259
21 0.656905055487053 0.42453703703703705 0.004315659679408138 0.010185185185185186
21 0.6627620221948212 0.42453703703703705 0.0036991368680641184 0.010185185185185186
21 0.6458076448828607 0.425 0.006781750924784217 0.005555555555555556
21 0.6744759556103576 0.4287037037037037 0.0036991368680641184 0.009259259259259259
21 0.6192971639950678 0.43333333333333335 0.015413070283600493 0.009259259259259259
2 0.69019728729963 0.43333333333333335 0.015413070283600493 0.011111111111111112
21 0.6344019728729963 0.4337962962962963 0.004932182490752158 0.021296296296296296
2 0.3914919852034525 0.43425925925925923 0.016029593094944512 0.011111111111111112
21 0.6532059186189889 0.4412037037037037 0.014180024660912454 0.008333333333333333
21 0.6411837237977805 0.44166666666666665 0.0036991368680641184 0.009259259259259259
21 0.6741676942046856 0.44166666666666665 0.006781750924784217 0.005555555555555556
21 0.6063501849568435 0.44166666666666665 0.0030826140567200987 0.009259259259259259
21 0.657213316892725 0.45 0.006165228113440197 0.005555555555555556
21 0.6747842170160296 0.45 0.006781750924784217 0.005555555555555556
19 0.2746609124537608 0.45 0.020345252774352653 0.02962962962962963
21 0.6960542540073983 0.45046296296296295 0.014796547472256474 0.008333333333333333
2 0.3942663378545006 0.4513888888888889 0.006781750924784217 0.023148148148148147
2 0.3868680641183724 0.45185185185185184 0.006781750924784217 0.022222222222222223
2 0.3218249075215783 0.4537037037037037 0.006165228113440197 0.022222222222222223
2 0.3649815043156597 0.45555555555555555 0.008631319358816275 0.024074074074074074
2 0.3307644882860666 0.45601851851851855 0.006781750924784217 0.023148148148148147
19 0.2093094944512947 0.4564814814814815 0.02157829839704069 0.03148148148148148
2 0.3526510480887793 0.4564814814814815 0.006165228113440197 0.024074074074074074
2 0.3776202219482121 0.4564814814814815 0.008014796547472256 0.024074074074074074
21 0.6245376078914919 0.4587962962962963 0.006165228113440197 0.010185185185185186
21 0.6575215782983971 0.4587962962962963 0.006781750924784217 0.004629629629629629
21 0.6747842170160296 0.45925925925925926 0.005548705302096177 0.005555555555555556
21 0.6051171393341553 0.4601851851851852 0.006781750924784217 0.009259259259259259
14 0.24290998766954378 0.4615740740740741 0.04192355117139334 0.11944444444444445
2 0.5576448828606658 0.46435185185185185 0.008014796547472256 0.023148148148148147
21 0.6399506781750924 0.4675925925925926 0.014796547472256474 0.009259259259259259
21 0.657213316892725 0.46805555555555556 0.014796547472256474 0.008333333333333333
21 0.6744759556103576 0.46805555555555556 0.014796547472256474 0.008333333333333333
9 0.8168927250308261 0.4787037037037037 0.10974106041923551 0.16666666666666666
19 0.2752774352651048 0.4828703703703704 0.02157829839704069 0.030555555555555555
16 0.7028360049321825 0.4837962962962963 0.016029593094944512 0.010185185185185186
21 0.6075832305795315 0.4847222222222222 0.014180024660912454 0.008333333333333333
21 0.6738594327990136 0.48564814814814816 0.006165228113440197 0.021296296296296296
21 0.6513563501849569 0.48703703703703705 0.005548705302096177 0.022222222222222223
19 0.21023427866831074 0.48935185185185187 0.02096177558569667 0.032407407407407406
19 0.3585080147965475 0.49074074074074076 0.01911220715166461 0.027777777777777776
21 0.6864981504315659 0.4930555555555556 0.014180024660912454 0.008333333333333333
2 0.32644882860665847 0.49398148148148147 0.009247842170160296 0.03611111111111111
2 0.31319358816276205 0.49444444444444446 0.011097410604192354 0.03518518518518519
13 0.4614673242909988 0.4949074074074074 0.015413070283600493 0.012037037037037037
16 0.49229346485819975 0.49537037037037035 0.015413070283600493 0.011111111111111112
21 0.6402589395807645 0.4986111111111111 0.005548705302096177 0.021296296296296296
2 0.6171393341553637 0.5013888888888889 0.006165228113440197 0.021296296296296296
21 0.6831072749691739 0.5106481481481482 0.014796547472256474 0.008333333333333333
21 0.7000616522811344 0.5106481481481482 0.014180024660912454 0.008333333333333333
21 0.6683107274969173 0.5180555555555556 0.006165228113440197 0.023148148148148147
8 0.6430332922318126 0.5194444444444445 0.016029593094944512 0.009259259259259259
21 0.685881627620222 0.5231481481481481 0.014180024660912454 0.009259259259259259
16 0.5863131935881628 0.5273148148148148 0.016029593094944512 0.012037037037037037
2 0.5459309494451294 0.5282407407407408 0.02404438964241677 0.017592592592592594
2 0.4969173859432799 0.5333333333333333 0.007398273736128237 0.022222222222222223
21 0.5166461159062885 0.5333333333333333 0.029593094944512947 0.03148148148148148
19 0.7086929716399507 0.5356481481481481 0.017879161528976572 0.030555555555555555
8 0.6905055487053021 0.5361111111111111 0.014796547472256474 0.009259259259259259
2 0.5863131935881628 0.5402777777777777 0.016029593094944512 0.010185185185185186
2 0.6710850801479655 0.5481481481481482 0.006781750924784217 0.020370370370370372
3 0.6501233045622689 0.5546296296296296 0.028976572133168926 0.03148148148148148
2 0.5169543773119606 0.5564814814814815 0.016646115906288533 0.009259259259259259
2 0.6285450061652281 0.5574074074074075 0.006781750924784217 0.022222222222222223
8 0.6837237977805178 0.5592592592592592 0.007398273736128237 0.020370370370370372
19 0.5465474722564735 0.5611111111111111 0.02157829839704069 0.03148148148148148
2 0.8289149198520345 0.5740740740740741 0.02404438964241677 0.014814814814814815
19 0.43680641183723795 0.5740740740740741 0.020345252774352653 0.03148148148148148
14 0.2318125770653514 0.5773148148148148 0.08508014796547472 0.10648148148148148
19 0.38871763255240444 0.5805555555555556 0.020345252774352653 0.03333333333333333
16 0.6482737361282368 0.5833333333333334 0.015413070283600493 0.011111111111111112
19 0.7607891491985204 0.5944444444444444 0.01972872996300863 0.02962962962962963
16 0.7928483353884094 0.5949074074074074 0.006165228113440197 0.023148148148148147
16 0.7752774352651048 0.5962962962962963 0.006781750924784217 0.024074074074074074
2 0.7845252774352651 0.5962962962962963 0.006781750924784217 0.022222222222222223
19 0.8144266337854501 0.6 0.01972872996300863 0.03333333333333333
13 0.6491985203452528 0.6046296296296296 0.02466091245376079 0.022222222222222223
13 0.6282367447595562 0.6055555555555555 0.006165228113440197 0.024074074074074074
19 0.843711467324291 0.6074074074074074 0.02157829839704069 0.02962962962962963
19 0.4152281134401973 0.6074074074074074 0.01911220715166461 0.02962962962962963
20 0.8640567200986436 0.612037037037037 0.016646115906288533 0.03148148148148148
19 0.6905055487053021 0.6143518518518518 0.01972872996300863 0.030555555555555555
2 0.8064118372379778 0.624537037037037 0.016029593094944512 0.012037037037037037
19 0.7703452527743526 0.6333333333333333 0.01911220715166461 0.02962962962962963
19 0.6384093711467325 0.6347222222222222 0.020345252774352653 0.030555555555555555
16 0.8064118372379778 0.6370370370370371 0.016029593094944512 0.011111111111111112
19 0.15721331689272502 0.638425925925926 0.01726263871763255 0.025
14 0.17663378545006164 0.6388888888888888 0.017879161528976572 0.06481481481481481
19 0.44512946979038226 0.6402777777777777 0.01972872996300863 0.03425925925925926
16 0.8594327990135635 0.6481481481481481 0.007398273736128237 0.020370370370370372
16 0.8696054254007398 0.6486111111111111 0.008014796547472256 0.019444444444444445
19 0.3104192355117139 0.6532407407407408 0.01911220715166461 0.030555555555555555
20 0.8360049321824907 0.6643518518518519 0.016029593094944512 0.03425925925925926
2 0.8168927250308261 0.6652777777777777 0.007398273736128237 0.023148148148148147
20 0.7758939580764488 0.6726851851851852 0.02404438964241677 0.025
19 0.8011713933415536 0.6736111111111112 0.02157829839704069 0.03425925925925926
20 0.7475339087546239 0.6847222222222222 0.02527743526510481 0.05092592592592592
16 0.7105425400739828 0.6851851851851852 0.006781750924784217 0.020370370370370372
16 0.7278051787916153 0.6851851851851852 0.006781750924784217 0.022222222222222223
16 0.718865598027127 0.6865740740740741 0.006165228113440197 0.021296296296296296
19 0.31011097410604194 0.6865740740740741 0.01972872996300863 0.028703703703703703
2 0.7009864364981504 0.687037037037037 0.004932182490752158 0.022222222222222223
14 0.41214549938347717 0.6875 0.07953144266337854 0.04351851851851852
19 0.24938347718865597 0.7 0.020345252774352653 0.02962962962962963
14 0.2786683107274969 0.7092592592592593 0.03945745992601726 0.15
19 0.31103575832305796 0.7180555555555556 0.020345252774352653 0.030555555555555555
20 0.782983970406905 0.7222222222222222 0.029593094944512947 0.05185185185185185
19 0.6344019728729963 0.725462962962963 0.02219482120838471 0.028703703703703703
19 0.24907521578298397 0.7319444444444444 0.02096177558569667 0.032407407407407406
19 0.436498150431566 0.736574074074074 0.02219482120838471 0.032407407407407406
16 0.7228729963008631 0.737037037037037 0.006781750924784217 0.022222222222222223
9 0.7527743526510481 0.7384259259259259 0.029593094944512947 0.032407407407407406
19 0.5668927250308261 0.7472222222222222 0.02157829839704069 0.02962962962962963
14 0.5354500616522812 0.7550925925925925 0.02157829839704069 0.12685185185185185
19 0.8187422934648582 0.7592592592592593 0.018495684340320593 0.027777777777777776
14 0.6630702836004932 0.7606481481481482 0.02157829839704069 0.12129629629629629
19 0.249691738594328 0.7638888888888888 0.02342786683107275 0.02962962962962963
19 0.716707768187423 0.7699074074074074 0.020345252774352653 0.028703703703703703
19 0.47688039457459924 0.7712962962962963 0.02157829839704069 0.02962962962962963
16 0.7413686806411838 0.774074074074074 0.006781750924784217 0.020370370370370372
16 0.750924784217016 0.774074074074074 0.006165228113440197 0.022222222222222223
19 0.15721331689272502 0.7768518518518519 0.018495684340320593 0.025925925925925925
14 0.1818742293464858 0.7791666666666667 0.01726263871763255 0.062037037037037036
13 0.5998766954377311 0.7842592592592592 0.09494451294697903 0.05740740740740741
19 0.7919235511713933 0.7851851851851852 0.01911220715166461 0.03148148148148148
14 0.41060419235511714 0.7967592592592593 0.07891491985203453 0.03611111111111111
14 0.80980271270037 0.8027777777777778 0.015413070283600493 0.06666666666666667
14 0.7638717632552404 0.8032407407407407 0.014796547472256474 0.06388888888888888
19 0.47657213316892727 0.8050925925925926 0.01972872996300863 0.03425925925925926
14 0.23982737361282366 0.8083333333333333 0.03329223181257707 0.044444444444444446
19 0.7395191122071517 0.8111111111111111 0.01911220715166461 0.03148148148148148
19 0.7127003699136868 0.8115740740740741 0.02219482120838471 0.030555555555555555
19 0.7839087546239211 0.8185185185185185 0.01911220715166461 0.027777777777777776