14 0.18765984654731457 0.22788461538461538 0.09782608695652174 0.07884615384615384
14 0.5585038363171355 0.13365384615384615 0.460997442455243 0.2
19 0.23561381074168797 0.25576923076923075 0.024936061381074168 0.038461538461538464
19 0.1707161125319693 0.28221153846153846 0.02557544757033248 0.0375
19 0.2413682864450128 0.29086538461538464 0.024936061381074168 0.03365384615384615
4 0.30914322250639387 0.2759615384615385 0.05051150895140665 0.04807692307692308
13 0.7803708439897699 0.13942307692307693 0.037723785166240406 0.03461538461538462
21 0.8081841432225064 0.13076923076923078 0.010230179028132993 0.015384615384615385
19 0.17487212276214834 0.3173076923076923 0.026214833759590793 0.038461538461538464
14 0.20907928388746802 0.3110576923076923 0.05754475703324808 0.13365384615384615
21 0.8075447570332481 0.15 0.010230179028132993 0.021153846153846155
21 0.8017902813299232 0.1519230769230769 0.00639386189258312 0.015384615384615385
1 0.7455242966751918 0.16923076923076924 0.005115089514066497 0.009615384615384616
21 0.7717391304347826 0.16298076923076923 0.00639386189258312 0.0125
21 0.7842071611253197 0.1605769230769231 0.008312020460358057 0.013461538461538462
3 0.7599104859335039 0.17115384615384616 0.017263427109974423 0.03076923076923077
19 0.24552429667519182 0.3235576923076923 0.024296675191815855 0.03365384615384615
17 0.7471227621483376 0.18269230769230768 0.007033248081841432 0.013461538461538462
19 0.1796675191815857 0.3485576923076923 0.026854219948849106 0.0375
21 0.7755754475703325 0.18028846153846154 0.00639386189258312 0.006730769230769231
21 0.782928388746803 0.17884615384615385 0.005754475703324808 0.011538461538461539
21 0.8107416879795396 0.175 0.016624040920716114 0.032692307692307694
21 0.795076726342711 0.1798076923076923 0.00959079283887468 0.025
21 0.7957161125319693 0.19951923076923078 0.010869565217391304 0.008653846153846154
13 0.29539641943734013 0.3490384615384615 0.011508951406649617 0.026923076923076925
21 0.8040281329923273 0.20096153846153847 0.005754475703324808 0.013461538461538462
1 0.4670716112531969 0.3014423076923077 0.01854219948849105 0.016346153846153847
21 0.7963554987212276 0.2076923076923077 0.010869565217391304 0.009615384615384616
13 0.3132992327365729 0.35 0.017902813299232736 0.01730769230769231
1 0.7506393861892583 0.23173076923076924 0.00639386189258312 0.007692307692307693
9 0.77653452685422 0.2264423076923077 0.03644501278772379 0.07403846153846154
13 0.315537084398977 0.3629807692307692 0.017263427109974423 0.016346153846153847
1 0.48081841432225064 0.3158653846153846 0.011508951406649617 0.025961538461538463
1 0.45812020460358055 0.32259615384615387 0.00959079283887468 0.027884615384615386
9 0.4686700767263427 0.3192307692307692 0.017902813299232736 0.026923076923076925
21 0.8145780051150895 0.22115384615384615 0.008951406649616368 0.009615384615384616
1 0.7960358056265985 0.22932692307692307 0.00639386189258312 0.0125
1 0.7468030690537084 0.24519230769230768 0.015345268542199489 0.013461538461538462
1 0.8069053708439897 0.2298076923076923 0.010230179028132993 0.025
17 0.6863810741687979 0.27403846153846156 0.01854219948849105 0.028846153846153848
1 0.5930306905370843 0.30480769230769234 0.0159846547314578 0.04230769230769231
1 0.7522378516624041 0.26346153846153847 0.008312020460358057 0.023076923076923078
13 0.6998081841432225 0.28509615384615383 0.010869565217391304 0.027884615384615386
1 0.7608695652173914 0.26875 0.010230179028132993 0.02403846153846154
1 0.5495524296675192 0.33221153846153845 0.0159846547314578 0.025961538461538463
14 0.21387468030690537 0.4341346153846154 0.10421994884910486 0.14711538461538462
19 0.15025575447570333 0.45576923076923076 0.02557544757033248 0.038461538461538464
21 0.315537084398977 0.4081730769230769 0.00959079283887468 0.025961538461538463
1 0.3510230179028133 0.39903846153846156 0.010230179028132993 0.026923076923076925
1 0.657608695652174 0.3105769230769231 0.017263427109974423 0.015384615384615385
1 0.6083759590792839 0.3269230769230769 0.00959079283887468 0.025
1 0.37595907928388744 0.39663461538461536 0.017902813299232736 0.014423076923076924
1 0.6262787723785166 0.3245192307692308 0.00959079283887468 0.022115384615384617
1 0.7554347826086957 0.28942307692307695 0.00959079283887468 0.023076923076923078
21 0.6026214833759591 0.33557692307692305 0.005754475703324808 0.011538461538461539
1 0.3046675191815857 0.4254807692307692 0.0159846547314578 0.014423076923076924
10 0.7726982097186701 0.28894230769230766 0.026214833759590793 0.02403846153846154
21 0.5933503836317136 0.34278846153846154 0.005115089514066497 0.010576923076923078
1 0.6505754475703325 0.33221153846153845 0.00959079283887468 0.02403846153846154
1 0.6697570332480819 0.32884615384615384 0.017263427109974423 0.026923076923076925
21 0.6170076726342711 0.35 0.008951406649616368 0.023076923076923078
1 0.3820332480818414 0.42788461538461536 0.01854219948849105 0.015384615384615385
21 0.6445012787723785 0.3591346153846154 0.015345268542199489 0.0125
21 0.6086956521739131 0.3697115384615385 0.015345268542199489 0.0125
21 0.6643222506393862 0.3543269230769231 0.016624040920716114 0.0125
1 0.6838235294117647 0.3485576923076923 0.017263427109974423 0.014423076923076924
1 0.30818414322250637 0.45865384615384613 0.017902813299232736 0.01730769230769231
1 0.38395140664961636 0.4394230769230769 0.017263427109974423 0.015384615384615385
21 0.645460358056266 0.36923076923076925 0.008312020460358057 0.007692307692307693
21 0.6544117647058824 0.36730769230769234 0.008312020460358057 0.007692307692307693
21 0.6633631713554987 0.3644230769230769 0.008312020460358057 0.007692307692307693
21 0.6355498721227621 0.37259615384615385 0.00639386189258312 0.006730769230769231
21 0.6039002557544757 0.3889423076923077 0.005754475703324808 0.010576923076923078
21 0.6205242966751918 0.38509615384615387 0.0159846547314578 0.0125
21 0.6742327365728901 0.36923076923076925 0.005754475703324808 0.011538461538461539
1 0.6860613810741688 0.3658653846153846 0.016624040920716114 0.014423076923076924
9 0.4884910485933504 0.42403846153846153 0.13171355498721227 0.20384615384615384
1 0.4319053708439898 0.44519230769230766 0.010869565217391304 0.025
21 0.6345907928388747 0.3894230769230769 0.008312020460358057 0.007692307692307693
21 0.6464194373401535 0.3855769230769231 0.0076726342710997444 0.007692307692307693
19 0.26918158567774936 0.4980769230769231 0.02557544757033248 0.03653846153846154
21 0.6703964194373402 0.3875 0.005754475703324808 0.011538461538461539
19 0.2020460358056266 0.525 0.02557544757033248 0.03461538461538462
1 0.3139386189258312 0.49182692307692305 0.016624040920716114 0.014423076923076924
21 0.6582480818414322 0.39134615384615384 0.005754475703324808 0.011538461538461539
21 0.6643222506393862 0.3903846153846154 0.005115089514066497 0.011538461538461539
21 0.6470588235294118 0.3951923076923077 0.0076726342710997444 0.007692307692307693
21 0.6771099744245525 0.3908653846153846 0.005115089514066497 0.010576923076923078
21 0.6214833759590793 0.41201923076923075 0.016624040920716114 0.014423076923076924
1 0.6934143222506394 0.3908653846153846 0.017263427109974423 0.016346153846153847
21 0.6368286445012787 0.4076923076923077 0.0076726342710997444 0.023076923076923078
1 0.38938618925831203 0.48028846153846155 0.017902813299232736 0.016346153846153847
21 0.6566496163682864 0.41009615384615383 0.015345268542199489 0.0125
21 0.6445012787723785 0.41394230769230766 0.005115089514066497 0.010576923076923078
21 0.678388746803069 0.40384615384615385 0.0076726342710997444 0.007692307692307693
21 0.6090153452685422 0.42451923076923076 0.004475703324808184 0.010576923076923078
21 0.6620843989769821 0.4173076923076923 0.007033248081841432 0.007692307692307693
21 0.6796675191815856 0.4125 0.0076726342710997444 0.007692307692307693
19 0.27237851662404094 0.5317307692307692 0.024296675191815855 0.03653846153846154
21 0.7017263427109974 0.40625 0.0159846547314578 0.0125
1 0.3945012787723785 0.49759615384615385 0.010230179028132993 0.025961538461538463
1 0.38714833759590794 0.5 0.00959079283887468 0.025
1 0.3209718670076726 0.5216346153846154 0.008951406649616368 0.02403846153846154
1 0.3654092071611253 0.510576923076923 0.012148337595907928 0.026923076923076925
1 0.3305626598465473 0.520673076923077 0.010230179028132993 0.025961538461538463
19 0.20684143222506393 0.5576923076923077 0.026214833759590793 0.038461538461538464
1 0.35262148337595906 0.5149038461538461 0.00959079283887468 0.025961538461538463
1 0.37851662404092073 0.5076923076923077 0.011508951406649617 0.026923076923076925
21 0.6297953964194374 0.4360576923076923 0.0076726342710997444 0.0125
21 0.6636828644501279 0.4264423076923077 0.0076726342710997444 0.006730769230769231
21 0.6809462915601023 0.4221153846153846 0.00639386189258312 0.007692307692307693
21 0.6102941176470589 0.44326923076923075 0.008312020460358057 0.011538461538461539
14 0.2420076726342711 0.5528846153846154 0.058184143222506396 0.1346153846153846
1 0.5626598465473146 0.4620192307692308 0.011508951406649617 0.025961538461538463
21 0.6467391304347826 0.4403846153846154 0.0159846547314578 0.013461538461538462
21 0.6646419437340153 0.4360576923076923 0.0159846547314578 0.0125
21 0.6819053708439897 0.43125 0.0159846547314578 0.0125
9 0.8283248081841432 0.3995192307692308 0.1336317135549872 0.20288461538461539
19 0.27781329923273657 0.5649038461538461 0.026214833759590793 0.0375
17 0.7129156010230179 0.43846153846153846 0.017902813299232736 0.015384615384615385
21 0.6163682864450127 0.46778846153846154 0.015345268542199489 0.0125
21 0.6835038363171355 0.44903846153846155 0.008951406649616368 0.023076923076923078
21 0.6608056265984654 0.45721153846153845 0.008312020460358057 0.02403846153846154
19 0.21227621483375958 0.5908653846153846 0.02557544757033248 0.03942307692307692
19 0.3631713554987212 0.5475961538461539 0.023017902813299233 0.03365384615384615
21 0.6975703324808185 0.45240384615384616 0.015345268542199489 0.0125
1 0.3312020460358056 0.5610576923076923 0.014066496163682864 0.03942307692307692
1 0.3174552429667519 0.5649038461538461 0.0159846547314578 0.03942307692307692
13 0.46898976982097185 0.5221153846153846 0.017263427109974423 0.01730769230769231
17 0.5003196930946292 0.5129807692307692 0.017263427109974423 0.016346153846153847
21 0.6512148337595908 0.4721153846153846 0.008312020460358057 0.023076923076923078
1 0.6278772378516624 0.48173076923076924 0.008951406649616368 0.023076923076923078
21 0.696611253196931 0.4716346153846154 0.0159846547314578 0.0125
21 0.7135549872122762 0.4668269230769231 0.015345268542199489 0.0125
21 0.6825447570332481 0.48365384615384616 0.00959079283887468 0.025
8 0.6569693094629157 0.49278846153846156 0.017263427109974423 0.014423076923076924
21 0.7007672634271099 0.48365384615384616 0.015345268542199489 0.013461538461538462
17 0.600383631713555 0.5173076923076924 0.017902813299232736 0.01730769230769231
1 0.5588235294117647 0.5307692307692308 0.026854219948849106 0.025
1 0.5095907928388747 0.55 0.010230179028132993 0.025
21 0.5300511508951407 0.5447115384615384 0.034526854219948847 0.041346153846153845
19 0.7260230179028133 0.4894230769230769 0.02237851662404092 0.03653846153846154
8 0.7074808184143222 0.4951923076923077 0.0159846547314578 0.013461538461538462
1 0.6016624040920716 0.5307692307692308 0.017902813299232736 0.015384615384615385
1 0.6889386189258312 0.5134615384615384 0.00959079283887468 0.023076923076923078
3 0.6684782608695652 0.5259615384615385 0.03388746803069054 0.04038461538461539
1 0.5332480818414322 0.5677884615384615 0.017902813299232736 0.014423076923076924
1 0.6473785166240409 0.5355769230769231 0.00959079283887468 0.025
8 0.7033248081841432 0.5211538461538462 0.010230179028132993 0.023076923076923078
19 0.5642583120204604 0.5634615384615385 0.026214833759590793 0.038461538461538464
1 0.8532608695652174 0.49278846153846156 0.026214833759590793 0.022115384615384617
19 0.45428388746803067 0.6096153846153847 0.024936061381074168 0.038461538461538464
14 0.24584398976982097 0.6735576923076924 0.100383631713555 0.13365384615384615
19 0.40569053708439895 0.6307692307692307 0.024936061381074168 0.04038461538461539
17 0.6703964194373402 0.55625 0.017263427109974423 0.016346153846153847
19 0.7864450127877238 0.5336538461538461 0.024296675191815855 0.03653846153846154
17 0.8193734015345269 0.525 0.00959079283887468 0.025
17 0.8017902813299232 0.5317307692307692 0.010230179028132993 0.026923076923076925
1 0.8110613810741688 0.5288461538461539 0.00959079283887468 0.025
19 0.842071611253197 0.5235576923076923 0.024296675191815855 0.03942307692307692
13 0.6745524296675192 0.5774038461538461 0.028132992327365727 0.02980769230769231
13 0.6531329923273658 0.5850961538461539 0.00959079283887468 0.025961538461538463
19 0.8727621483375959 0.5230769230769231 0.02557544757033248 0.03653846153846154
19 0.43638107416879796 0.6504807692307693 0.023657289002557546 0.035576923076923075
20 0.8941815856777494 0.5216346153846154 0.021099744245524295 0.0375
19 0.717391304347826 0.575 0.024296675191815855 0.03653846153846154
1 0.8369565217391305 0.5509615384615385 0.017902813299232736 0.01730769230769231
19 0.8014705882352942 0.5706730769230769 0.023657289002557546 0.035576923076923075
19 0.6671994884910486 0.6120192307692308 0.024936061381074168 0.0375
17 0.8388746803069054 0.5639423076923077 0.017902813299232736 0.016346153846153847
19 0.1780690537084399 0.7586538461538461 0.021099744245524295 0.03076923076923077
14 0.19757033248081843 0.7528846153846154 0.026854219948849106 0.07115384615384615
19 0.47122762148337594 0.675 0.024296675191815855 0.04038461538461539
17 0.8938618925831202 0.5596153846153846 0.010230179028132993 0.023076923076923078
17 0.9044117647058824 0.5572115384615385 0.010869565217391304 0.022115384615384617
19 0.335997442455243 0.7278846153846154 0.023657289002557546 0.03653846153846154
20 0.8724424552429667 0.583173076923077 0.021099744245524295 0.03942307692307692
1 0.8532608695652174 0.5899038461538462 0.010869565217391304 0.025961538461538463
20 0.8123401534526854 0.6096153846153847 0.027493606138107418 0.032692307692307694
19 0.8379156010230179 0.6024038461538461 0.026214833759590793 0.041346153846153845
20 0.784846547314578 0.6298076923076923 0.03260869565217391 0.05961538461538462
17 0.7471227621483376 0.6413461538461539 0.00959079283887468 0.023076923076923078
17 0.7650255754475703 0.6365384615384615 0.00959079283887468 0.025
17 0.7557544757033248 0.6403846153846153 0.008951406649616368 0.023076923076923078
19 0.3398337595907928 0.7620192307692307 0.023657289002557546 0.035576923076923075
1 0.7378516624040921 0.6466346153846154 0.0076726342710997444 0.02403846153846154
14 0.4437340153452685 0.7322115384615384 0.08695652173913043 0.06826923076923076
19 0.28005115089514065 0.7942307692307692 0.024296675191815855 0.03653846153846154
14 0.31074168797953966 0.7947115384615384 0.06010230179028133 0.16442307692307692
19 0.34494884910485935 0.79375 0.024936061381074168 0.0375
20 0.8260869565217391 0.6576923076923077 0.0370843989769821 0.06153846153846154
19 0.6748721227621484 0.7052884615384616 0.026214833759590793 0.035576923076923075
19 0.28388746803069054 0.8264423076923076 0.02557544757033248 0.03942307692307692
19 0.4750639386189258 0.7754807692307693 0.026854219948849106 0.03942307692307692
17 0.7669437340153452 0.6903846153846154 0.00959079283887468 0.025
9 0.7973145780051151 0.6836538461538462 0.034526854219948847 0.04230769230769231
19 0.6093350383631714 0.7471153846153846 0.02557544757033248 0.03653846153846154
14 0.5786445012787724 0.7649038461538461 0.03836317135549872 0.13557692307692307
19 0.8673273657289002 0.6850961538461539 0.02237851662404092 0.03365384615384615
14 0.7087595907928389 0.7322115384615384 0.037723785166240406 0.12980769230769232
19 0.28868286445012786 0.8591346153846153 0.027493606138107418 0.0375
19 0.7647058823529411 0.7264423076923077 0.024296675191815855 0.035576923076923075
19 0.5210997442455243 0.7990384615384616 0.02557544757033248 0.03653846153846154
17 0.7906010230179028 0.7230769230769231 0.00959079283887468 0.023076923076923078
17 0.8005115089514067 0.7197115384615385 0.008951406649616368 0.02403846153846154
19 0.19597186700767263 0.8995192307692308 0.02237851662404092 0.03173076923076923
14 0.22186700767263426 0.8947115384615385 0.02557544757033248 0.06826923076923076
13 0.6480179028132992 0.775 0.10421994884910486 0.08653846153846154
19 0.8436700767263428 0.7197115384615385 0.023657289002557546 0.0375
14 0.45684143222506396 0.8447115384615385 0.0850383631713555 0.06057692307692308
14 0.8638107416879796 0.7322115384615384 0.024296675191815855 0.07211538461538461
14 0.8174552429667519 0.7461538461538462 0.023657289002557546 0.06923076923076923
19 0.5249360613810742 0.8336538461538462 0.024296675191815855 0.04038461538461539
14 0.28452685421994883 0.9072115384615385 0.03964194373401535 0.05480769230769231
19 0.7931585677749361 0.7610576923076923 0.023657289002557546 0.0375
19 0.7659846547314578 0.7697115384615385 0.026854219948849106 0.0375
19 0.8395140664961637 0.7552884615384615 0.023017902813299233 0.03365384615384615