21 0.36916666666666664 0.2 0.04833333333333333 0.08
16 0.5008333333333334 0.25 0.075 0.04
13 0.5891666666666666 0.25166666666666665 0.07833333333333334 0.043333333333333335
21 0.69 0.255 0.043333333333333335 0.07
15 0.8541666666666666 0.2725 0.105 0.09166666666666666
21 0.3875 0.2841666666666667 0.075 0.045
21 0.5625 0.3075 0.075 0.03833333333333333
21 0.475 0.3175 0.04 0.06833333333333333
4 0.49916666666666665 0.035 0.8483333333333334 0.07
21 0.3775 0.3541666666666667 0.03833333333333333 0.07166666666666667
21 0.30833333333333335 0.375 0.07666666666666666 0.043333333333333335
21 0.55 0.375 0.07 0.03666666666666667
21 0.12083333333333333 0.37833333333333335 0.075 0.04666666666666667
21 0.2 0.38166666666666665 0.08 0.043333333333333335
9 0.7141666666666666 0.38666666666666666 0.13166666666666665 0.15666666666666668
21 0.44333333333333336 0.3925 0.03666666666666667 0.075
21 0.5491666666666667 0.4241666666666667 0.075 0.045
21 0.32666666666666666 0.4375 0.07333333333333333 0.041666666666666664
21 0.1675 0.43916666666666665 0.07833333333333334 0.04833333333333333
21 0.3825 0.44916666666666666 0.03833333333333333 0.085
21 0.4825 0.465 0.041666666666666664 0.07333333333333333
21 0.5325 0.4925 0.041666666666666664 0.075
21 0.25916666666666666 0.49666666666666665 0.075 0.043333333333333335
4 0.035833333333333335 0.49833333333333335 0.07166666666666667 0.8433333333333334
4 0.9608333333333333 0.5008333333333334 0.075 0.8383333333333334
21 0.41083333333333333 0.5058333333333334 0.075 0.04833333333333333
16 0.5975 0.5208333333333334 0.03833333333333333 0.07833333333333334
21 0.6783333333333333 0.5341666666666667 0.08 0.04833333333333333
9 0.8391666666666666 0.5441666666666667 0.12833333333333333 0.135
21 0.5125 0.5616666666666666 0.08166666666666667 0.04
21 0.3641666666666667 0.5708333333333333 0.075 0.045
21 0.285 0.6041666666666666 0.043333333333333335 0.07833333333333334
21 0.10833333333333334 0.6091666666666666 0.043333333333333335 0.075
21 0.15583333333333332 0.6108333333333333 0.03833333333333333 0.08166666666666667
21 0.3566666666666667 0.6258333333333334 0.08 0.051666666666666666
21 0.7383333333333333 0.6366666666666667 0.04 0.08
16 0.3625 0.6666666666666666 0.075 0.03666666666666667
15 0.8441666666666666 0.6941666666666667 0.105 0.095
16 0.45416666666666666 0.7025 0.07833333333333334 0.035
16 0.3591666666666667 0.71 0.07833333333333334 0.03666666666666667
16 0.16583333333333333 0.72 0.07833333333333334 0.04
16 0.49416666666666664 0.74 0.075 0.03666666666666667
16 0.3591666666666667 0.7516666666666667 0.07833333333333334 0.03
15 0.525 0.8216666666666667 0.1 0.08666666666666667
9 0.39166666666666666 0.8233333333333334 0.15666666666666668 0.1
16 0.2733333333333333 0.835 0.07333333333333333 0.04
21 0.8383333333333334 0.835 0.06333333333333334 0.06
2 0.6783333333333333 0.8375 0.056666666666666664 0.11166666666666666
21 0.1675 0.8383333333333334 0.075 0.06666666666666667
2 0.7358333333333333 0.8383333333333334 0.03833333333333333 0.07666666666666666
21 0.3825 0.9016666666666666 0.07833333333333334 0.04
4 0.49583333333333335 0.9633333333333334 0.8416666666666667 0.07
21 0.395 0.11166666666666666 0.07333333333333333 0.043333333333333335
21 0.49083333333333334 0.11333333333333333 0.075 0.04666666666666667
21 0.7508333333333334 0.1425 0.041666666666666664 0.08166666666666667
21 0.695 0.14583333333333334 0.04666666666666667 0.08833333333333333
21 0.4216666666666667 0.15833333333333333 0.07666666666666666 0.03666666666666667
21 0.2425 0.165 0.041666666666666664 0.07666666666666666
21 0.84 0.165 0.07 0.07
21 0.6325 0.16583333333333333 0.041666666666666664 0.07833333333333334
21 0.1625 0.16583333333333333 0.07166666666666667 0.06833333333333333