15 0.539375 0.20418326693227093 0.05125 0.053784860557768925
16 0.486875 0.2061752988047809 0.03375 0.025896414342629483
2 0.333125 0.2360557768924303 0.04125 0.10159362549800798
11 0.048125 0.23705179282868527 0.03625 0.10358565737051793
11 0.08125 0.2410358565737052 0.035 0.10756972111553785
13 0.821875 0.25199203187250996 0.22125 0.25298804780876494
16 0.4875 0.26095617529880477 0.035 0.02390438247011952
2 0.143125 0.2788844621513944 0.06625 0.055776892430278883
2 0.21125 0.2818725099601594 0.06 0.061752988047808766
6 0.27875 0.29780876494023906 0.0525 0.045816733067729085
4 0.051875 0.30677290836653387 0.02875 0.05179282868525897
4 0.083125 0.31274900398406374 0.03375 0.04780876494023904
19 0.33625 0.3147410358565737 0.03 0.05179282868525897
16 0.6575 0.3237051792828685 0.015 0.053784860557768925
16 0.678125 0.3237051792828685 0.01625 0.053784860557768925
19 0.026875 0.3605577689243028 0.03625 0.043824701195219126
2 0.264375 0.3944223107569721 0.03875 0.099601593625498
9 0.179375 0.3954183266932271 0.12875 0.15737051792828685
2 0.3325 0.39741035856573703 0.0375 0.10159362549800798
10 0.66875 0.40239043824701193 0.025 0.043824701195219126
16 0.645 0.40537848605577687 0.0125 0.05776892430278884
15 0.87 0.41434262948207173 0.0525 0.055776892430278883
9 0.773125 0.4163346613545817 0.04625 0.043824701195219126
12 0.71125 0.4252988047808765 0.035 0.025896414342629483
2 0.08 0.4342629482071713 0.04 0.099601593625498
16 0.91625 0.4651394422310757 0.0325 0.025896414342629483
9 0.771875 0.4721115537848606 0.04875 0.04780876494023904
20 0.66875 0.4850597609561753 0.04 0.061752988047808766
19 0.110625 0.4900398406374502 0.01125 0.035856573705179286
4 0.71 0.49701195219123506 0.03 0.09362549800796813
4 0.028125 0.499003984063745 0.03125 0.13745019920318724
16 0.916875 0.499003984063745 0.03375 0.025896414342629483
9 0.49625 0.50199203187251 0.2675 0.4262948207171315
2 0.333125 0.5089641434262948 0.03875 0.09760956175298804
16 0.065625 0.5089641434262948 0.03375 0.029880478087649404
2 0.19875 0.5109561752988048 0.065 0.05776892430278884
6 0.28125 0.5139442231075697 0.0525 0.05179282868525897
19 0.138125 0.5169322709163346 0.01375 0.04183266932270916
4 0.495625 0.052788844621513946 0.97375 0.08964143426294821
16 0.915625 0.5318725099601593 0.03625 0.02390438247011952
4 0.97 0.5318725099601593 0.03 0.3386454183266932
16 0.67125 0.5358565737051793 0.04 0.027888446215139442
12 0.065 0.5438247011952191 0.0375 0.0199203187250996
15 0.770625 0.5448207171314741 0.05375 0.049800796812749
16 0.915625 0.5637450199203188 0.03625 0.027888446215139442
13 0.69375 0.5836653386454184 0.0375 0.03187250996015936
13 0.695625 0.6165338645418327 0.03875 0.029880478087649404
2 0.268125 0.6245019920318725 0.03875 0.10159362549800798
2 0.334375 0.6245019920318725 0.03875 0.09760956175298804
9 0.18 0.6264940239043825 0.1325 0.16135458167330677
13 0.645625 0.6354581673306773 0.02125 0.05976095617529881
2 0.0825 0.650398406374502 0.04 0.09760956175298804
16 0.695 0.651394422310757 0.0375 0.02390438247011952
2 0.041875 0.6523904382470119 0.03875 0.10159362549800798
16 0.694375 0.6832669322709163 0.03375 0.02390438247011952
13 0.64625 0.6962151394422311 0.0175 0.053784860557768925
9 0.856875 0.700199203187251 0.12625 0.23306772908366533
15 0.281875 0.7101593625498008 0.05375 0.049800796812749
19 0.095 0.7201195219123506 0.025 0.017928286852589643
19 0.196875 0.7330677290836654 0.01375 0.0398406374501992
5 0.049375 0.7539840637450199 0.04875 0.08167330677290836
13 0.64625 0.7569721115537849 0.0175 0.055776892430278883
19 0.970625 0.7579681274900398 0.02625 0.049800796812749
16 0.486875 0.7609561752988048 0.03375 0.02390438247011952
12 0.260625 0.7828685258964143 0.01375 0.05976095617529881
15 0.676875 0.7878486055776892 0.02625 0.049800796812749
18 0.746875 0.7918326693227091 0.07625 0.17330677290836655
12 0.23125 0.7928286852589641 0.0125 0.055776892430278883
12 0.3375 0.795816733067729 0.015 0.061752988047808766
12 0.25 0.796812749003984 0.0125 0.055776892430278883
12 0.266875 0.796812749003984 0.01375 0.055776892430278883
12 0.320625 0.796812749003984 0.01375 0.055776892430278883
15 0.539375 0.796812749003984 0.05375 0.05179282868525897
12 0.30375 0.797808764940239 0.015 0.053784860557768925
12 0.35375 0.797808764940239 0.0175 0.05776892430278884
3 0.4175 0.8027888446215139 0.0925 0.13147410358565736
16 0.486875 0.8157370517928287 0.03375 0.025896414342629483
7 0.16625 0.8227091633466136 0.085 0.12749003984063745
4 0.08625 0.848605577689243 0.0275 0.08366533864541832
16 0.4875 0.8725099601593626 0.035 0.02390438247011952
4 0.498125 0.9442231075697212 0.97125 0.09561752988047809
16 0.486875 0.14342629482071714 0.03375 0.02390438247011952
4 0.084375 0.1454183266932271 0.02625 0.08366533864541832
7 0.1675 0.17131474103585656 0.1 0.1394422310756972
0 0.665625 0.1852589641434263 0.04875 0.1553784860557769
0 0.614375 0.18625498007968128 0.04875 0.15737051792828685
3 0.42125 0.1952191235059761 0.0925 0.13147410358565736