21 0.32849829351535836 0.21075085324232082 0.059726962457337884 0.08703071672354949
17 0.46757679180887374 0.24488054607508533 0.08191126279863481 0.04948805460750853
13 0.5580204778156996 0.2354948805460751 0.08532423208191127 0.05460750853242321
21 0.6612627986348123 0.22610921501706485 0.052901023890784986 0.07679180887372014
16 0.8302047781569966 0.2235494880546075 0.11774744027303755 0.10580204778156997
21 0.35665529010238906 0.2935153583617747 0.08191126279863481 0.05460750853242321
21 0.53839590443686 0.295221843003413 0.08020477815699659 0.04778156996587031
21 0.4496587030716723 0.3174061433447099 0.04948805460750853 0.07508532423208192
4 0.44112627986348124 0.05887372013651877 0.8720136518771331 0.11774744027303755
21 0.35665529010238906 0.3660409556313993 0.04778156996587031 0.07679180887372014
21 0.28754266211604096 0.39505119453924914 0.08361774744027303 0.052901023890784986
21 0.5341296928327645 0.3660409556313993 0.07508532423208192 0.04607508532423208
21 0.09726962457337884 0.42235494880546076 0.08191126279863481 0.05631399317406143
21 0.17832764505119453 0.41638225255972694 0.08703071672354949 0.05460750853242321
9 0.7013651877133106 0.3575085324232082 0.15358361774744028 0.1757679180887372
21 0.4274744027303754 0.3967576791808874 0.04607508532423208 0.08020477815699659
21 0.5392491467576792 0.41638225255972694 0.08191126279863481 0.05460750853242321
21 0.3148464163822526 0.45733788395904434 0.08020477815699659 0.051194539249146756
21 0.15358361774744028 0.4786689419795222 0.08532423208191127 0.059726962457337884
21 0.3728668941979522 0.4616040955631399 0.04948805460750853 0.09044368600682594
21 0.4761092150170648 0.46501706484641636 0.051194539249146756 0.08020477815699659
21 0.5307167235494881 0.4880546075085324 0.051194539249146756 0.08191126279863481
21 0.2525597269624573 0.5264505119453925 0.08191126279863481 0.052901023890784986
4 0.059726962457337884 0.5554607508532423 0.11945392491467577 0.8686006825938567
4 0.9368600682593856 0.44368600682593856 0.12286689419795221 0.863481228668942
21 0.40784982935153585 0.515358361774744 0.08191126279863481 0.05802047781569966
17 0.5998293515358362 0.507679180887372 0.04948805460750853 0.08361774744027303
21 0.6834470989761092 0.5110921501706485 0.08703071672354949 0.059726962457337884
9 0.8481228668941979 0.5017064846416383 0.14675767918088736 0.15358361774744028
21 0.5187713310580204 0.5597269624573379 0.08873720136518772 0.051194539249146756
21 0.36860068259385664 0.5870307167235495 0.08191126279863481 0.05460750853242321
21 0.2935153583617747 0.6313993174061433 0.05460750853242321 0.08532423208191127
21 0.11348122866894197 0.658703071672355 0.052901023890784986 0.08191126279863481
21 0.16296928327645052 0.6544368600682594 0.04948805460750853 0.08703071672354949
21 0.3677474402730375 0.64419795221843 0.08703071672354949 0.06313993174061433
21 0.757679180887372 0.6083617747440273 0.051194539249146756 0.08703071672354949
17 0.3796928327645051 0.6851535836177475 0.08020477815699659 0.04607508532423208
16 0.8728668941979523 0.6535836177474402 0.11774744027303755 0.10921501706484642
17 0.47696245733788395 0.7107508532423208 0.08361774744027303 0.04607508532423208
17 0.38139931740614336 0.7303754266211604 0.08361774744027303 0.04778156996587031
17 0.18600682593856654 0.764505119453925 0.08532423208191127 0.051194539249146756
17 0.523037542662116 0.7431740614334471 0.08020477815699659 0.04607508532423208
17 0.386518771331058 0.773037542662116 0.08361774744027303 0.040955631399317405
16 0.5648464163822525 0.8233788395904437 0.11262798634812286 0.10068259385665529
9 0.42918088737201365 0.840443686006826 0.17235494880546076 0.12116040955631399
17 0.3097269624573379 0.8677474402730375 0.08020477815699659 0.04948805460750853
21 0.8839590443686007 0.7969283276450512 0.07167235494880546 0.06825938566552901
1 0.7218430034129693 0.8199658703071673 0.07167235494880546 0.12116040955631399
21 0.2030716723549488 0.8848122866894198 0.08532423208191127 0.07679180887372014
1 0.7798634812286689 0.8139931740614335 0.04778156996587031 0.08191126279863481
21 0.4300341296928328 0.9215017064846417 0.08532423208191127 0.051194539249146756
4 0.552901023890785 0.9402730375426621 0.8668941979522184 0.11604095563139932
21 0.3438566552901024 0.11689419795221843 0.08020477815699659 0.052901023890784986
21 0.4402730375426621 0.10665529010238908 0.08191126279863481 0.05631399317406143
21 0.7090443686006825 0.10409556313993173 0.052901023890784986 0.08873720136518772
21 0.6518771331058021 0.11433447098976109 0.05802047781569966 0.09556313993174062
21 0.3771331058020478 0.1612627986348123 0.08191126279863481 0.04607508532423208
21 0.1945392491467577 0.19027303754266212 0.051194539249146756 0.08361774744027303
21 0.802901023890785 0.11689419795221843 0.08020477815699659 0.08020477815699659
21 0.591296928327645 0.14334470989761092 0.052901023890784986 0.08532423208191127
21 0.11433447098976109 0.20136518771331058 0.08191126279863481 0.07849829351535836