21 0.3392226148409894 0.1696113074204947 0.05653710247349823 0.08833922261484099
17 0.4832155477031802 0.21289752650176677 0.08303886925795052 0.04770318021201413
13 0.5768551236749117 0.20759717314487633 0.08657243816254417 0.05123674911660778
21 0.6828621908127208 0.2049469964664311 0.05123674911660778 0.07773851590106007
16 0.857773851590106 0.21113074204946997 0.11837455830388692 0.10424028268551237
21 0.36484098939929327 0.2579505300353357 0.08303886925795052 0.053003533568904596
21 0.5530035335689046 0.26855123674911663 0.0812720848056537 0.045936395759717315
21 0.46024734982332155 0.2871024734982332 0.04770318021201413 0.07597173144876325
4 0.4673144876325088 0.028268551236749116 0.9028268551236749 0.05653710247349823
21 0.36042402826855124 0.3321554770318021 0.045936395759717315 0.07773851590106007
21 0.2879858657243816 0.35954063604240283 0.08480565371024736 0.05123674911660778
21 0.5450530035335689 0.3418727915194346 0.07597173144876325 0.044169611307420496
21 0.09098939929328621 0.37720848056537104 0.08303886925795052 0.054770318021201414
21 0.17491166077738515 0.3736749116607774 0.08833922261484099 0.05123674911660778
9 0.7181978798586572 0.3418727915194346 0.1501766784452297 0.17491166077738515
21 0.43197879858657245 0.3674911660777385 0.044169611307420496 0.0812720848056537
21 0.5468197879858657 0.39399293286219084 0.08303886925795052 0.053003533568904596
21 0.3127208480565371 0.42402826855123676 0.0812720848056537 0.04946996466431095
21 0.1439929328621908 0.4381625441696113 0.08657243816254417 0.05653710247349823
21 0.37190812720848054 0.43286219081272087 0.04770318021201413 0.09187279151943463
21 0.4787985865724382 0.4416961130742049 0.04946996466431095 0.0812720848056537
21 0.5335689045936396 0.4673144876325088 0.04946996466431095 0.08303886925795052
21 0.24646643109540636 0.4920494699646643 0.08303886925795052 0.05123674911660778
4 0.04063604240282685 0.5097173144876325 0.0812720848056537 0.8992932862190812
4 0.9575971731448764 0.4469964664310954 0.0812720848056537 0.8939929328621908
21 0.40724381625441697 0.48939929328621906 0.08303886925795052 0.05653710247349823
17 0.6060070671378092 0.4929328621908127 0.045936395759717315 0.08480565371024736
21 0.6925795053003534 0.5 0.08833922261484099 0.05653710247349823
9 0.8621908127208481 0.49823321554770317 0.14487632508833923 0.1519434628975265
21 0.5185512367491166 0.5415194346289752 0.09010600706713781 0.04770318021201413
21 0.3630742049469965 0.5618374558303887 0.08303886925795052 0.053003533568904596
21 0.28180212014134276 0.6033568904593639 0.05123674911660778 0.08657243816254417
21 0.09452296819787986 0.6210247349823321 0.05123674911660778 0.08303886925795052
21 0.14487632508833923 0.6201413427561837 0.045936395759717315 0.08833922261484099
21 0.3586572438162544 0.6219081272084805 0.08833922261484099 0.06007067137809187
21 0.7623674911660777 0.6042402826855123 0.04770318021201413 0.08833922261484099
17 0.3674911660777385 0.6634275618374559 0.0812720848056537 0.044169611307420496
16 0.8789752650176679 0.6581272084805654 0.11837455830388692 0.10777385159010601
17 0.4664310954063604 0.6943462897526502 0.08480565371024736 0.04240282685512368
17 0.3674911660777385 0.7093639575971732 0.08480565371024736 0.044169611307420496
17 0.16342756183745583 0.7340989399293286 0.08657243816254417 0.04770318021201413
17 0.5123674911660777 0.7323321554770318 0.0812720848056537 0.044169611307420496
17 0.3710247349823322 0.7535335689045937 0.08480565371024736 0.037102473498233215
16 0.5503533568904594 0.8162544169611308 0.11130742049469965 0.0989399293286219
9 0.4098939929328622 0.8268551236749117 0.17314487632508835 0.1166077738515901
17 0.2862190812720848 0.848939929328622 0.0812720848056537 0.04770318021201413
21 0.8833922261484098 0.8065371024734982 0.0706713780918728 0.06890459363957598
1 0.7146643109540636 0.8206713780918727 0.06890459363957598 0.12190812720848057
21 0.17314487632508835 0.8595406360424028 0.08480565371024736 0.07597173144876325
1 0.7756183745583038 0.8171378091872792 0.045936395759717315 0.08303886925795052
21 0.40547703180212014 0.9107773851590106 0.08657243816254417 0.04770318021201413
4 0.5318021201413428 0.9487632508833922 0.8975265017667845 0.0989399293286219
21 0.36042402826855124 0.07508833922261485 0.0812720848056537 0.05123674911660778
21 0.4620141342756184 0.06978798586572438 0.08303886925795052 0.054770318021201414
21 0.7402826855123675 0.0803886925795053 0.04946996466431095 0.09010600706713781
21 0.6802120141342756 0.0892226148409894 0.05653710247349823 0.09717314487632508
21 0.3931095406360424 0.12102473498233215 0.08303886925795052 0.044169611307420496
21 0.20318021201413428 0.1413427561837456 0.04946996466431095 0.08480565371024736
21 0.8348056537102474 0.0980565371024735 0.07950530035335689 0.07950530035335689
21 0.6166077738515902 0.11395759717314488 0.04946996466431095 0.08657243816254417
21 0.11837455830388692 0.14840989399293286 0.0812720848056537 0.07773851590106007