21 0.3501742160278746 0.1986062717770035 0.05226480836236934 0.08362369337979095
17 0.4886759581881533 0.24825783972125434 0.078397212543554 0.04355400696864112
13 0.5810104529616724 0.24825783972125434 0.08188153310104529 0.047038327526132406
21 0.6855400696864111 0.24912891986062718 0.047038327526132406 0.07317073170731707
16 0.8571428571428571 0.26480836236933797 0.11149825783972125 0.0975609756097561
21 0.3702090592334495 0.2857142857142857 0.078397212543554 0.04878048780487805
21 0.5531358885017421 0.30662020905923343 0.078397212543554 0.041811846689895474
21 0.4625435540069686 0.31968641114982577 0.04355400696864112 0.07142857142857142
4 0.4843205574912892 0.03484320557491289 0.89198606271777 0.06968641114982578
21 0.3606271777003484 0.3597560975609756 0.041811846689895474 0.07491289198606271
21 0.289198606271777 0.382404181184669 0.08013937282229965 0.047038327526132406
21 0.5418118466898955 0.37717770034843207 0.07317073170731707 0.04006968641114982
21 0.09320557491289198 0.3893728222996516 0.078397212543554 0.050522648083623695
21 0.1759581881533101 0.3911149825783972 0.08362369337979095 0.047038327526132406
9 0.7134146341463414 0.3876306620209059 0.14111498257839722 0.16550522648083624
21 0.43118466898954705 0.3980836236933798 0.04006968641114982 0.078397212543554
21 0.5426829268292683 0.42857142857142855 0.078397212543554 0.04878048780487805
21 0.31010452961672474 0.44773519163763065 0.07665505226480836 0.04529616724738676
21 0.1437282229965157 0.45121951219512196 0.08188153310104529 0.05226480836236934
21 0.367595818815331 0.45905923344947736 0.041811846689895474 0.08885017421602788
21 0.4721254355400697 0.4738675958188153 0.04529616724738676 0.07665505226480836
21 0.5261324041811847 0.5008710801393729 0.04529616724738676 0.078397212543554
21 0.23954703832752614 0.509581881533101 0.078397212543554 0.047038327526132406
4 0.02700348432055749 0.5174216027874564 0.05400696864111498 0.8850174216027874
4 0.9616724738675958 0.5034843205574913 0.07317073170731707 0.8815331010452961
21 0.3980836236933798 0.5174216027874564 0.078397212543554 0.05226480836236934
17 0.5940766550522648 0.5287456445993032 0.041811846689895474 0.08188153310104529
21 0.6794425087108014 0.5418118466898955 0.08362369337979095 0.05226480836236934
9 0.8466898954703833 0.5487804878048781 0.13588850174216027 0.14285714285714285
21 0.5060975609756098 0.5740418118466899 0.08536585365853659 0.04355400696864112
21 0.3510452961672474 0.5853658536585366 0.078397212543554 0.04878048780487805
21 0.2691637630662021 0.622822299651568 0.047038327526132406 0.08188153310104529
21 0.08449477351916376 0.6297909407665505 0.047038327526132406 0.078397212543554
21 0.13414634146341464 0.6315331010452961 0.041811846689895474 0.08536585365853659
21 0.3440766550522648 0.6428571428571429 0.08536585365853659 0.05574912891986063
21 0.7430313588850174 0.6480836236933798 0.04355400696864112 0.08362369337979095
17 0.3510452961672474 0.6855400696864111 0.078397212543554 0.04006968641114982
16 0.8554006968641115 0.705574912891986 0.11149825783972125 0.10104529616724739
17 0.44686411149825783 0.7212543554006968 0.08188153310104529 0.03832752613240418
17 0.34930313588850176 0.730836236933798 0.08188153310104529 0.04006968641114982
17 0.14721254355400698 0.7447735191637631 0.08188153310104529 0.04355400696864112
17 0.490418118466899 0.7604529616724739 0.078397212543554 0.04006968641114982
17 0.34930313588850176 0.774390243902439 0.08188153310104529 0.033101045296167246
16 0.5235191637630662 0.8458188153310104 0.10627177700348432 0.09233449477351917
9 0.38414634146341464 0.8484320557491289 0.16550522648083624 0.10801393728222997
17 0.2613240418118467 0.8632404181184669 0.07665505226480836 0.04355400696864112
21 0.8510452961672473 0.8527874564459931 0.06794425087108014 0.06445993031358885
1 0.6837979094076655 0.8588850174216028 0.06097560975609756 0.11846689895470383
21 0.14982578397212543 0.8684668989547039 0.08013937282229965 0.07142857142857142
1 0.7439024390243902 0.8588850174216028 0.041811846689895474 0.08013937282229965
21 0.37717770034843207 0.931184668989547 0.08188153310104529 0.04355400696864112
4 0.49738675958188155 0.9729965156794426 0.8832752613240418 0.050522648083623695
21 0.37456445993031356 0.10540069686411149 0.07665505226480836 0.047038327526132406
21 0.47473867595818814 0.10540069686411149 0.078397212543554 0.050522648083623695
21 0.7473867595818815 0.13153310104529617 0.04529616724738676 0.08536585365853659
21 0.6890243902439024 0.13501742160278746 0.050522648083623695 0.09233449477351917
21 0.40418118466898956 0.15418118466898956 0.08013937282229965 0.04006968641114982
21 0.21602787456445993 0.16376306620209058 0.04529616724738676 0.08013937282229965
21 0.8405923344947736 0.1524390243902439 0.07491289198606271 0.07491289198606271
21 0.6236933797909407 0.15766550522648085 0.04529616724738676 0.08188153310104529
21 0.13240418118466898 0.16550522648083624 0.07665505226480836 0.07317073170731707