16 0.5806666666666667 0.22340425531914893 0.06 0.07234042553191489
17 0.526 0.20851063829787234 0.03866666666666667 0.03829787234042553
1 0.36133333333333334 0.18936170212765957 0.056 0.11914893617021277
11 0.06266666666666666 0.09893617021276596 0.050666666666666665 0.12127659574468085
11 0.096 0.1127659574468085 0.050666666666666665 0.12340425531914893
13 0.8686666666666667 0.3648936170212766 0.26 0.3382978723404255
17 0.52 0.2648936170212766 0.04 0.036170212765957444
1 0.15666666666666668 0.1723404255319149 0.076 0.08085106382978724
1 0.22733333333333333 0.19787234042553192 0.07066666666666667 0.0851063829787234
6 0.296 0.2372340425531915 0.06133333333333333 0.06595744680851064
4 0.05733333333333333 0.1723404255319149 0.037333333333333336 0.06382978723404255
4 0.09 0.18829787234042553 0.04133333333333333 0.06170212765957447
19 0.354 0.2723404255319149 0.03866666666666667 0.06382978723404255
17 0.69 0.3861702127659574 0.02266666666666667 0.06170212765957447
17 0.7106666666666667 0.3925531914893617 0.024 0.06170212765957447
19 0.035333333333333335 0.22446808510638297 0.025333333333333333 0.05319148936170213
1 0.2693333333333333 0.33297872340425533 0.05333333333333334 0.11702127659574468
9 0.18 0.3074468085106383 0.15466666666666667 0.20638297872340425
1 0.3393333333333333 0.3595744680851064 0.052 0.11914893617021277
10 0.6906666666666667 0.4734042553191489 0.032 0.05319148936170213
17 0.666 0.46808510638297873 0.02 0.06382978723404255
16 0.9006666666666666 0.55 0.06266666666666666 0.07446808510638298
9 0.798 0.5223404255319148 0.05466666666666667 0.06170212765957447
12 0.7333333333333333 0.5106382978723404 0.04 0.03829787234042553
1 0.07 0.3159574468085106 0.05466666666666667 0.11702127659574468
17 0.9426666666666667 0.6191489361702127 0.037333333333333336 0.03829787234042553
9 0.79 0.5797872340425532 0.05733333333333333 0.06595744680851064
20 0.6806666666666666 0.5606382978723404 0.04933333333333333 0.07872340425531915
19 0.096 0.3840425531914894 0.016 0.04042553191489362
4 0.722 0.5861702127659575 0.044 0.10851063829787234
4 0.017333333333333333 0.3702127659574468 0.034666666666666665 0.15319148936170213
17 0.938 0.6553191489361702 0.03866666666666667 0.03829787234042553
9 0.498 0.5223404255319148 0.33466666666666667 0.5340425531914894
1 0.32666666666666666 0.4765957446808511 0.05333333333333334 0.1148936170212766
17 0.046 0.3893617021276596 0.03866666666666667 0.0425531914893617
1 0.18466666666666667 0.4340425531914894 0.076 0.08085106382978724
6 0.27066666666666667 0.46382978723404256 0.06133333333333333 0.07234042553191489
19 0.12066666666666667 0.42021276595744683 0.02 0.04893617021276596
4 0.528 0.12659574468085105 0.9413333333333334 0.2531914893617021
17 0.9326666666666666 0.6882978723404255 0.04133333333333333 0.036170212765957444
4 0.9753333333333334 0.7042553191489361 0.04666666666666667 0.3617021276595745
17 0.6773333333333333 0.6127659574468085 0.04533333333333334 0.0425531914893617
12 0.04066666666666666 0.425531914893617 0.04133333333333333 0.03404255319148936
16 0.7793333333333333 0.6563829787234042 0.06266666666666666 0.07021276595744681
17 0.9286666666666666 0.7223404255319149 0.04133333333333333 0.04042553191489362
13 0.694 0.6712765957446809 0.044 0.04468085106382979
13 0.6913333333333334 0.7053191489361702 0.044 0.04468085106382979
1 0.24266666666666667 0.5765957446808511 0.05333333333333334 0.11914893617021277
1 0.312 0.597872340425532 0.05333333333333334 0.1148936170212766
9 0.15066666666666667 0.548936170212766 0.16 0.2127659574468085
13 0.6373333333333333 0.7095744680851064 0.029333333333333333 0.07021276595744681
1 0.046 0.5425531914893617 0.05466666666666667 0.1148936170212766
17 0.6866666666666666 0.7425531914893617 0.042666666666666665 0.03829787234042553
1 0.015333333333333332 0.5329787234042553 0.030666666666666665 0.12127659574468085
17 0.682 0.7755319148936171 0.03866666666666667 0.036170212765957444
13 0.63 0.7734042553191489 0.025333333333333333 0.06170212765957447
9 0.85 0.8468085106382979 0.16133333333333333 0.2851063829787234
16 0.24733333333333332 0.6691489361702128 0.06266666666666666 0.07021276595744681
19 0.05 0.6202127659574468 0.028 0.027659574468085105
19 0.15533333333333332 0.6659574468085107 0.02 0.04680851063829787
5 0.015333333333333332 0.6414893617021277 0.030666666666666665 0.10425531914893617
13 0.622 0.8382978723404255 0.025333333333333333 0.06382978723404255
19 0.9506666666666667 0.9425531914893617 0.013333333333333334 0.05531914893617021
17 0.4553333333333333 0.7904255319148936 0.03866666666666667 0.036170212765957444
12 0.21533333333333332 0.7404255319148936 0.02266666666666667 0.06808510638297872
16 0.65 0.8797872340425532 0.03333333333333333 0.06170212765957447
18 0.7233333333333334 0.9 0.10266666666666667 0.19574468085106383
12 0.18333333333333332 0.7393617021276596 0.02 0.06170212765957447
12 0.2946666666666667 0.7776595744680851 0.024 0.07021276595744681
12 0.202 0.75 0.02 0.06170212765957447
12 0.22 0.7553191489361702 0.021333333333333333 0.06382978723404255
12 0.276 0.774468085106383 0.021333333333333333 0.06382978723404255
16 0.5046666666666667 0.8446808510638298 0.06266666666666666 0.07234042553191489
12 0.258 0.7691489361702127 0.02266666666666667 0.06170212765957447
12 0.31133333333333335 0.7861702127659574 0.025333333333333333 0.06595744680851064
3 0.37666666666666665 0.8117021276595745 0.11333333333333333 0.16808510638297872
17 0.44733333333333336 0.8468085106382979 0.03866666666666667 0.03829787234042553
7 0.11133333333333334 0.7510638297872341 0.10533333333333333 0.16170212765957448
4 0.024 0.752127659574468 0.04 0.09574468085106383
17 0.44133333333333336 0.9074468085106383 0.04 0.036170212765957444
4 0.4686666666666667 0.8904255319148936 0.9373333333333334 0.2148936170212766
17 0.534 0.14148936170212767 0.03866666666666667 0.036170212765957444
4 0.112 0.030851063829787233 0.04 0.06170212765957447
7 0.19533333333333333 0.07872340425531915 0.124 0.1574468085106383
0 0.7153333333333334 0.24468085106382978 0.07066666666666667 0.17872340425531916
0 0.662 0.22872340425531915 0.07066666666666667 0.18085106382978725
3 0.458 0.17340425531914894 0.11333333333333333 0.16808510638297872