4 0.3803995680345572 0.5184599156118144 0.12149028077753779 0.08122362869198312
4 0.4373650107991361 0.01740506329113924 0.03995680345572354 0.022151898734177215
17 0.1490280777537797 0.5675105485232067 0.017278617710583154 0.023206751054852322
17 0.09638228941684665 0.5875527426160337 0.017818574514038878 0.023206751054852322
9 0.11987041036717062 0.5933544303797469 0.023758099352051837 0.028481012658227847
17 0.15037796976241902 0.5891350210970464 0.01673866090712743 0.022151898734177215
4 0.014848812095032398 0.6366033755274262 0.026457883369330453 0.12341772151898735
17 0.12958963282937366 0.6239451476793249 0.011879049676025918 0.03481012658227848
9 0.5971922246220303 0.5458860759493671 0.3228941684665227 0.5453586497890295
4 0.7740280777537797 0.5163502109704642 0.05453563714902808 0.2542194092827004
7 0.15334773218142547 0.635548523206751 0.020518358531317494 0.06434599156118144
4 0.38687904967602593 0.609704641350211 0.12688984881209503 0.07172995780590717
4 0.9370950323974082 0.515295358649789 0.12473002159827214 0.2542194092827004
1 0.05075593952483801 0.6682489451476793 0.01079913606911447 0.03481012658227848
9 0.09530237580993521 0.6729957805907173 0.06101511879049676 0.10548523206751055
9 0.17251619870410367 0.6608649789029536 0.022138228941684664 0.049578059071729956
1 0.06182505399568035 0.6809071729957806 0.011339092872570195 0.04113924050632911
17 0.40766738660907126 0.024789029535864978 0.020518358531317494 0.024261603375527425
1 0.034827213822894165 0.689873417721519 0.011339092872570195 0.03375527426160337
1 0.1892548596112311 0.6640295358649789 0.011339092872570195 0.03270042194092827
1 0.20005399568034557 0.6619198312236287 0.010259179265658747 0.03481012658227848
10 0.04859611231101512 0.694620253164557 0.017278617710583154 0.020042194092827006
1 0.14227861771058314 0.6840717299578059 0.011339092872570195 0.03270042194092827
4 0.3855291576673866 0.6835443037974683 0.12203023758099352 0.0759493670886076
1 0.10151187904967603 0.7410337552742616 0.017278617710583154 0.022151898734177215
1 0.0826133909287257 0.7494725738396625 0.011879049676025918 0.03481012658227848
17 0.5013498920086393 0.006329113924050633 0.010259179265658747 0.012658227848101266
4 0.020248380129589634 0.7837552742616034 0.02429805615550756 0.12447257383966245
7 0.14308855291576675 0.765295358649789 0.06695464362850972 0.12341772151898735
1 0.25134989200863933 0.7774261603375527 0.03725701943844492 0.04008438818565401
1 0.32181425485961124 0.7979957805907173 0.02159827213822894 0.07489451476793249
5 0.2902267818574514 0.8190928270042194 0.025377969762419007 0.08333333333333333
17 0.20653347732181426 0.8502109704641351 0.011339092872570195 0.03375527426160337
13 0.21679265658747301 0.8486286919831224 0.011339092872570195 0.03481012658227848
1 0.19573434125269978 0.8533755274261603 0.010259179265658747 0.03375527426160337
1 0.23461123110151189 0.8491561181434599 0.010259179265658747 0.03375527426160337
7 0.14497840172786178 0.8713080168776371 0.066414686825054 0.10548523206751055
11 0.38606911447084236 0.8496835443037974 0.03131749460043196 0.07911392405063292
17 0.26403887688984884 0.8713080168776371 0.02159827213822894 0.08649789029535865
4 0.40847732181425483 0.8470464135021097 0.017818574514038878 0.07805907172995781
17 0.1962742980561555 0.8929324894514767 0.012419006479481642 0.03481012658227848
9 0.22273218142548595 0.8892405063291139 0.029697624190064796 0.04008438818565401
5 0.10394168466522678 0.9161392405063291 0.026457883369330453 0.08333333333333333
4 0.54670626349892 0.8465189873417721 0.04265658747300216 0.08966244725738397
19 0.4632829373650108 0.870253164556962 0.03023758099352052 0.05063291139240506
17 0.20626349892008639 0.9219409282700421 0.017278617710583154 0.02109704641350211
4 0.943304535637149 0.804324894514768 0.11231101511879049 0.25843881856540085
1 0.23407127429805616 0.9277426160337553 0.012419006479481642 0.03481012658227848
4 0.054265658747300216 0.9309071729957806 0.07937365010799136 0.1360759493670886
1 0.3825593952483801 0.9071729957805907 0.010259179265658747 0.03375527426160337
10 0.3199244060475162 0.9182489451476793 0.066414686825054 0.11919831223628692
1 0.39497840172786175 0.9098101265822784 0.012419006479481642 0.04113924050632911
4 0.15172786177105832 0.955168776371308 0.03995680345572354 0.08966244725738397
13 0.20113390928725702 0.9498945147679325 0.010259179265658747 0.03481012658227848
20 0.26700863930885527 0.9620253164556962 0.044816414686825054 0.07172995780590717
13 0.2068034557235421 0.9767932489451476 0.017278617710583154 0.02109704641350211
19 0.42602591792656586 0.9440928270042194 0.032397408207343416 0.05063291139240506
13 0.660097192224622 0.9098101265822784 0.1808855291576674 0.1571729957805907
19 0.47003239740820735 0.9462025316455697 0.03185745140388769 0.05063291139240506
18 0.5593952483801296 0.9340717299578059 0.028077753779697623 0.0938818565400844
12 0.03212742980561555 0.10812236286919831 0.01673866090712743 0.020042194092827006
4 0.9173866090712743 0.04272151898734177 0.12958963282937366 0.08544303797468354
11 0.39146868250539957 0.061708860759493674 0.01511879049676026 0.04746835443037975
11 0.4330453563714903 0.05379746835443038 0.0183585313174946 0.05907172995780591
11 0.40496760259179265 0.06065400843881857 0.01511879049676026 0.05168776371308017
11 0.41846652267818574 0.05748945147679325 0.01511879049676026 0.05168776371308017
1 0.4813714902807775 0.047995780590717296 0.014578833693304536 0.011603375527426161
11 0.2972462203023758 0.084915611814346 0.022138228941684664 0.07911392405063292
4 0.3453023758099352 0.0770042194092827 0.0826133909287257 0.06540084388185655
11 0.2691684665226782 0.09124472573839662 0.022138228941684664 0.07911392405063292
11 0.24163066954643628 0.09651898734177215 0.022138228941684664 0.07911392405063292
11 0.2551295896328294 0.09440928270042194 0.022138228941684664 0.07911392405063292
11 0.28266738660907126 0.08913502109704641 0.022138228941684664 0.07911392405063292
9 0.46274298056155505 0.06223628691983123 0.011879049676025918 0.02531645569620253
4 0.5653347732181425 0.0490506329113924 0.132829373650108 0.06223628691983123
17 0.033207343412527 0.13976793248945146 0.017818574514038878 0.022151898734177215
4 0.08882289416846652 0.15031645569620253 0.03941684665226782 0.09599156118143459
17 0.034287257019438445 0.169831223628692 0.017818574514038878 0.023206751054852322
4 0.1722462203023758 0.15242616033755274 0.04427645788336933 0.13818565400843882
12 0.03590712742980562 0.22521097046413502 0.017818574514038878 0.022151898734177215
4 0.09233261339092873 0.23417721518987342 0.03995680345572354 0.08649789029535865
18 0.0021598272138228943 0.26054852320675104 0.004319654427645789 0.10337552742616034
17 0.036987041036717065 0.2568565400843882 0.017818574514038878 0.020042194092827006
17 0.2942764578833693 0.2231012658227848 0.011879049676025918 0.03481012658227848
17 0.3069654427645788 0.22151898734177214 0.011339092872570195 0.03375527426160337
17 0.03779697624190065 0.29061181434599154 0.017278617710583154 0.022151898734177215
4 0.1773758099352052 0.27637130801687765 0.04265658747300216 0.11181434599156118
4 0.09530237580993521 0.3159282700421941 0.041576673866090715 0.08755274261603375
12 0.040226781857451405 0.3470464135021097 0.017818574514038878 0.023206751054852322
18 0.004319654427645789 0.38449367088607594 0.008639308855291577 0.10443037974683544
17 0.041576673866090715 0.37869198312236285 0.017278617710583154 0.02109704641350211
4 0.9271058315334774 0.2320675105485232 0.13390928725701945 0.2510548523206751
17 0.04265658747300216 0.41139240506329117 0.017278617710583154 0.02109704641350211
19 0.10286177105831533 0.41824894514767935 0.032937365010799136 0.049578059071729956
12 0.04373650107991361 0.4699367088607595 0.0183585313174946 0.022151898734177215
4 0.37958963282937364 0.44356540084388185 0.12311015118790497 0.07911392405063292
18 0.0064794816414686825 0.509493670886076 0.012958963282937365 0.10337552742616034
17 0.04535637149028078 0.5026371308016878 0.017278617710583154 0.022151898734177215
1 0.15766738660907129 0.5121308016877637 0.012958963282937365 0.039029535864978905
17 0.04643628509719223 0.5358649789029536 0.0183585313174946 0.023206751054852322
4 0.21058315334773217 0.5237341772151899 0.047516198704103674 0.1909282700421941
17 0.14794816414686826 0.5453586497890295 0.016198704103671708 0.02109704641350211
1 0.12661987041036718 0.554324894514768 0.011339092872570195 0.03481012658227848