4 0.40125601282736506 0.5229405630865485 0.10823089257081775 0.05526590198123045
4 0.4728754676643506 0.05265901981230448 0.035542490646712985 0.06777893639207508
16 0.1905398182789952 0.531021897810219 0.014965259219668627 0.01824817518248175
16 0.14230358097274184 0.5404066736183525 0.015232495991448424 0.01824817518248175
9 0.1632816675574559 0.549791449426486 0.02084446819882416 0.022419186652763295
16 0.1905398182789952 0.549791449426486 0.014965259219668627 0.017205422314911366
4 0.047969000534473547 0.5722106360792493 0.055852485301977554 0.10792492179353493
16 0.17089791555318012 0.5784671532846716 0.00935328701229289 0.029718456725755994
9 0.5967397113842865 0.5802919708029197 0.27311598075895244 0.4483837330552659
4 0.7557455905932656 0.5810740354535975 0.03955104222340994 0.22471324296141815
7 0.19040619989310528 0.5873305526590198 0.01630144307856761 0.05578727841501564
4 0.4001870657402459 0.6016684045881127 0.10929983965793694 0.05213764337851929
4 0.9226349545697488 0.605318039624609 0.14350614644575094 0.20959332638164754
2 0.09780865847140567 0.6061001042752867 0.0085515766969535 0.030761209593326382
9 0.138161411010155 0.6180917622523462 0.05130946018172101 0.08706986444212722
2 0.10729556386958845 0.618873826903024 0.008818813468733297 0.0364963503649635
9 0.2076429716729022 0.6191345151199166 0.018172100481026188 0.04223149113660062
16 0.4458845537145911 0.06204379562043796 0.017370390165686797 0.05735140771637122
2 0.08270978086584714 0.6225234619395204 0.008818813468733297 0.03023983315954119
2 0.22274184927846072 0.6230448383733055 0.008818813468733297 0.029197080291970802
2 0.232896846606093 0.6233055265901981 0.008284339925173703 0.030761209593326382
10 0.094735435595938 0.6300834202294057 0.015232495991448424 0.01616266944734098
2 0.18011758417958312 0.6345151199165797 0.009086050240513094 0.029197080291970802
2 0.19107429182255478 0.6345151199165797 0.010689470871191877 0.03336809176225235
4 0.398717263495457 0.6720542231491137 0.10849812934259755 0.051094890510948905
2 0.14096739711384287 0.6801355578727841 0.015232495991448424 0.017205422314911366
2 0.12373062533404597 0.6845672575599583 0.009620523784072688 0.03023983315954119
4 0.04569748797434527 0.7051616266944735 0.056654195617316945 0.10896767466110532
7 0.17677712453233566 0.7082898852971846 0.05638695884553715 0.102711157455683
2 0.2741849278460716 0.7356621480709072 0.03260288615713522 0.03128258602711158
2 0.3365847140566542 0.764859228362878 0.016835916622127203 0.06569343065693431
5 0.30758952431854625 0.7791970802919708 0.020309994655264563 0.07247132429614181
19 0.2667022982362373 0.07898852971845673 0.027258150721539285 0.04223149113660062
16 0.23062533404596472 0.7937956204379562 0.009086050240513094 0.029718456725755994
13 0.23997862105825762 0.7943169968717414 0.009086050240513094 0.030761209593326382
2 0.22100481026189203 0.794577685088634 0.008017103153393906 0.03023983315954119
2 0.25601282736504544 0.7974452554744526 0.008017103153393906 0.029718456725755994
7 0.17450561197220738 0.8031803962460897 0.056654195617316945 0.08602711157455684
11 0.39283805451630144 0.8214285714285714 0.025654730090860504 0.06830031282586027
16 0.28193479422768575 0.821689259645464 0.016568679850347406 0.07612095933263817
4 0.41261357562800643 0.8227320125130344 0.013361838588989846 0.06882168925964546
16 0.22020309994655266 0.8313347236704901 0.010154997327632281 0.029718456725755994
9 0.24371993586317478 0.8318561001042752 0.025654730090860504 0.032846715328467155
5 0.13602351683591662 0.837851929092805 0.021378941742383754 0.072992700729927
4 0.5372795296632816 0.8425443169968717 0.035542490646712985 0.07612095933263817
19 0.4596472474612507 0.8532325338894682 0.027258150721539285 0.04118873826903024
16 0.22781934794227685 0.8592283628779979 0.015232495991448424 0.016684045881126174
4 0.923703901656868 0.8686131386861314 0.1467129877071085 0.21480709071949947
2 0.25253874933190806 0.8686131386861314 0.010154997327632281 0.03023983315954119
4 0.06253340459647247 0.87148070907195 0.11651523249599145 0.1673618352450469
2 0.3870924639230358 0.8725234619395204 0.008284339925173703 0.029718456725755994
10 0.33030464991982894 0.872784150156413 0.05611972207375735 0.09906152241918666
2 0.39831640833778725 0.8766944734098019 0.009887760555852484 0.03597497393117831
4 0.17731159807589525 0.879822732012513 0.032870122928915016 0.07559958289885298
13 0.22194013896312131 0.8829509906152242 0.008284339925173703 0.030761209593326382
16 0.23062533404596472 0.8834723670490093 0.008017103153393906 0.029718456725755994
20 0.28086584714056656 0.9035453597497393 0.03848209513629075 0.058394160583941604
13 0.22568145376803847 0.9087591240875912 0.015232495991448424 0.016684045881126174
19 0.45911277391769106 0.9116266944734098 0.027258150721539285 0.04223149113660062
19 0.4251737039016569 0.912148070907195 0.02779262426509888 0.04118873826903024
13 0.636825227151256 0.9191866527632951 0.15873864243719935 0.11783107403545359
18 0.5459647247461251 0.9244004171011471 0.02244788882950294 0.08133472367049009
19 0.190807055050775 0.9718456725755996 0.026189203634420097 0.04171011470281543
19 0.16221272047033672 0.97288842544317 0.02779262426509888 0.03962460896767466
16 0.10475681453768039 0.9801876955161627 0.014965259219668627 0.017726798748696558
12 0.0861838588989845 0.9804483837330553 0.01469802244788883 0.01824817518248175
12 0.1035542490646713 0.09958289885297185 0.01469802244788883 0.01564129301355579
4 0.9202298236237306 0.10427528675703858 0.14083377872795297 0.20229405630865485
11 0.4295831106360235 0.11261730969760167 0.012025654730090861 0.04171011470281543
11 0.4672634954569749 0.11287799791449427 0.014163548904329236 0.0516162669447341
11 0.45430251202565475 0.11339937434827946 0.011758417958311064 0.04640250260688217
11 0.44174238375200425 0.11366006256517205 0.011758417958311064 0.04483837330552659
2 0.5108230892570818 0.11470281543274244 0.013094601817210049 0.009384775808133473
18 0.04850347407803314 0.11913451511991657 0.047300908605024054 0.09228362877997914
11 0.3432656333511491 0.11965589155370178 0.017370390165686797 0.06934306569343066
4 0.3870924639230358 0.11991657977059438 0.07295563869588455 0.04692387904066736
11 0.318412613575628 0.12017726798748697 0.017370390165686797 0.06934306569343066
11 0.2924906467129877 0.12122002085505736 0.017370390165686797 0.06934306569343066
11 0.30531801175841794 0.12122002085505736 0.017370390165686797 0.06934306569343066
11 0.33017103153393906 0.12174139728884255 0.017370390165686797 0.06934306569343066
9 0.4938535542490647 0.1246089676746611 0.010154997327632281 0.021897810218978103
4 0.586851950828434 0.12799791449426487 0.11918760021378942 0.0370177267987487
16 0.10315339390700161 0.12799791449426487 0.016034206306787813 0.017205422314911366
4 0.15312667022982362 0.1465067778936392 0.03260288615713522 0.08237747653806048
16 0.10315339390700161 0.15615224191866528 0.01549973276322822 0.01824817518248175
4 0.22848743987172634 0.1613660062565172 0.034740780331373594 0.11939520333680918
12 0.10208444681988242 0.205422314911366 0.016034206306787813 0.017726798748696558
4 0.15285943345804381 0.22210636079249219 0.03367183324425441 0.072992700729927
18 0.04676643506146446 0.23096976016684045 0.04703367183324426 0.08967674661105318
16 0.10208444681988242 0.233837330552659 0.016034206306787813 0.01616266944734098
16 0.3352485301977552 0.2429614181438999 0.00935328701229289 0.03023983315954119
16 0.34700694815606625 0.24426485922836289 0.008818813468733297 0.029718456725755994
16 0.10154997327632283 0.2640771637122002 0.01549973276322822 0.017205422314911366
4 0.22755211117049706 0.2726798748696559 0.03500801710315339 0.09593326381647549
4 0.15205772314270444 0.2966631908237748 0.034740780331373594 0.0740354535974974
12 0.10114911811865313 0.3162148070907195 0.015232495991448424 0.01824817518248175
18 0.04516301443078568 0.34306569343065696 0.04756814537680385 0.09071949947862357
16 0.10114911811865313 0.34462982273201254 0.015232495991448424 0.016684045881126174
4 0.9207642971672902 0.3477580813347237 0.14350614644575094 0.20855057351407716
19 0.6321485836451096 0.03571428571428571 0.0259219668626403 0.03910323253388947
19 0.09714056654195617 0.03571428571428571 0.02859433458043827 0.04118873826903024
19 0.6715660074826296 0.0364963503649635 0.02672367717797969 0.03753910323253389
16 0.10061464457509353 0.3738269030239833 0.015232495991448424 0.016684045881126174
11 0.19508284339925175 0.03779979144942649 0.03367183324425441 0.07559958289885298
0 0.27044361304115444 0.038060479666319084 0.0432923570283271 0.03962460896767466
19 0.5610636023516836 0.03884254431699687 0.025387493319080707 0.040145985401459854
19 0.24572421165152325 0.3876433785192909 0.026456440406199894 0.038060479666319084
19 0.21606092998396578 0.38790406673618355 0.027525387493319082 0.040667361835245046
19 0.1548637092463923 0.3892075078206465 0.02859433458043827 0.040145985401459854
12 0.09954569748797434 0.42752867570385816 0.01630144307856761 0.017726798748696558
4 0.4028594334580438 0.45490093847758084 0.10983431320149653 0.053701772679874867
18 0.04396044895777659 0.45542231491136603 0.04783538214858365 0.09019812304483837
16 0.09967931587386425 0.4569864442127216 0.01549973276322822 0.017205422314911366
16 0.09981293425975414 0.4861835245046924 0.015766969535008016 0.01824817518248175
4 0.24772848743987172 0.5010427528675704 0.03580972741849278 0.16684045881126172
16 0.19040619989310528 0.5114702815432742 0.014163548904329236 0.017726798748696558
2 0.17076429716729022 0.516162669447341 0.009086050240513094 0.03128258602711158