9 0.6654697785757032 0.33685220729366605 0.14542190305206462 0.1580294305822137
9 0.3402154398563734 0.3390914907229686 0.19150209455415917 0.13307741522712732
2 0.1713046080191502 0.36580294305822136 0.05415918611609814 0.025911708253358926
16 0.49685816876122085 0.39619321817018555 0.02423698384201077 0.05854126679462572
2 0.5275284260921603 0.39715291106845807 0.02573309395571514 0.060460652591170824
2 0.8526331538001197 0.4056301983365323 0.02244165170556553 0.05694177863083813
14 0.0620885697187313 0.44865642994241844 0.07031717534410532 0.8166986564299424
14 0.9386594853381209 0.45633397312859886 0.059844404548174746 0.8166986564299424
16 0.293836026331538 0.4844849648112604 0.054458408138839016 0.029750479846449136
16 0.29248952722920407 0.5188739603326935 0.05415918611609814 0.02943058221369162
16 0.29248952722920407 0.5193538067818299 0.055954518252543384 0.028470889315419065
3 0.1862657091561939 0.5206333973128598 0.1002393776181927 0.11932181701855406
2 0.31717534410532616 0.6015674984005118 0.03231597845601436 0.07197696737044146
9 0.8062537402752843 0.6212412028150992 0.08408138839018552 0.14971209213051823
9 0.4986535008976661 0.6265195137555982 0.29353680430879714 0.31829814459373
2 0.24640933572710952 0.7343250159948816 0.03141831238779174 0.0726167626359565
2 0.8538300418910831 0.8173384516954575 0.05415918611609814 0.027511196417146513
2 0.7139437462597247 0.8186180422264875 0.029922202274087373 0.07165706973768395
2 0.6766906044284859 0.8190978886756238 0.03141831238779174 0.0726167626359565
2 0.7467085577498503 0.8211772232885477 0.026032315978456014 0.061420345489443376
9 0.7863554757630161 0.8402111324376199 0.043686415320167565 0.04062699936020473
2 0.5757031717534411 0.8458093410108766 0.025134649910233394 0.05886116442738324
2 0.605475763016158 0.8458093410108766 0.02663076002393776 0.05886116442738324
2 0.6342010771992819 0.8470889315419066 0.02423698384201077 0.05950095969289827
2 0.8557749850388988 0.8549264235444658 0.06642728904847396 0.03550863723608445
4 0.6829742669060442 0.08973128598848369 0.17624177139437464 0.16794625719769674
14 0.5408438061041293 0.9208253358925144 0.8447037701974865 0.06877799104286628
9 0.48922800718132853 0.11276391554702495 0.06882106523040096 0.05470249520153551
10 0.4026032315978456 0.11372360844529751 0.06852184320766008 0.07709532949456174
16 0.5481747456612807 0.11516314779270634 0.02872531418312388 0.0582213691618682
2 0.34799521244763615 0.11564299424184261 0.033512866546977854 0.07133717210492642
11 0.2102034709754638 0.11932181701855406 0.09784560143626571 0.06653870761356366
4 0.27947336923997607 0.12476007677543186 0.04308797127468582 0.05566218809980806
2 0.7971274685816876 0.15547024952015356 0.02752842609216038 0.060140754958413305
16 0.533213644524237 0.1700255918106206 0.05505685218432076 0.028470889315419065
16 0.3891382405745063 0.195617402431222 0.05655296229802514 0.025911708253358926
16 0.4473369239976062 0.19705694177863084 0.05505685218432076 0.030070377479206652
16 0.5323159784560144 0.19833653230966092 0.05326152004787552 0.02943058221369162
4 0.8595152603231598 0.23064619321817018 0.03800119688809096 0.2507997440818938
9 0.5305206463195691 0.27959053103007037 0.0831837223219629 0.11900191938579655
3 0.7894973070017953 0.31461932181701857 0.07510472770795931 0.24472168905950095