21 0.49583333333333335 0.22049180327868853 0.041666666666666664 0.02459016393442623
4 0.3275 0.24754098360655738 0.095 0.05573770491803279
13 0.4116666666666667 0.24016393442622952 0.04 0.02459016393442623
13 0.4125 0.2614754098360656 0.041666666666666664 0.021311475409836064
1 0.7983333333333333 0.24180327868852458 0.043333333333333335 0.02459016393442623
13 0.415 0.2827868852459016 0.04 0.021311475409836064
21 0.7066666666666667 0.2581967213114754 0.023333333333333334 0.040983606557377046
21 0.3875 0.2975409836065574 0.021666666666666667 0.03770491803278689
21 0.545 0.2983606557377049 0.023333333333333334 0.03934426229508197
21 0.20666666666666667 0.3319672131147541 0.04 0.02459016393442623
21 0.5441666666666667 0.33852459016393444 0.03833333333333333 0.021311475409836064
1 0.6841666666666667 0.3418032786885246 0.10833333333333334 0.07049180327868852
21 0.45916666666666667 0.3639344262295082 0.028333333333333332 0.03934426229508197
14 0.0375 0.4278688524590164 0.075 0.3475409836065574
1 0.5766666666666667 0.38524590163934425 0.043333333333333335 0.07540983606557378
21 0.49166666666666664 0.40491803278688526 0.04 0.02622950819672131
21 0.37833333333333335 0.4163934426229508 0.04 0.022950819672131147
21 0.49583333333333335 0.4245901639344262 0.03833333333333333 0.022950819672131147
17 0.42916666666666664 0.4377049180327869 0.021666666666666667 0.03934426229508197
21 0.31833333333333336 0.46967213114754097 0.023333333333333334 0.03770491803278689
21 0.25416666666666665 0.48688524590163934 0.021666666666666667 0.036065573770491806
17 0.43333333333333335 0.4737704918032787 0.023333333333333334 0.036065573770491806
10 0.525 0.4663934426229508 0.03 0.05737704918032787
21 0.505 0.4704918032786885 0.023333333333333334 0.03934426229508197
10 0.375 0.48442622950819675 0.03 0.054098360655737705
20 0.73 0.45491803278688525 0.05 0.04426229508196721
21 0.32916666666666666 0.49508196721311476 0.03833333333333333 0.022950819672131147
21 0.4058333333333333 0.5065573770491804 0.03833333333333333 0.019672131147540985
17 0.4816666666666667 0.5016393442622951 0.04 0.022950819672131147
1 0.44333333333333336 0.5057377049180328 0.03666666666666667 0.02459016393442623
17 0.7308333333333333 0.4967213114754098 0.041666666666666664 0.022950819672131147
21 0.5525 0.5139344262295082 0.041666666666666664 0.027868852459016394
21 0.5091666666666667 0.521311475409836 0.025 0.03934426229508197
17 0.43583333333333335 0.5352459016393443 0.025 0.03770491803278689
21 0.3525 0.5434426229508197 0.041666666666666664 0.02459016393442623
17 0.775 0.5237704918032787 0.02 0.040983606557377046
17 0.8016666666666666 0.5237704918032787 0.023333333333333334 0.03770491803278689
4 0.4725 0.07377049180327869 0.945 0.14754098360655737
17 0.5133333333333333 0.5598360655737705 0.02666666666666667 0.040983606557377046
21 0.44 0.5704918032786885 0.02666666666666667 0.036065573770491806
17 0.36 0.5836065573770491 0.04 0.022950819672131147
21 0.2916666666666667 0.5950819672131148 0.02666666666666667 0.03934426229508197
21 0.42333333333333334 0.6065573770491803 0.023333333333333334 0.03934426229508197
21 0.6 0.6098360655737705 0.02666666666666667 0.03934426229508197
21 0.465 0.6368852459016393 0.023333333333333334 0.03770491803278689
4 0.06 0.6959016393442623 0.07666666666666666 0.14918032786885246
1 0.5458333333333333 0.7081967213114754 0.07166666666666667 0.10491803278688525
17 0.355 0.7745901639344263 0.023333333333333334 0.040983606557377046
17 0.39 0.7729508196721312 0.02666666666666667 0.04426229508196721
17 0.5333333333333333 0.7745901639344263 0.04 0.02459016393442623
1 0.8175 0.7836065573770492 0.105 0.07213114754098361
21 0.595 0.8065573770491803 0.023333333333333334 0.036065573770491806
9 0.545 0.8131147540983606 0.06 0.05573770491803279
21 0.49666666666666665 0.8278688524590164 0.02666666666666667 0.03934426229508197
4 0.5275 0.9295081967213115 0.9416666666666667 0.1377049180327869