21 0.5654362416107382 0.2268976897689769 0.0436241610738255 0.028052805280528052
4 0.3951342281879195 0.2136963696369637 0.09899328859060402 0.06105610561056106
13 0.4773489932885906 0.22772277227722773 0.04194630872483222 0.026402640264026403
13 0.47231543624161076 0.24834983498349836 0.04194630872483222 0.024752475247524754
1 0.8548657718120806 0.320957095709571 0.04530201342281879 0.028052805280528052
13 0.4697986577181208 0.26897689768976896 0.040268456375838924 0.0231023102310231
21 0.761744966442953 0.31518151815181517 0.026845637583892617 0.0429042904290429
21 0.4395973154362416 0.2764026402640264 0.02348993288590604 0.037953795379537955
21 0.5931208053691275 0.31600660066006603 0.025167785234899327 0.041254125412541254
21 0.2558724832214765 0.26732673267326734 0.04194630872483222 0.026402640264026403
21 0.5830536912751678 0.3547854785478548 0.03859060402684564 0.0231023102310231
1 0.7189597315436241 0.39026402640264024 0.11241610738255034 0.07755775577557755
21 0.49328859060402686 0.3589108910891089 0.030201342281879196 0.041254125412541254
14 0.057885906040268456 0.3184818481848185 0.11241610738255034 0.34983498349834985
1 0.6031879194630873 0.4084158415841584 0.04865771812080537 0.07755775577557755
21 0.514261744966443 0.4067656765676568 0.04194630872483222 0.028052805280528052
21 0.40184563758389263 0.3919141914191419 0.04194630872483222 0.024752475247524754
21 0.5134228187919463 0.4265676567656766 0.040268456375838924 0.024752475247524754
17 0.4463087248322148 0.4240924092409241 0.02348993288590604 0.039603960396039604
21 0.3296979865771812 0.4273927392739274 0.025167785234899327 0.039603960396039604
21 0.2634228187919463 0.4306930693069307 0.02348993288590604 0.036303630363036306
17 0.44043624161073824 0.45957095709570955 0.025167785234899327 0.037953795379537955
10 0.5318791946308725 0.4752475247524752 0.03355704697986577 0.0594059405940594
21 0.5109060402684564 0.4744224422442244 0.025167785234899327 0.041254125412541254
10 0.3808724832214765 0.4570957095709571 0.03355704697986577 0.056105610561056105
20 0.7365771812080537 0.5123762376237624 0.053691275167785234 0.04785478547854786
21 0.3338926174496644 0.45627062706270627 0.040268456375838924 0.024752475247524754
21 0.40687919463087246 0.485973597359736 0.03859060402684564 0.02145214521452145
17 0.48070469798657717 0.4975247524752475 0.04194630872483222 0.024752475247524754
1 0.4437919463087248 0.4933993399339934 0.03859060402684564 0.026402640264026403
17 0.7265100671140939 0.5544554455445545 0.0436241610738255 0.026402640264026403
21 0.5469798657718121 0.5272277227722773 0.0436241610738255 0.03135313531353135
21 0.5033557046979866 0.5255775577557755 0.026845637583892617 0.041254125412541254
17 0.4278523489932886 0.5198019801980198 0.026845637583892617 0.039603960396039604
21 0.34395973154362414 0.509075907590759 0.0436241610738255 0.028052805280528052
17 0.7634228187919463 0.5915841584158416 0.02348993288590604 0.041254125412541254
17 0.7894295302013423 0.5973597359735974 0.025167785234899327 0.039603960396039604
4 0.5385906040268457 0.09158415841584158 0.9194630872483222 0.18316831683168316
17 0.4983221476510067 0.5643564356435643 0.030201342281879196 0.0429042904290429
21 0.4236577181208054 0.556930693069307 0.028523489932885907 0.037953795379537955
17 0.3414429530201342 0.5486798679867987 0.04194630872483222 0.024752475247524754
21 0.2726510067114094 0.5437293729372937 0.028523489932885907 0.041254125412541254
21 0.39848993288590606 0.5866336633663366 0.025167785234899327 0.041254125412541254
21 0.5696308724832215 0.6328382838283828 0.028523489932885907 0.041254125412541254
21 0.4320469798657718 0.6270627062706271 0.025167785234899327 0.039603960396039604
4 0.031879194630872486 0.5874587458745875 0.06375838926174497 0.1551155115511551
1 0.4941275167785235 0.7161716171617162 0.07885906040268456 0.10891089108910891
17 0.2902684563758389 0.7343234323432343 0.026845637583892617 0.0429042904290429
17 0.3238255033557047 0.7425742574257426 0.030201342281879196 0.0462046204620462
17 0.46560402684563756 0.7788778877887789 0.04194630872483222 0.026402640264026403
1 0.7390939597315436 0.8547854785478548 0.10906040268456375 0.07920792079207921
21 0.5159395973154363 0.8226072607260726 0.025167785234899327 0.037953795379537955
9 0.46560402684563756 0.8184818481848185 0.06208053691275168 0.0594059405940594
21 0.4152684563758389 0.820957095709571 0.028523489932885907 0.041254125412541254
4 0.4546979865771812 0.9133663366336634 0.9093959731543624 0.16996699669966997