21 0.52 0.22049180327868853 0.04 0.021311475409836064
4 0.35083333333333333 0.2336065573770492 0.09166666666666666 0.047540983606557376
13 0.43416666666666665 0.2336065573770492 0.03833333333333333 0.021311475409836064
13 0.43333333333333335 0.25491803278688524 0.04 0.018032786885245903
2 0.8208333333333333 0.2680327868852459 0.041666666666666664 0.021311475409836064
13 0.43416666666666665 0.2762295081967213 0.03833333333333333 0.018032786885245903
21 0.7266666666666667 0.27704918032786885 0.02 0.03934426229508197
21 0.4058333333333333 0.28852459016393445 0.018333333333333333 0.036065573770491806
21 0.5616666666666666 0.30245901639344264 0.02 0.03770491803278689
21 0.2225 0.3073770491803279 0.03833333333333333 0.021311475409836064
21 0.5583333333333333 0.3434426229508197 0.03666666666666667 0.018032786885245903
2 0.6966666666666667 0.35737704918032787 0.10333333333333333 0.06229508196721312
21 0.4708333333333333 0.3598360655737705 0.025 0.03770491803278689
14 0.0375 0.3877049180327869 0.058333333333333334 0.34262295081967215
2 0.5866666666666667 0.3918032786885246 0.03666666666666667 0.07213114754098361
21 0.49916666666666665 0.40491803278688526 0.03833333333333333 0.022950819672131147
21 0.3858333333333333 0.4065573770491803 0.03833333333333333 0.019672131147540985
21 0.5016666666666667 0.4245901639344262 0.03666666666666667 0.019672131147540985
16 0.43416666666666665 0.4319672131147541 0.018333333333333333 0.03770491803278689
21 0.32166666666666666 0.4540983606557377 0.02 0.036065573770491806
21 0.2575 0.4663934426229508 0.018333333333333333 0.03442622950819672
16 0.435 0.4680327868852459 0.02 0.03442622950819672
10 0.5275 0.46885245901639344 0.025 0.05573770491803279
21 0.5066666666666667 0.4713114754098361 0.02 0.03770491803278689
10 0.37583333333333335 0.4737704918032787 0.025 0.05245901639344262
20 0.7333333333333333 0.4745901639344262 0.04666666666666667 0.040983606557377046
21 0.33 0.48032786885245904 0.03666666666666667 0.019672131147540985
21 0.4066666666666667 0.49836065573770494 0.03666666666666667 0.01639344262295082
16 0.48083333333333333 0.5 0.03833333333333333 0.019672131147540985
2 0.44416666666666665 0.5008196721311475 0.035 0.021311475409836064
16 0.73 0.5163934426229508 0.04 0.019672131147540985
21 0.55 0.5172131147540984 0.04 0.02459016393442623
21 0.5075 0.5221311475409836 0.021666666666666667 0.03770491803278689
16 0.4325 0.5295081967213114 0.021666666666666667 0.036065573770491806
21 0.34833333333333333 0.530327868852459 0.04 0.021311475409836064
16 0.7716666666666666 0.5475409836065573 0.016666666666666666 0.03934426229508197
16 0.7983333333333333 0.5491803278688525 0.02 0.036065573770491806
4 0.49666666666666665 0.05573770491803279 0.9666666666666667 0.09508196721311475
16 0.5083333333333333 0.5606557377049181 0.023333333333333334 0.03934426229508197
21 0.435 0.5647540983606557 0.023333333333333334 0.03442622950819672
16 0.3525 0.5704918032786885 0.03833333333333333 0.019672131147540985
21 0.2833333333333333 0.5762295081967214 0.023333333333333334 0.03770491803278689
21 0.415 0.5991803278688524 0.02 0.03770491803278689
21 0.59 0.6188524590163934 0.023333333333333334 0.03770491803278689
21 0.4533333333333333 0.6327868852459017 0.02 0.036065573770491806
4 0.043333333333333335 0.6573770491803279 0.06333333333333334 0.14426229508196722
2 0.5283333333333333 0.7106557377049181 0.06333333333333334 0.1
16 0.33166666666666667 0.760655737704918 0.02 0.03934426229508197
16 0.365 0.7622950819672131 0.023333333333333334 0.04262295081967213
16 0.5091666666666667 0.7762295081967213 0.03833333333333333 0.021311475409836064
2 0.79 0.8106557377049181 0.1 0.06393442622950819
21 0.5666666666666667 0.8122950819672131 0.02 0.03442622950819672
9 0.5175 0.8155737704918032 0.055 0.05081967213114754
21 0.4666666666666667 0.8254098360655737 0.023333333333333334 0.03770491803278689
4 0.4975 0.9467213114754098 0.9583333333333334 0.08688524590163935