21 0.5821678321678322 0.20086206896551725 0.045454545454545456 0.029310344827586206
4 0.40559440559440557 0.18189655172413793 0.1048951048951049 0.06724137931034482
13 0.49213286713286714 0.19741379310344828 0.043706293706293704 0.029310344827586206
13 0.486013986013986 0.21982758620689655 0.045454545454545456 0.02586206896551724
1 0.881993006993007 0.3086206896551724 0.0472027972027972 0.03103448275862069
13 0.4833916083916084 0.24224137931034484 0.043706293706293704 0.02586206896551724
21 0.7832167832167832 0.3 0.027972027972027972 0.04482758620689655
21 0.45017482517482516 0.2482758620689655 0.026223776223776224 0.041379310344827586
21 0.6083916083916084 0.2939655172413793 0.027972027972027972 0.04310344827586207
21 0.25786713286713286 0.23189655172413792 0.043706293706293704 0.029310344827586206
21 0.5979020979020979 0.3353448275862069 0.04195804195804196 0.02586206896551724
1 0.736013986013986 0.3767241379310345 0.11888111888111888 0.08448275862068966
21 0.5043706293706294 0.3353448275862069 0.033216783216783216 0.04310344827586207
14 0.05944055944055944 0.2810344827586207 0.11888111888111888 0.36551724137931035
1 0.6171328671328671 0.3905172413793103 0.05244755244755245 0.08103448275862069
21 0.5236013986013986 0.38620689655172413 0.043706293706293704 0.03103448275862069
21 0.40646853146853146 0.36724137931034484 0.043706293706293704 0.027586206896551724
21 0.5227272727272727 0.4086206896551724 0.04195804195804196 0.027586206896551724
17 0.4519230769230769 0.4025862068965517 0.026223776223776224 0.04310344827586207
21 0.3304195804195804 0.4017241379310345 0.027972027972027972 0.041379310344827586
21 0.26136363636363635 0.4025862068965517 0.026223776223776224 0.039655172413793106
17 0.44405594405594406 0.44051724137931036 0.027972027972027972 0.039655172413793106
10 0.5393356643356644 0.4586206896551724 0.03671328671328671 0.06206896551724138
21 0.5174825174825175 0.45775862068965517 0.027972027972027972 0.04310344827586207
10 0.381993006993007 0.43448275862068964 0.03671328671328671 0.05862068965517241
20 0.75 0.5051724137931034 0.055944055944055944 0.05172413793103448
21 0.3339160839160839 0.43103448275862066 0.04195804195804196 0.027586206896551724
21 0.4090909090909091 0.46551724137931033 0.04195804195804196 0.02413793103448276
17 0.48513986013986016 0.4810344827586207 0.043706293706293704 0.027586206896551724
1 0.44667832167832167 0.475 0.04020979020979021 0.029310344827586206
17 0.7395104895104895 0.5482758620689655 0.045454545454545456 0.027586206896551724
21 0.5524475524475524 0.5129310344827587 0.045454545454545456 0.032758620689655175
21 0.5078671328671329 0.5094827586206897 0.02972027972027972 0.04310344827586207
17 0.4291958041958042 0.5017241379310344 0.02972027972027972 0.041379310344827586
21 0.34265734265734266 0.4870689655172414 0.045454545454545456 0.029310344827586206
17 0.7744755244755245 0.5887931034482758 0.024475524475524476 0.04310344827586207
17 0.8024475524475524 0.5948275862068966 0.027972027972027972 0.041379310344827586
4 0.5454545454545454 0.08620689655172414 0.9055944055944056 0.1724137931034483
17 0.5017482517482518 0.55 0.03146853146853147 0.04482758620689655
21 0.42482517482517484 0.5387931034482759 0.03146853146853147 0.039655172413793106
17 0.3382867132867133 0.5293103448275862 0.043706293706293704 0.027586206896551724
21 0.26573426573426573 0.521551724137931 0.03146853146853147 0.04310344827586207
21 0.3968531468531469 0.571551724137931 0.027972027972027972 0.04310344827586207
21 0.5734265734265734 0.625 0.03146853146853147 0.04310344827586207
21 0.43006993006993005 0.6137931034482759 0.027972027972027972 0.041379310344827586
4 0.026223776223776224 0.5594827586206896 0.05244755244755245 0.16379310344827586
1 0.49038461538461536 0.7077586206896552 0.08566433566433566 0.11551724137931034
17 0.27797202797202797 0.7206896551724138 0.027972027972027972 0.04482758620689655
17 0.3120629370629371 0.7293103448275862 0.033216783216783216 0.04827586206896552
17 0.4589160839160839 0.7732758620689655 0.043706293706293704 0.029310344827586206
1 0.7412587412587412 0.8620689655172413 0.11538461538461539 0.08620689655172414
21 0.5104895104895105 0.821551724137931 0.027972027972027972 0.039655172413793106
9 0.458041958041958 0.8146551724137931 0.06643356643356643 0.06379310344827586
21 0.40384615384615385 0.8146551724137931 0.03146853146853147 0.04310344827586207
4 0.4554195804195804 0.9025862068965518 0.9108391608391608 0.19137931034482758